Тестовая информация 0. Исходные сенсорные данные: Time, X_rob, Y_rob, Ang_rob, X_obj, Y_obj, Distance (мм, град)
17:57:22.687 -1500.2 0.0 135.0 n/a n/a n/a
17:57:22.781 -1500.2 0.0 135.0 n/a n/a n/a
17:57:22.875 -1500.2 0.0 135.0 n/a n/a n/a
17:57:22.968 -1500.2 0.0 135.0 n/a n/a n/a
17:57:23.062 -1500.2 0.0 135.0 n/a n/a n/a
17:57:23.156 -1500.2 0.0 135.0 n/a n/a n/a
17:57:23.250 -1500.2 0.0 135.0 n/a n/a n/a
17:57:23.343 -1500.2 0.0 134.8 n/a n/a n/a
17:57:23.390 -1500.2 0.0 134.8 n/a n/a n/a
17:57:23.437 -1500.2 0.0 134.6 n/a n/a n/a
17:57:23.531 -1500.2 0.0 134.1 n/a n/a n/a
17:57:23.625 -1500.2 0.0 133.7 n/a n/a n/a
17:57:23.718 -1500.2 0.0 133.2 n/a n/a n/a
17:57:23.812 -1500.2 0.0 132.7 n/a n/a n/a
17:57:23.906 -1500.2 0.0 132.2 n/a n/a n/a
17:57:24.000 -1500.2 0.0 131.8 n/a n/a n/a
17:57:24.046 -1500.2 0.0 131.6 n/a n/a n/a
17:57:24.093 -1500.2 0.0 131.3 n/a n/a n/a
17:57:24.187 -1500.2 0.0 130.8 n/a n/a n/a
17:57:24.281 -1500.2 0.0 130.4 n/a n/a n/a
17:57:24.375 -1500.2 0.0 129.9 n/a n/a n/a
17:57:24.468 -1500.2 0.0 129.4 n/a n/a n/a
17:57:24.562 -1500.2 0.0 129.0 n/a n/a n/a
17:57:24.609 -1500.2 0.0 128.7 n/a n/a n/a
17:57:24.656 -1500.2 0.0 128.5 n/a n/a n/a
17:57:24.750 -1500.2 0.0 128.0 n/a n/a n/a
17:57:24.843 -1500.2 0.0 127.6 n/a n/a n/a
17:57:24.937 -1500.2 0.0 127.1 n/a n/a n/a
17:57:25.031 -1500.2 0.0 126.6 n/a n/a n/a
17:57:25.125 -1500.2 0.0 126.2 n/a n/a n/a
17:57:25.218 -1500.2 0.0 125.7 n/a n/a n/a
17:57:25.312 -1500.2 0.0 125.5 n/a n/a n/a
17:57:25.406 -1500.2 0.0 124.8 n/a n/a n/a
17:57:25.500 -1500.2 0.0 124.5 n/a n/a n/a
17:57:25.593 -1500.2 0.0 123.8 n/a n/a n/a
17:57:25.687 -1500.2 0.0 123.6 n/a n/a n/a
17:57:25.781 -1500.2 0.0 123.1 n/a n/a n/a
17:57:25.875 -1500.2 0.0 122.7 n/a n/a n/a
17:57:25.968 -1500.2 0.0 122.2 n/a n/a n/a
17:57:26.062 -1500.2 0.0 121.7 n/a n/a n/a
17:57:26.156 -1500.2 0.0 121.2 n/a n/a n/a
17:57:26.250 -1500.2 0.0 120.8 -1974.5 796.5 787.0
17:57:26.343 -1500.2 0.0 120.3 -1927.1 730.4 706.0
17:57:26.437 -1500.2 0.0 119.8 -1921.0 733.9 706.0
17:57:26.531 -1500.2 0.0 119.4 -1904.8 719.0 685.0
17:57:26.625 -1500.2 0.0 118.9 -1892.1 710.0 671.0
17:57:26.718 -1500.2 0.0 118.4 -1886.2 713.3 671.0
17:57:26.812 -1500.2 0.0 118.0 -1870.2 696.9 649.0
17:57:26.906 -1500.2 0.0 117.5 -1861.7 694.6 643.0
17:57:26.953 -1500.2 0.0 117.3 -1858.7 696.1 643.0
17:57:27.000 -1500.2 0.0 117.0 -1850.9 687.8 632.0
17:57:27.093 -1500.2 0.0 116.6 -1844.4 688.8 630.0
17:57:27.187 -1500.2 0.0 116.1 -1838.8 691.5 630.0
17:57:27.281 -1500.2 0.0 115.6 -1830.9 689.8 625.0
17:57:27.375 -1500.2 0.0 115.4 -1806.2 645.1 574.0
17:57:27.468 -1500.2 0.0 114.7 -1798.3 648.8 574.0
17:57:27.562 -1500.2 0.0 114.5 -1785.4 627.2 549.0
17:57:27.656 -1500.2 0.0 114.0 -1777.8 624.1 543.0
17:57:27.750 -1500.2 0.0 113.5 -1775.0 631.8 549.0
17:57:27.843 -1500.2 0.0 113.0 -1772.9 641.4 557.0
17:57:27.937 -1500.2 0.0 112.6 -1767.8 643.6 557.0
17:57:28.031 -1500.2 0.0 112.1 -1765.5 653.2 565.0
17:57:28.125 -1500.2 0.0 111.6 -1760.1 655.4 565.0
17:57:28.218 -1500.2 0.0 111.2 -1754.8 657.4 565.0
17:57:28.312 -1500.2 0.0 110.7 -1753.6 670.7 577.0
17:57:28.406 -1500.2 0.0 110.2 -1748.9 674.6 579.0
17:57:28.500 -1500.2 0.0 109.8 -1743.3 676.6 579.0
17:57:28.593 -1500.2 0.0 109.3 -1739.3 683.4 584.0
17:57:28.687 -1500.2 0.0 108.8 -1735.1 689.1 588.0
17:57:28.781 -1500.2 0.0 108.4 -1729.5 691.0 588.0
17:57:28.875 -1500.2 0.0 107.9 -1725.9 699.5 595.0
17:57:28.968 -1500.2 0.0 107.4 -1722.9 709.9 604.0
17:57:29.062 -1500.2 0.0 106.9 -1717.1 711.7 604.0
17:57:29.109 -1500.2 0.0 106.7 -1716.2 719.3 611.0
17:57:29.156 -1500.2 0.0 106.5 -1713.2 720.2 611.0
17:57:29.250 -1500.2 0.0 106.0 -1707.3 721.9 611.0
17:57:29.343 -1500.2 0.0 105.5 -1702.8 728.3 616.0
17:57:29.437 -1500.2 0.0 105.3 -1699.8 729.2 616.0
17:57:29.531 -1500.2 0.0 104.8 -1693.7 730.8 616.0
17:57:29.625 -1500.2 0.0 104.4 -1690.8 744.0 628.0
17:57:29.718 -1500.2 0.0 103.9 -1684.6 745.5 628.0
17:57:29.812 -1500.2 0.0 103.4 -1678.5 747.0 628.0
17:57:29.906 -1500.2 0.0 103.0 -1672.6 749.4 629.0
17:57:30.000 -1500.2 0.0 102.5 -1667.7 755.7 634.0
17:57:30.093 -1500.2 0.0 102.0 -1661.5 757.0 634.0
17:57:30.187 -1500.2 0.0 101.6 -1656.3 763.2 639.0
17:57:30.281 -1500.2 0.0 101.1 -1650.4 766.4 641.0
17:57:30.328 -1500.2 0.0 100.9 -1647.4 767.0 641.0
17:57:30.375 -1500.2 0.0 100.6 -1646.4 779.4 653.0
17:57:30.468 -1500.2 0.0 100.1 -1641.2 787.5 660.0
17:57:30.562 -1500.2 0.0 99.7 -1634.8 788.6 660.0
17:57:30.656 -1500.2 0.0 99.2 -1629.5 796.6 667.0
17:57:30.703 -1500.2 0.0 99.0 -1626.0 795.1 665.0
17:57:30.750 -1500.2 0.0 98.7 -1622.6 795.6 665.0
17:57:30.843 -1500.2 0.0 98.3 -1616.6 799.6 668.0
17:57:30.890 -1500.2 0.0 98.0 -1613.3 801.1 669.0
17:57:30.937 -1500.2 0.0 97.8 -1609.5 797.5 665.0
17:57:31.031 -1500.2 0.0 97.3 -1603.3 800.4 667.0
17:57:31.078 -1500.2 0.0 97.1 -1599.8 798.8 665.0
17:57:31.125 -1500.2 0.0 96.9 -1596.3 798.2 664.0
17:57:31.218 -1500.2 0.0 96.4 -1589.9 799.0 664.0
17:57:31.265 -1500.2 0.0 96.2 -1586.8 800.3 665.0
17:57:31.312 -1500.2 0.0 95.9 -1583.3 799.7 664.0
17:57:31.359 -1500.2 0.0 95.9 -1583.3 799.7 664.0
17:57:31.406 -1500.2 0.0 95.5 -1576.7 800.4 664.0
17:57:31.500 -1500.2 0.0 95.2 -1573.3 799.7 663.0
17:57:31.593 -1500.2 0.0 94.8 -1566.9 800.2 663.0
17:57:31.687 -1500.2 0.0 94.3 -1560.1 798.8 661.0
17:57:31.781 -1500.2 0.0 93.8 -1553.5 799.2 661.0
17:57:31.875 -1500.2 0.0 93.4 -1547.1 800.6 662.0
17:57:31.968 -1500.2 0.0 92.9 -1540.5 800.0 661.0
17:57:32.062 -1500.2 0.0 92.4 -1534.1 800.3 661.0
17:57:32.109 -1500.2 0.0 92.2 -1530.8 804.4 665.0
17:57:32.156 -1500.2 0.0 91.9 -1527.6 804.5 665.0
17:57:32.203 -1500.2 0.0 91.7 -1524.3 803.6 664.0
17:57:32.250 -1500.2 0.0 91.5 -1520.9 803.7 664.0
17:57:32.343 -1500.2 0.0 91.0 -1514.3 799.9 660.0
17:57:32.390 -1500.2 0.0 90.8 -1511.1 799.9 660.0
17:57:32.437 -1500.2 0.0 90.5 -1507.8 800.0 660.0
17:57:32.531 -1500.2 0.0 90.1 -1501.2 800.0 660.0
17:57:32.625 -1500.2 0.0 89.6 -1494.8 800.0 660.0
17:57:32.718 -1500.2 0.0 89.1 -1488.1 799.9 660.0
17:57:32.812 -1500.2 0.0 88.7 -1481.6 799.8 660.0
17:57:32.906 -1500.2 0.0 88.2 -1475.1 799.6 660.0
17:57:33.000 -1500.2 0.0 87.7 -1468.4 800.4 661.0
17:57:33.093 -1500.2 0.0 87.3 -1461.8 802.1 663.0
17:57:33.187 -1500.2 0.0 86.8 -1455.6 798.8 660.0
17:57:33.281 -1500.2 0.0 86.3 -1449.1 798.4 660.0
17:57:33.375 -1500.2 0.0 85.9 -1442.4 797.9 660.0
17:57:33.468 -1500.2 0.0 85.4 -1435.9 797.4 660.0
17:57:33.562 -1500.2 0.0 84.9 -1429.4 796.9 660.0
17:57:33.656 -1500.2 0.0 84.7 -1425.8 800.6 664.0
17:57:33.750 -1500.2 0.0 84.2 -1419.5 795.9 660.0
17:57:33.843 -1500.2 0.0 83.8 -1412.9 797.2 662.0
17:57:33.937 -1500.2 0.0 83.3 -1406.4 796.5 662.0
17:57:34.031 -1500.2 0.0 82.8 -1400.1 793.7 660.0
17:57:34.125 -1500.2 0.0 82.3 -1393.4 793.9 661.0
17:57:34.218 -1500.2 0.0 81.9 -1387.0 794.0 662.0
17:57:34.312 -1500.2 0.0 81.4 -1380.7 791.0 660.0
17:57:34.406 -1500.2 0.0 80.9 -1373.9 792.0 662.0
17:57:34.500 -1500.2 0.0 80.5 -1366.4 796.9 668.0
17:57:34.593 -1500.2 0.0 80.0 -1359.9 795.7 668.0
17:57:34.687 -1500.2 0.0 79.5 -1353.4 794.6 668.0
17:57:34.781 -1500.2 0.0 79.1 -1346.9 793.3 668.0
17:57:34.875 -1500.2 0.0 78.6 -1340.6 791.1 667.0
17:57:34.968 -1500.2 0.0 78.1 -1334.2 789.7 667.0
17:57:35.062 -1500.2 0.0 77.7 -1328.5 784.4 663.0
17:57:35.156 -1500.2 0.0 77.2 -1322.2 783.0 663.0
17:57:35.250 -1500.2 0.0 76.7 -1314.7 785.4 667.0
17:57:35.343 -1500.2 0.0 76.3 -1307.9 785.8 669.0
17:57:35.437 -1500.2 0.0 76.0 -1304.8 785.0 669.0
17:57:35.531 -1500.2 0.0 75.3 -1292.4 793.2 680.0
17:57:35.625 -1500.2 0.0 75.1 -1289.3 791.4 679.0
17:57:35.718 -1500.2 0.0 74.6 -1282.9 789.7 679.0
17:57:35.812 -1500.2 0.0 74.1 -1276.4 787.8 679.0
17:57:35.906 -1500.2 0.0 73.7 -1269.6 786.9 680.0
17:57:36.000 -1500.2 0.0 73.2 -1263.3 785.0 680.0
17:57:36.093 -1500.2 0.0 72.7 -1255.2 788.8 686.0
17:57:36.187 -1500.2 0.0 72.3 -1249.9 783.0 682.0
17:57:36.281 -1500.2 0.0 71.8 -1243.4 780.9 682.0
17:57:36.375 -1500.2 0.0 71.3 -1237.2 778.8 682.0
17:57:36.468 -1500.2 0.0 70.9 -1229.9 779.5 685.0
17:57:36.562 -1500.2 0.0 70.4 -1223.4 777.2 685.0
17:57:36.656 -1500.2 0.0 69.9 -1215.6 778.6 689.0
17:57:36.750 -1500.2 0.0 69.5 -1208.9 777.2 690.0
17:57:36.843 -1500.2 0.0 69.0 -1202.6 774.8 690.0
17:57:36.937 -1500.2 0.0 68.5 -1194.7 776.1 694.0
17:57:37.031 -1500.2 0.0 68.1 -1189.3 771.7 692.0
17:57:37.125 -1500.2 0.0 67.6 -1183.0 769.2 692.0
17:57:37.218 -1500.2 0.0 67.1 -1174.6 771.1 697.0
17:57:37.312 -1500.2 0.0 66.7 -1168.1 769.4 698.0
17:57:37.406 -1500.2 0.0 66.2 -1161.8 766.6 698.0
17:57:37.500 -1500.2 0.0 65.7 -1145.5 785.6 722.0
17:57:37.593 -1500.2 0.0 65.2 -1143.4 773.7 712.0
17:57:37.687 -1500.2 0.0 65.0 -1140.3 772.2 712.0
17:57:37.781 -1500.2 0.0 64.5 -1133.1 771.1 714.0
17:57:37.875 -1500.2 0.0 64.1 -1121.4 778.8 726.0
17:57:37.968 -1500.2 0.0 63.6 -1119.1 767.6 717.0
17:57:38.062 -1500.2 0.0 63.1 -1108.8 772.5 726.0
17:57:38.156 -1500.2 0.0 62.7 -1096.0 781.7 740.0
17:57:38.250 -1500.2 0.0 62.2 -1089.7 778.4 740.0
17:57:38.343 -1500.2 0.0 61.7 -1083.3 775.0 740.0
17:57:38.437 -1500.2 0.0 61.3 -1075.5 774.2 743.0
17:57:38.531 -1500.2 0.0 60.8 -1072.2 765.4 737.0
17:57:38.625 -1500.2 0.0 60.3 -1063.0 767.1 743.0
17:57:38.718 -1500.2 0.0 59.8 -1053.1 769.6 750.0
17:57:38.812 -1500.2 0.0 59.4 -1046.8 765.9 750.0
17:57:38.906 -1500.2 0.0 58.9 -1035.5 770.7 760.0
17:57:39.000 -1500.2 0.0 58.4 -1032.9 761.0 753.0
17:57:39.093 -1500.2 0.0 58.0 -1026.6 757.1 753.0
17:57:39.187 -1500.2 0.0 57.5 -1020.6 753.3 753.0
17:57:39.281 -1500.2 0.0 57.0 -1005.2 763.6 770.0
17:57:39.375 -1500.2 0.0 56.6 -998.9 759.5 770.0
17:57:39.468 -1500.2 0.0 56.1 n/a n/a n/a
17:57:39.562 -1500.2 0.0 55.9 n/a n/a n/a
17:57:39.656 -1500.2 0.0 55.2 n/a n/a n/a
17:57:39.750 -1500.2 0.0 54.9 n/a n/a n/a
17:57:39.843 -1500.2 0.0 54.5 n/a n/a n/a
17:57:39.937 -1500.2 0.0 54.0 n/a n/a n/a
17:57:40.031 -1500.2 0.0 53.5 n/a n/a n/a
17:57:40.125 -1500.2 0.0 53.1 n/a n/a n/a
17:57:40.218 -1500.2 0.0 52.6 n/a n/a n/a
17:57:40.312 -1500.2 0.0 52.1 n/a n/a n/a
17:57:40.406 -1500.2 0.0 51.6 n/a n/a n/a
17:57:40.500 -1500.2 0.0 51.2 n/a n/a n/a
17:57:40.593 -1500.2 0.0 50.7 n/a n/a n/a
17:57:40.687 -1500.2 0.0 50.2 n/a n/a n/a
17:57:40.781 -1500.2 0.0 49.8 n/a n/a n/a
17:57:40.875 -1500.2 0.0 49.3 n/a n/a n/a
17:57:40.968 -1500.2 0.0 48.8 n/a n/a n/a
17:57:41.062 -1500.2 0.0 48.4 n/a n/a n/a
17:57:41.156 -1500.2 0.0 47.9 n/a n/a n/a
17:57:41.250 -1500.2 0.0 47.4 n/a n/a n/a
17:57:41.343 -1500.2 0.0 47.0 n/a n/a n/a
17:57:41.437 -1500.2 0.0 46.5 n/a n/a n/a
17:57:41.531 -1500.2 0.0 46.0 n/a n/a n/a
17:57:41.625 -1500.2 0.0 45.8 n/a n/a n/a
17:57:41.718 -1500.2 0.0 45.3 n/a n/a n/a
17:57:41.812 -1500.2 0.0 45.0 n/a n/a n/a
17:57:41.859 -1500.2 0.0 45.0 n/a n/a n/a
17:57:41.906 -1500.2 0.0 45.0 n/a n/a n/a
17:57:42.281 -1500.2 0.0 45.0 n/a n/a n/a
17:57:42.375 -1500.2 0.0 45.0 n/a n/a n/a
17:57:42.468 -1500.2 0.0 45.0 n/a n/a n/a
17:57:42.515 -1500.2 0.0 45.0 n/a n/a n/a
17:57:42.562 -1500.2 0.0 45.0 n/a n/a n/a
