Тестовая информация 0. Исходные сенсорные данные: Time, X_rob, Y_rob, Ang_rob, X_obj, Y_obj, Distance (мм, град)
17:58:25.031 -1500.2 0.0 135.0 n/a n/a n/a
17:58:25.125 -1500.2 0.0 135.0 n/a n/a n/a
17:58:25.218 -1500.2 0.0 135.0 n/a n/a n/a
17:58:25.312 -1500.2 0.0 135.0 n/a n/a n/a
17:58:25.406 -1500.2 0.0 135.0 n/a n/a n/a
17:58:25.500 -1500.2 0.0 135.0 n/a n/a n/a
17:58:25.593 -1500.2 0.0 135.0 n/a n/a n/a
17:58:25.687 -1500.2 0.0 135.0 n/a n/a n/a
17:58:25.781 -1500.2 0.0 134.6 n/a n/a n/a
17:58:25.875 -1500.2 0.0 134.1 n/a n/a n/a
17:58:25.968 -1500.2 0.0 133.7 n/a n/a n/a
17:58:26.062 -1500.2 0.0 133.2 n/a n/a n/a
17:58:26.156 -1500.2 0.0 132.7 n/a n/a n/a
17:58:26.250 -1500.2 0.0 132.3 n/a n/a n/a
17:58:26.343 -1500.2 0.0 131.8 n/a n/a n/a
17:58:26.437 -1500.2 0.0 131.3 n/a n/a n/a
17:58:26.531 -1500.2 0.0 130.9 n/a n/a n/a
17:58:26.625 -1500.2 0.0 130.4 n/a n/a n/a
17:58:26.718 -1500.2 0.0 129.9 n/a n/a n/a
17:58:26.812 -1500.2 0.0 129.7 n/a n/a n/a
17:58:26.906 -1500.2 0.0 129.0 n/a n/a n/a
17:58:27.000 -1500.2 0.0 128.7 n/a n/a n/a
17:58:27.093 -1500.2 0.0 128.3 n/a n/a n/a
17:58:27.187 -1500.2 0.0 127.8 n/a n/a n/a
17:58:27.281 -1500.2 0.0 127.3 n/a n/a n/a
17:58:27.375 -1500.2 0.0 126.9 n/a n/a n/a
17:58:27.468 -1500.2 0.0 126.4 n/a n/a n/a
17:58:27.562 -1500.2 0.0 125.9 n/a n/a n/a
17:58:27.656 -1500.2 0.0 125.5 n/a n/a n/a
17:58:27.750 -1500.2 0.0 125.0 n/a n/a n/a
17:58:27.843 -1500.2 0.0 124.5 n/a n/a n/a
17:58:27.937 -1500.2 0.0 124.0 n/a n/a n/a
17:58:28.031 -1500.2 0.0 123.6 n/a n/a n/a
17:58:28.125 -1500.2 0.0 123.1 n/a n/a n/a
17:58:28.218 -1500.2 0.0 122.6 n/a n/a n/a
17:58:28.312 -1500.2 0.0 122.2 n/a n/a n/a
17:58:28.406 -1500.2 0.0 121.7 n/a n/a n/a
17:58:28.500 -1500.2 0.0 121.2 -2058.7 920.9 937.0
17:58:28.593 -1500.2 0.0 120.8 -1961.8 775.0 762.0
17:58:28.687 -1500.2 0.0 120.3 -1955.3 778.8 762.0
17:58:28.781 -1500.2 0.0 119.8 -1922.2 735.5 708.0
17:58:28.875 -1500.2 0.0 119.4 -1899.3 709.4 674.0
17:58:28.968 -1500.2 0.0 118.9 -1893.6 712.6 674.0
17:58:29.062 -1500.2 0.0 118.7 -1886.8 707.2 666.0
17:58:29.156 -1500.2 0.0 118.2 -1881.1 710.3 666.0
17:58:29.250 -1500.2 0.0 117.7 -1875.2 713.5 666.0
17:58:29.343 -1500.2 0.0 117.3 -1851.9 682.7 628.0
17:58:29.437 -1500.2 0.0 116.8 -1842.7 678.5 620.0
17:58:29.531 -1500.2 0.0 116.3 -1837.2 681.2 620.0
17:58:29.578 -1500.2 0.0 116.1 -1826.0 665.5 601.0
17:58:29.625 -1500.2 0.0 115.9 -1818.1 656.0 589.0
17:58:29.718 -1500.2 0.0 115.4 -1812.7 658.6 589.0
17:58:29.812 -1500.2 0.0 114.9 -1796.2 637.6 563.0
17:58:29.906 -1500.2 0.0 114.4 -1787.0 630.9 553.0
17:58:30.000 -1500.2 0.0 114.0 -1781.8 633.2 553.0
17:58:30.093 -1500.2 0.0 113.5 -1780.2 643.8 562.0
17:58:30.187 -1500.2 0.0 113.0 -1772.6 640.5 556.0
17:58:30.281 -1500.2 0.0 112.6 -1769.6 648.3 562.0
17:58:30.375 -1500.2 0.0 112.1 -1764.7 651.4 563.0
17:58:30.468 -1500.2 0.0 111.6 -1759.3 653.5 563.0
17:58:30.562 -1500.2 0.0 111.2 -1758.8 667.7 576.0
17:58:30.656 -1500.2 0.0 110.7 -1754.0 671.6 578.0
17:58:30.750 -1500.2 0.0 110.2 -1748.4 673.7 578.0
17:58:30.859 -1500.2 0.0 109.8 -1746.0 684.2 587.0
17:58:30.937 -1500.2 0.0 109.5 -1742.3 682.3 584.0
17:58:31.031 -1500.2 0.0 109.1 -1736.7 684.3 584.0
17:58:31.125 -1500.2 0.0 108.6 -1734.5 696.6 595.0
17:58:31.218 -1500.2 0.0 108.1 -1729.5 700.4 597.0
17:58:31.312 -1500.2 0.0 107.7 -1723.8 702.3 597.0
17:58:31.406 -1500.2 0.0 107.2 -1722.4 718.4 612.0
17:58:31.500 -1500.2 0.0 106.7 -1717.9 725.0 617.0
17:58:31.593 -1500.2 0.0 106.3 -1712.1 726.7 617.0
17:58:31.687 -1500.2 0.0 105.8 -1706.6 730.4 619.0
17:58:31.781 -1500.2 0.0 105.3 -1701.1 734.0 621.0
17:58:31.875 -1500.2 0.0 104.8 -1695.1 735.6 621.0
17:58:31.968 -1500.2 0.0 104.4 -1690.0 741.1 625.0
17:58:32.062 -1500.2 0.0 103.9 -1684.5 744.5 627.0
17:58:32.156 -1500.2 0.0 103.4 -1678.3 746.0 627.0
17:58:32.250 -1500.2 0.0 103.0 -1674.6 757.2 637.0
17:58:32.343 -1500.2 0.0 102.5 -1667.3 753.7 632.0
17:58:32.437 -1500.2 0.0 102.0 -1661.1 755.1 632.0
17:58:32.531 -1500.2 0.0 101.6 -1657.3 768.1 644.0
17:58:32.625 -1500.2 0.0 101.1 -1651.3 771.3 646.0
17:58:32.718 -1500.2 0.0 100.6 -1645.1 772.5 646.0
17:58:32.812 -1500.2 0.0 100.1 -1641.2 787.5 660.0
17:58:32.906 -1500.2 0.0 99.9 -1638.6 791.0 663.0
17:58:33.000 -1500.2 0.0 99.5 -1632.0 792.1 663.0
17:58:33.093 -1500.2 0.0 99.0 -1626.4 799.1 669.0
17:58:33.187 -1500.2 0.0 98.5 -1620.6 804.0 673.0
17:58:33.281 -1500.2 0.0 98.0 -1613.3 800.0 668.0
17:58:33.375 -1500.2 0.0 97.6 -1606.6 801.0 668.0
17:58:33.468 -1500.2 0.0 97.1 -1599.7 797.8 664.0
17:58:33.562 -1500.2 0.0 96.6 -1593.1 797.6 663.0
17:58:33.656 -1500.2 0.0 96.2 -1586.4 798.4 663.0
17:58:33.750 -1500.2 0.0 95.7 -1580.0 799.0 663.0
17:58:33.796 -1500.2 0.0 95.5 -1576.6 799.4 663.0
17:58:33.843 -1500.2 0.0 95.2 -1573.8 803.6 667.0
17:58:33.937 -1500.2 0.0 94.8 -1567.3 804.2 667.0
17:58:33.984 -1500.2 0.0 94.5 -1563.7 802.5 665.0
17:58:34.031 -1500.2 0.0 94.3 -1560.7 804.7 667.0
17:58:34.125 -1500.2 0.0 93.8 -1554.0 803.2 665.0
17:58:34.218 -1500.2 0.0 93.4 -1547.3 803.6 665.0
17:58:34.312 -1500.2 0.0 92.9 -1540.8 804.0 665.0
17:58:34.406 -1500.2 0.0 92.4 -1534.3 804.3 665.0
17:58:34.500 -1500.2 0.0 92.0 -1527.6 799.5 660.0
17:58:34.593 -1500.2 0.0 91.5 -1520.9 799.7 660.0
17:58:34.687 -1500.2 0.0 91.0 -1514.3 796.9 657.0
17:58:34.781 -1500.2 0.0 90.6 -1507.9 796.0 656.0
17:58:34.875 -1500.2 0.0 90.3 -1504.5 796.0 656.0
17:58:34.921 -1500.2 0.0 90.1 -1501.4 797.0 657.0
17:58:34.968 -1500.2 0.0 89.6 -1494.8 795.0 655.0
17:58:35.062 -1500.2 0.0 89.4 -1491.6 797.0 657.0
17:58:35.156 -1500.2 0.0 88.9 -1485.0 802.9 663.0
17:58:35.250 -1500.2 0.0 88.4 -1478.3 802.7 663.0
17:58:35.343 -1500.2 0.0 88.0 -1471.8 802.5 663.0
17:58:35.437 -1500.2 0.0 87.5 -1465.2 803.2 664.0
17:58:35.531 -1500.2 0.0 87.0 -1458.7 799.9 661.0
17:58:35.625 -1500.2 0.0 86.6 -1452.1 799.6 661.0
17:58:35.718 -1500.2 0.0 86.1 -1445.4 802.1 664.0
17:58:35.812 -1500.2 0.0 85.6 -1439.4 794.7 657.0
17:58:35.906 -1500.2 0.0 85.2 -1432.9 794.1 657.0
17:58:36.000 -1500.2 0.0 84.7 -1426.7 791.6 655.0
17:58:36.093 -1500.2 0.0 84.2 -1420.2 791.0 655.0
17:58:36.187 -1500.2 0.0 83.7 -1412.8 797.2 662.0
17:58:36.281 -1500.2 0.0 83.3 -1406.2 797.5 663.0
17:58:36.375 -1500.2 0.0 82.8 -1399.8 796.7 663.0
17:58:36.468 -1500.2 0.0 82.3 -1393.2 796.8 664.0
17:58:36.562 -1500.2 0.0 81.9 -1386.7 794.9 663.0
17:58:36.656 -1500.2 0.0 81.4 -1380.2 794.0 663.0
17:58:36.750 -1500.2 0.0 80.9 -1373.7 793.0 663.0
17:58:36.843 -1500.2 0.0 80.5 -1366.4 796.8 668.0
17:58:36.937 -1500.2 0.0 80.0 -1359.8 795.7 668.0
17:58:36.984 -1500.2 0.0 79.8 -1356.2 798.1 671.0
17:58:37.031 -1500.2 0.0 79.5 -1353.2 796.5 670.0
17:58:37.125 -1500.2 0.0 79.3 -1349.8 795.9 670.0
17:58:37.218 -1500.2 0.0 78.8 -1343.3 794.7 670.0
17:58:37.312 -1500.2 0.0 78.4 -1337.5 790.4 667.0
17:58:37.359 -1500.2 0.0 78.1 -1334.4 788.8 666.0
17:58:37.406 -1500.2 0.0 77.9 -1331.1 789.1 667.0
17:58:37.500 -1500.2 0.0 77.4 -1322.9 794.5 674.0
17:58:37.593 -1500.2 0.0 77.0 -1316.6 793.0 674.0
17:58:37.687 -1500.2 0.0 76.5 -1310.1 791.5 674.0
17:58:37.781 -1500.2 0.0 76.0 -1303.3 790.8 675.0
17:58:37.875 -1500.2 0.0 75.6 -1296.8 789.2 675.0
17:58:37.968 -1500.2 0.0 75.1 -1289.7 790.4 678.0
17:58:38.062 -1500.2 0.0 74.6 -1282.3 791.6 681.0
17:58:38.156 -1500.2 0.0 74.1 -1276.0 789.8 681.0
17:58:38.250 -1500.2 0.0 73.7 -1269.2 788.9 682.0
17:58:38.343 -1500.2 0.0 73.2 -1263.0 786.0 681.0
17:58:38.437 -1500.2 0.0 72.7 -1257.7 780.2 677.0
17:58:38.484 -1500.2 0.0 72.5 -1253.4 783.0 681.0
17:58:38.531 -1500.2 0.0 72.3 -1249.6 783.9 683.0
17:58:38.625 -1500.2 0.0 71.8 -1243.2 781.9 683.0
17:58:38.718 -1500.2 0.0 71.3 -1236.7 779.7 683.0
17:58:38.812 -1500.2 0.0 70.9 -1227.5 786.0 692.0
17:58:38.906 -1500.2 0.0 70.4 -1222.1 781.0 689.0
17:58:39.000 -1500.2 0.0 70.2 -1218.8 779.8 689.0
17:58:39.093 -1500.2 0.0 69.5 -1208.2 779.1 692.0
17:58:39.187 -1500.2 0.0 69.2 -1205.1 777.9 692.0
17:58:39.281 -1500.2 0.0 68.5 -1193.8 778.9 697.0
17:58:39.375 -1500.2 0.0 68.3 -1190.1 778.5 698.0
17:58:39.468 -1500.2 0.0 67.8 -1185.3 772.3 694.0
17:58:39.562 -1500.2 0.0 67.3 -1177.9 772.4 697.0
17:58:39.656 -1500.2 0.0 66.9 -1172.8 767.1 694.0
17:58:39.750 -1500.2 0.0 66.4 -1166.4 764.3 694.0
17:58:39.843 -1500.2 0.0 65.9 -1157.7 767.0 700.0
17:58:39.937 -1500.2 0.0 65.5 -1146.5 775.1 712.0
17:58:40.031 -1500.2 0.0 65.0 -1140.1 772.2 712.0
17:58:40.125 -1500.2 0.0 64.5 -1123.7 791.0 736.0
17:58:40.218 -1500.2 0.0 64.1 -1115.9 790.6 739.0
17:58:40.312 -1500.2 0.0 63.6 -1114.7 776.6 727.0
17:58:40.406 -1500.2 0.0 63.1 -1103.0 784.1 739.0
17:58:40.500 -1500.2 0.0 62.7 -1099.4 775.6 733.0
17:58:40.546 -1500.2 0.0 62.4 -1096.1 773.8 733.0
17:58:40.593 -1500.2 0.0 62.2 -1086.0 785.5 748.0
17:58:40.687 -1500.2 0.0 61.7 -1074.9 790.9 758.0
17:58:40.781 -1500.2 0.0 61.3 -1074.2 776.9 746.0
17:58:40.875 -1500.2 0.0 60.8 -1063.9 780.3 754.0
17:58:40.968 -1500.2 0.0 60.3 -1061.5 769.7 746.0
17:58:41.062 -1500.2 0.0 59.9 -1055.3 766.2 746.0
17:58:41.156 -1500.2 0.0 59.6 -1043.1 779.9 764.0
17:58:41.250 -1500.2 0.0 59.2 -1042.3 766.7 753.0
17:58:41.343 -1500.2 0.0 58.7 -1036.0 762.9 753.0
17:58:41.437 -1500.2 0.0 58.2 -1029.7 759.0 753.0
17:58:41.531 -1500.2 0.0 57.7 -997.9 795.7 801.0
17:58:41.625 -1500.2 0.0 57.3 -991.5 791.6 801.0
17:58:41.718 -1500.2 0.0 56.8 -898.0 920.5 960.0
17:58:41.812 -1500.2 0.0 56.3 n/a n/a n/a
17:58:41.906 -1500.2 0.0 55.9 n/a n/a n/a
17:58:42.000 -1500.2 0.0 55.4 n/a n/a n/a
17:58:42.093 -1500.2 0.0 54.9 n/a n/a n/a
17:58:42.187 -1500.2 0.0 54.5 n/a n/a n/a
17:58:42.281 -1500.2 0.0 54.0 n/a n/a n/a
17:58:42.375 -1500.2 0.0 53.5 n/a n/a n/a
17:58:42.468 -1500.2 0.0 53.1 n/a n/a n/a
17:58:42.562 -1500.2 0.0 52.6 n/a n/a n/a
17:58:42.656 -1500.2 0.0 52.1 n/a n/a n/a
17:58:42.750 -1500.2 0.0 51.7 n/a n/a n/a
17:58:42.843 -1500.2 0.0 51.2 n/a n/a n/a
17:58:42.937 -1500.2 0.0 50.7 n/a n/a n/a
17:58:43.031 -1500.2 0.0 50.2 n/a n/a n/a
17:58:43.125 -1500.2 0.0 49.8 n/a n/a n/a
17:58:43.218 -1500.2 0.0 49.3 n/a n/a n/a
17:58:43.312 -1500.2 0.0 49.1 n/a n/a n/a
17:58:43.406 -1500.2 0.0 48.6 n/a n/a n/a
17:58:43.453 -1500.2 0.0 48.4 n/a n/a n/a
17:58:43.500 -1500.2 0.0 48.1 n/a n/a n/a
17:58:43.593 -1500.2 0.0 47.7 n/a n/a n/a
17:58:43.687 -1500.2 0.0 47.2 n/a n/a n/a
17:58:43.781 -1500.2 0.0 46.7 n/a n/a n/a
17:58:43.875 -1500.2 0.0 46.3 n/a n/a n/a
17:58:43.968 -1500.2 0.0 45.8 n/a n/a n/a
17:58:44.062 -1500.2 0.0 45.3 n/a n/a n/a
17:58:44.156 -1500.2 0.0 45.0 n/a n/a n/a
17:58:44.250 -1500.2 0.0 45.0 n/a n/a n/a
17:58:44.812 -1500.2 0.0 45.0 n/a n/a n/a
17:58:44.906 -1500.2 0.0 45.0 n/a n/a n/a
17:58:45.000 -1500.2 0.0 45.0 n/a n/a n/a
