Тестовая информация 0. Исходные сенсорные данные: Time, X_rob, Y_rob, Ang_rob, X_obj, Y_obj, Distance (мм, град)
17:59:38.343 -1500.2 0.0 135.0 n/a n/a n/a
17:59:38.437 -1500.2 0.0 135.0 n/a n/a n/a
17:59:38.531 -1500.2 0.0 135.0 n/a n/a n/a
17:59:38.578 -1500.2 0.0 135.0 n/a n/a n/a
17:59:38.625 -1500.2 0.0 135.0 n/a n/a n/a
17:59:38.718 -1500.2 0.0 135.0 n/a n/a n/a
17:59:38.812 -1500.2 0.0 135.0 n/a n/a n/a
17:59:38.906 -1500.2 0.0 135.0 n/a n/a n/a
17:59:39.000 -1500.2 0.0 134.6 n/a n/a n/a
17:59:39.093 -1500.2 0.0 134.1 n/a n/a n/a
17:59:39.187 -1500.2 0.0 133.7 n/a n/a n/a
17:59:39.234 -1500.2 0.0 133.4 n/a n/a n/a
17:59:39.281 -1500.2 0.0 133.2 n/a n/a n/a
17:59:39.375 -1500.2 0.0 132.7 n/a n/a n/a
17:59:39.468 -1500.2 0.0 132.3 n/a n/a n/a
17:59:39.562 -1500.2 0.0 131.8 n/a n/a n/a
17:59:39.656 -1500.2 0.0 131.3 n/a n/a n/a
17:59:39.750 -1500.2 0.0 130.9 n/a n/a n/a
17:59:39.843 -1500.2 0.0 130.4 n/a n/a n/a
17:59:39.937 -1500.2 0.0 130.1 n/a n/a n/a
17:59:40.031 -1500.2 0.0 129.7 n/a n/a n/a
17:59:40.125 -1500.2 0.0 129.2 n/a n/a n/a
17:59:40.218 -1500.2 0.0 128.7 n/a n/a n/a
17:59:40.312 -1500.2 0.0 128.3 n/a n/a n/a
17:59:40.406 -1500.2 0.0 127.8 n/a n/a n/a
17:59:40.500 -1500.2 0.0 127.3 n/a n/a n/a
17:59:40.546 -1500.2 0.0 127.1 n/a n/a n/a
17:59:40.593 -1500.2 0.0 126.9 n/a n/a n/a
17:59:40.687 -1500.2 0.0 126.4 n/a n/a n/a
17:59:40.781 -1500.2 0.0 125.9 n/a n/a n/a
17:59:40.875 -1500.2 0.0 125.5 n/a n/a n/a
17:59:40.968 -1500.2 0.0 125.0 n/a n/a n/a
17:59:41.062 -1500.2 0.0 124.5 n/a n/a n/a
17:59:41.156 -1500.2 0.0 124.1 n/a n/a n/a
17:59:41.250 -1500.2 0.0 123.6 n/a n/a n/a
17:59:41.343 -1500.2 0.0 123.1 n/a n/a n/a
17:59:41.437 -1500.2 0.0 122.6 n/a n/a n/a
17:59:41.531 -1500.2 0.0 122.2 n/a n/a n/a
17:59:41.625 -1500.2 0.0 121.7 n/a n/a n/a
17:59:41.671 -1500.2 0.0 121.5 n/a n/a n/a
17:59:41.718 -1500.2 0.0 121.2 -1985.6 800.3 796.0
17:59:41.812 -1500.2 0.0 120.8 -1953.5 761.3 746.0
17:59:41.906 -1500.2 0.0 120.3 -1947.3 764.9 746.0
17:59:41.953 -1500.2 0.0 120.1 -1917.2 720.0 692.0
17:59:42.000 -1500.2 0.0 120.1 -1917.2 720.0 692.0
17:59:42.093 -1500.2 0.0 119.4 -1908.1 725.1 692.0
17:59:42.187 -1500.2 0.0 119.1 -1887.7 695.3 656.0
17:59:42.281 -1500.2 0.0 118.7 -1881.1 696.7 654.0
17:59:42.375 -1500.2 0.0 118.2 -1875.4 699.8 654.0
17:59:42.468 -1500.2 0.0 117.7 -1869.1 702.0 653.0
17:59:42.562 -1500.2 0.0 117.3 -1851.5 681.8 627.0
17:59:42.656 -1500.2 0.0 116.8 -1845.9 684.7 627.0
17:59:42.750 -1500.2 0.0 116.3 -1835.4 677.6 616.0
17:59:42.843 -1500.2 0.0 115.9 -1819.9 659.6 593.0
17:59:42.937 -1500.2 0.0 115.4 -1814.5 662.2 593.0
17:59:43.031 -1500.2 0.0 114.9 -1793.9 632.1 557.0
17:59:43.125 -1500.2 0.0 114.4 -1788.6 634.5 557.0
17:59:43.218 -1500.2 0.0 114.0 -1783.4 636.9 557.0
17:59:43.312 -1500.2 0.0 113.5 -1778.6 640.1 558.0
17:59:43.406 -1500.2 0.0 113.0 -1771.9 638.6 554.0
17:59:43.500 -1500.2 0.0 112.6 -1768.2 644.5 558.0
17:59:43.593 -1500.2 0.0 112.1 -1762.5 645.8 557.0
17:59:43.687 -1500.2 0.0 111.6 -1757.2 647.9 557.0
17:59:43.781 -1500.2 0.0 111.2 -1758.8 667.7 576.0
17:59:43.875 -1500.2 0.0 110.7 -1754.4 672.6 579.0
17:59:43.968 -1500.2 0.0 110.2 -1748.8 674.7 579.0
17:59:44.062 -1500.2 0.0 110.0 -1751.8 691.6 596.0
17:59:44.156 -1500.2 0.0 109.5 -1745.9 692.7 595.0
17:59:44.250 -1500.2 0.0 109.1 -1740.2 694.7 595.0
17:59:44.343 -1500.2 0.0 108.6 -1735.4 699.5 598.0
17:59:44.437 -1500.2 0.0 108.1 -1730.4 703.3 600.0
17:59:44.531 -1500.2 0.0 107.7 -1724.7 705.1 600.0
17:59:44.625 -1500.2 0.0 107.2 -1721.2 714.6 608.0
17:59:44.718 -1500.2 0.0 106.7 -1716.5 720.2 612.0
17:59:44.812 -1500.2 0.0 106.2 -1710.5 722.0 612.0
17:59:44.906 -1500.2 0.0 105.8 -1705.8 727.5 616.0
17:59:45.000 -1500.2 0.0 105.3 -1700.0 730.2 617.0
17:59:45.093 -1500.2 0.0 104.8 -1694.1 731.7 617.0
17:59:45.187 -1500.2 0.0 104.4 -1690.3 742.0 626.0
17:59:45.281 -1500.2 0.0 103.9 -1684.9 746.5 629.0
17:59:45.375 -1500.2 0.0 103.4 -1678.9 748.0 629.0
17:59:45.468 -1500.2 0.0 103.0 -1675.0 759.1 639.0
17:59:45.562 -1500.2 0.0 102.5 -1667.6 755.7 634.0
17:59:45.656 -1500.2 0.0 102.0 -1661.5 757.0 634.0
17:59:45.750 -1500.2 0.0 101.6 -1657.3 768.1 644.0
17:59:45.843 -1500.2 0.0 101.1 -1651.5 771.3 646.0
17:59:45.937 -1500.2 0.0 100.6 -1645.1 772.5 646.0
17:59:46.031 -1500.2 0.0 100.2 -1640.7 784.5 657.0
17:59:46.125 -1500.2 0.0 99.9 -1638.0 787.0 659.0
17:59:46.218 -1500.2 0.0 99.4 -1631.4 788.2 659.0
17:59:46.312 -1500.2 0.0 99.0 -1626.9 801.0 671.0
17:59:46.406 -1500.2 0.0 98.5 -1620.9 806.0 675.0
17:59:46.500 -1500.2 0.0 98.0 -1613.5 802.0 670.0
17:59:46.593 -1500.2 0.0 97.6 -1607.1 802.9 670.0
17:59:46.687 -1500.2 0.0 97.1 -1600.3 802.8 669.0
17:59:46.781 -1500.2 0.0 96.6 -1593.6 802.6 668.0
17:59:46.875 -1500.2 0.0 96.2 -1587.0 803.3 668.0
17:59:46.968 -1500.2 0.0 95.7 -1580.2 800.0 664.0
17:59:47.062 -1500.2 0.0 95.2 -1573.0 793.7 657.0
17:59:47.156 -1500.2 0.0 94.8 -1566.7 797.2 660.0
17:59:47.250 -1500.2 0.0 94.3 -1560.5 801.7 664.0
17:59:47.343 -1500.2 0.0 93.8 -1554.0 802.2 664.0
17:59:47.437 -1500.2 0.0 93.4 -1547.3 802.6 664.0
17:59:47.531 -1500.2 0.0 92.9 -1540.8 804.0 665.0
17:59:47.625 -1500.2 0.0 92.4 -1534.2 803.3 664.0
17:59:47.718 -1500.2 0.0 92.0 -1527.6 803.5 664.0
17:59:47.812 -1500.2 0.0 91.5 -1521.0 803.7 664.0
17:59:47.906 -1500.2 0.0 91.0 -1514.4 797.9 658.0
17:59:48.000 -1500.2 0.0 90.8 -1511.1 798.9 659.0
17:59:48.046 -1500.2 0.0 90.6 -1507.9 801.0 661.0
17:59:48.093 -1500.2 0.0 90.1 -1501.3 798.0 658.0
17:59:48.187 -1500.2 0.0 89.8 -1498.0 798.0 658.0
17:59:48.281 -1500.2 0.0 89.4 -1491.4 801.0 661.0
17:59:48.375 -1500.2 0.0 88.9 -1484.9 799.9 660.0
17:59:48.468 -1500.2 0.0 88.4 -1478.4 799.7 660.0
17:59:48.562 -1500.2 0.0 88.0 -1471.8 799.5 660.0
17:59:48.609 -1500.2 0.0 87.7 -1468.7 798.4 659.0
17:59:48.656 -1500.2 0.0 87.5 -1465.3 799.2 660.0
17:59:48.750 -1500.2 0.0 87.0 -1458.6 799.9 661.0
17:59:48.843 -1500.2 0.0 86.6 -1452.3 797.6 659.0
17:59:48.937 -1500.2 0.0 86.1 -1445.6 799.1 661.0
17:59:49.031 -1500.2 0.0 85.6 -1439.4 796.7 659.0
17:59:49.125 -1500.2 0.0 85.2 -1433.0 793.2 656.0
17:59:49.218 -1500.2 0.0 84.7 -1426.4 795.6 659.0
17:59:49.312 -1500.2 0.0 84.2 -1419.4 799.9 664.0
17:59:49.406 -1500.2 0.0 83.8 -1413.2 795.3 660.0
17:59:49.500 -1500.2 0.0 83.3 -1406.7 794.5 660.0
17:59:49.593 -1500.2 0.0 82.8 -1399.9 795.7 662.0
17:59:49.687 -1500.2 0.0 82.4 -1393.5 794.9 662.0
17:59:49.781 -1500.2 0.0 81.9 -1386.8 793.9 662.0
17:59:49.875 -1500.2 0.0 81.4 -1379.6 797.9 667.0
17:59:49.968 -1500.2 0.0 80.9 -1373.3 797.0 667.0
17:59:50.062 -1500.2 0.0 80.5 -1366.4 797.9 669.0
17:59:50.156 -1500.2 0.0 80.2 -1363.5 795.3 667.0
17:59:50.250 -1500.2 0.0 79.8 -1357.0 794.2 667.0
17:59:50.343 -1500.2 0.0 79.3 -1350.0 794.9 669.0
17:59:50.437 -1500.2 0.0 78.8 -1343.9 791.7 667.0
17:59:50.531 -1500.2 0.0 78.4 -1337.5 790.4 667.0
17:59:50.625 -1500.2 0.0 77.9 -1330.7 790.0 668.0
17:59:50.718 -1500.2 0.0 77.4 -1324.3 788.6 668.0
17:59:50.812 -1500.2 0.0 77.0 -1317.8 787.1 668.0
17:59:50.906 -1500.2 0.0 76.5 -1309.8 792.4 675.0
17:59:51.000 -1500.2 0.0 76.0 -1302.8 792.8 677.0
17:59:51.093 -1500.2 0.0 75.6 -1296.3 791.2 677.0
17:59:51.187 -1500.2 0.0 75.1 -1289.4 791.4 679.0
17:59:51.281 -1500.2 0.0 74.6 -1281.5 794.5 684.0
17:59:51.375 -1500.2 0.0 74.1 -1276.2 788.8 680.0
17:59:51.468 -1500.2 0.0 73.7 -1269.4 787.9 681.0
17:59:51.562 -1500.2 0.0 73.2 -1262.1 788.8 684.0
17:59:51.656 -1500.2 0.0 72.7 -1255.7 786.9 684.0
17:59:51.750 -1500.2 0.0 72.3 -1249.0 785.8 685.0
17:59:51.843 -1500.2 0.0 71.8 -1242.8 782.8 684.0
17:59:51.937 -1500.2 0.0 71.3 -1236.3 780.6 684.0
17:59:52.031 -1500.2 0.0 71.1 -1232.3 782.4 687.0
17:59:52.125 -1500.2 0.0 70.6 -1225.4 782.1 689.0
17:59:52.218 -1500.2 0.0 70.2 -1218.9 779.8 689.0
17:59:52.312 -1500.2 0.0 69.7 -1211.4 780.3 692.0
17:59:52.406 -1500.2 0.0 69.2 -1204.5 779.8 694.0
17:59:52.500 -1500.2 0.0 68.8 -1198.1 777.4 694.0
17:59:52.593 -1500.2 0.0 68.3 -1191.6 774.8 694.0
17:59:52.687 -1500.2 0.0 67.8 -1184.5 774.1 696.0
17:59:52.781 -1500.2 0.0 67.4 -1178.4 771.6 696.0
17:59:52.875 -1500.2 0.0 66.9 -1165.0 785.5 714.0
17:59:52.968 -1500.2 0.0 66.4 -1161.7 775.3 706.0
17:59:53.062 -1500.2 0.0 65.9 -1155.4 772.5 706.0
17:59:53.156 -1500.2 0.0 65.5 -1148.6 770.6 707.0
17:59:53.250 -1500.2 0.0 65.0 -1142.8 766.8 706.0
17:59:53.343 -1500.2 0.0 64.5 -1136.5 763.8 706.0
17:59:53.437 -1500.2 0.0 64.1 -1119.3 783.3 731.0
17:59:53.531 -1500.2 0.0 63.6 -1110.3 785.6 737.0
17:59:53.578 -1500.2 0.0 63.4 -1107.1 784.0 737.0
17:59:53.625 -1500.2 0.0 63.1 -1102.5 785.0 740.0
17:59:53.718 -1500.2 0.0 62.7 -1091.6 790.7 750.0
17:59:53.812 -1500.2 0.0 62.2 -1091.1 775.8 737.0
17:59:53.906 -1500.2 0.0 61.7 -1078.7 783.9 750.0
17:59:54.000 -1500.2 0.0 61.3 -1074.7 776.0 745.0
17:59:54.093 -1500.2 0.0 60.8 -1068.3 772.5 745.0
17:59:54.187 -1500.2 0.0 60.5 -1065.0 770.6 745.0
17:59:54.281 -1500.2 0.0 60.1 -1057.4 769.7 748.0
17:59:54.375 -1500.2 0.0 59.6 -1051.2 766.1 748.0
17:59:54.468 -1500.2 0.0 59.1 -1044.8 762.4 748.0
17:59:54.562 -1500.2 0.0 58.7 -1037.5 760.3 750.0
17:59:54.656 -1500.2 0.0 58.2 -1031.4 756.5 750.0
17:59:54.750 -1500.2 0.0 57.7 -1014.5 769.6 770.0
17:59:54.843 -1500.2 0.0 57.3 -955.1 847.9 868.0
17:59:54.937 -1500.2 0.0 56.8 -948.3 843.5 868.0
17:59:54.984 -1500.2 0.0 56.6 n/a n/a n/a
17:59:55.031 -1500.2 0.0 56.3 n/a n/a n/a
17:59:55.125 -1500.2 0.0 55.9 n/a n/a n/a
17:59:55.218 -1500.2 0.0 55.4 n/a n/a n/a
17:59:55.312 -1500.2 0.0 54.9 n/a n/a n/a
17:59:55.359 -1500.2 0.0 54.7 n/a n/a n/a
17:59:55.406 -1500.2 0.0 54.5 n/a n/a n/a
17:59:55.500 -1500.2 0.0 54.0 n/a n/a n/a
17:59:55.593 -1500.2 0.0 53.5 n/a n/a n/a
17:59:55.687 -1500.2 0.0 53.1 n/a n/a n/a
17:59:55.781 -1500.2 0.0 52.6 n/a n/a n/a
17:59:55.875 -1500.2 0.0 52.1 n/a n/a n/a
17:59:55.968 -1500.2 0.0 51.7 n/a n/a n/a
17:59:56.062 -1500.2 0.0 51.2 n/a n/a n/a
17:59:56.156 -1500.2 0.0 50.7 n/a n/a n/a
17:59:56.250 -1500.2 0.0 50.5 n/a n/a n/a
17:59:56.343 -1500.2 0.0 50.0 n/a n/a n/a
17:59:56.437 -1500.2 0.0 49.5 n/a n/a n/a
17:59:56.531 -1500.2 0.0 49.1 n/a n/a n/a
17:59:56.625 -1500.2 0.0 48.6 n/a n/a n/a
17:59:56.718 -1500.2 0.0 48.1 n/a n/a n/a
17:59:56.812 -1500.2 0.0 47.7 n/a n/a n/a
17:59:56.906 -1500.2 0.0 47.2 n/a n/a n/a
17:59:57.000 -1500.2 0.0 46.7 n/a n/a n/a
17:59:57.093 -1500.2 0.0 46.3 n/a n/a n/a
17:59:57.187 -1500.2 0.0 45.8 n/a n/a n/a
17:59:57.281 -1500.2 0.0 45.3 n/a n/a n/a
17:59:57.375 -1500.2 0.0 45.0 n/a n/a n/a
17:59:57.468 -1500.2 0.0 45.0 n/a n/a n/a
17:59:57.890 -1500.2 0.0 45.0 n/a n/a n/a
17:59:57.937 -1500.2 0.0 45.0 n/a n/a n/a
17:59:58.031 -1500.2 0.0 45.0 n/a n/a n/a
17:59:58.125 -1500.2 0.0 45.0 n/a n/a n/a
