Тестовая информация 0. Исходные сенсорные данные: Time, X_rob, Y_rob, Ang_rob, X_obj, Y_obj, Distance (мм, град)
18:00:39.656 -1500.2 0.0 135.0 n/a n/a n/a
18:00:39.750 -1500.2 0.0 135.0 n/a n/a n/a
18:00:39.843 -1500.2 0.0 135.0 n/a n/a n/a
18:00:39.937 -1500.2 0.0 135.0 n/a n/a n/a
18:00:40.031 -1500.2 0.0 135.0 n/a n/a n/a
18:00:40.125 -1500.2 0.0 135.0 n/a n/a n/a
18:00:40.218 -1500.2 0.0 134.8 n/a n/a n/a
18:00:40.312 -1500.2 0.0 134.4 n/a n/a n/a
18:00:40.406 -1500.2 0.0 133.9 n/a n/a n/a
18:00:40.500 -1500.2 0.0 133.4 n/a n/a n/a
18:00:40.593 -1500.2 0.0 133.0 n/a n/a n/a
18:00:40.687 -1500.2 0.0 132.5 n/a n/a n/a
18:00:40.781 -1500.2 0.0 132.0 n/a n/a n/a
18:00:40.875 -1500.2 0.0 131.5 n/a n/a n/a
18:00:40.968 -1500.2 0.0 131.1 n/a n/a n/a
18:00:41.062 -1500.2 0.0 130.6 n/a n/a n/a
18:00:41.156 -1500.2 0.0 130.1 n/a n/a n/a
18:00:41.250 -1500.2 0.0 129.7 n/a n/a n/a
18:00:41.343 -1500.2 0.0 129.2 n/a n/a n/a
18:00:41.437 -1500.2 0.0 129.0 n/a n/a n/a
18:00:41.531 -1500.2 0.0 128.3 n/a n/a n/a
18:00:41.625 -1500.2 0.0 128.0 n/a n/a n/a
18:00:41.718 -1500.2 0.0 127.6 n/a n/a n/a
18:00:41.812 -1500.2 0.0 127.1 n/a n/a n/a
18:00:41.906 -1500.2 0.0 126.6 n/a n/a n/a
18:00:41.953 -1500.2 0.0 126.4 n/a n/a n/a
18:00:42.000 -1500.2 0.0 126.2 n/a n/a n/a
18:00:42.093 -1500.2 0.0 125.7 n/a n/a n/a
18:00:42.187 -1500.2 0.0 125.2 n/a n/a n/a
18:00:42.281 -1500.2 0.0 124.8 n/a n/a n/a
18:00:42.375 -1500.2 0.0 124.3 n/a n/a n/a
18:00:42.468 -1500.2 0.0 123.8 n/a n/a n/a
18:00:42.562 -1500.2 0.0 123.3 n/a n/a n/a
18:00:42.656 -1500.2 0.0 122.9 n/a n/a n/a
18:00:42.750 -1500.2 0.0 122.4 n/a n/a n/a
18:00:42.843 -1500.2 0.0 121.9 n/a n/a n/a
18:00:42.937 -1500.2 0.0 121.5 -2020.7 850.4 857.0
18:00:43.031 -1500.2 0.0 121.0 -2013.8 854.5 857.0
18:00:43.125 -1500.2 0.0 120.5 -1923.8 718.4 694.0
18:00:43.218 -1500.2 0.0 120.1 -1918.1 721.8 694.0
18:00:43.312 -1500.2 0.0 119.6 -1912.1 725.2 694.0
18:00:43.406 -1500.2 0.0 119.1 -1896.5 711.0 674.0
18:00:43.500 -1500.2 0.0 118.9 -1884.8 696.9 656.0
18:00:43.593 -1500.2 0.0 118.2 -1876.2 701.6 656.0
18:00:43.687 -1500.2 0.0 117.7 -1865.5 694.8 645.0
18:00:43.781 -1500.2 0.0 117.5 -1856.5 684.9 632.0
18:00:43.875 -1500.2 0.0 117.0 -1850.9 687.7 632.0
18:00:43.968 -1500.2 0.0 116.6 -1837.3 674.5 614.0
18:00:44.062 -1500.2 0.0 116.1 -1825.6 664.6 600.0
18:00:44.156 -1500.2 0.0 115.6 -1820.1 667.3 600.0
18:00:44.250 -1500.2 0.0 115.1 -1794.6 627.3 553.0
18:00:44.343 -1500.2 0.0 114.7 -1788.7 627.9 551.0
18:00:44.437 -1500.2 0.0 114.2 -1783.6 630.2 551.0
18:00:44.531 -1500.2 0.0 113.7 -1779.2 634.4 553.0
18:00:44.625 -1500.2 0.0 113.3 -1774.0 636.6 553.0
18:00:44.718 -1500.2 0.0 112.8 -1773.9 650.8 566.0
18:00:44.812 -1500.2 0.0 112.3 -1768.9 654.0 567.0
18:00:44.906 -1500.2 0.0 111.9 -1763.5 656.2 567.0
18:00:45.000 -1500.2 0.0 111.4 -1761.5 666.6 576.0
18:00:45.093 -1500.2 0.0 110.9 -1756.7 670.6 578.0
18:00:45.187 -1500.2 0.0 110.5 -1751.1 672.7 578.0
18:00:45.281 -1500.2 0.0 110.0 -1747.6 680.4 584.0
18:00:45.375 -1500.2 0.0 109.5 -1744.9 689.9 592.0
18:00:45.468 -1500.2 0.0 109.1 -1738.8 691.0 591.0
18:00:45.562 -1500.2 0.0 108.8 -1736.3 692.9 592.0
18:00:45.609 -1500.2 0.0 108.3 -1732.8 701.4 599.0
18:00:45.656 -1500.2 0.0 108.3 -1732.8 701.4 599.0
18:00:45.750 -1500.2 0.0 107.9 -1730.1 712.8 609.0
18:00:45.843 -1500.2 0.0 107.4 -1725.2 717.5 612.0
18:00:45.890 -1500.2 0.0 107.2 -1721.4 715.6 609.0
18:00:45.937 -1500.2 0.0 106.9 -1719.1 718.4 611.0
18:00:46.031 -1500.2 0.0 106.5 -1713.5 721.1 612.0
18:00:46.125 -1500.2 0.0 106.0 -1707.6 722.8 612.0
18:00:46.218 -1500.2 0.0 105.5 -1703.8 732.2 620.0
18:00:46.265 -1500.2 0.0 105.3 -1702.0 737.9 625.0
18:00:46.312 -1500.2 0.0 105.1 -1699.1 738.7 625.0
18:00:46.406 -1500.2 0.0 104.6 -1693.6 742.2 627.0
18:00:46.500 -1500.2 0.0 104.1 -1687.9 745.7 629.0
18:00:46.546 -1500.2 0.0 103.9 -1684.9 746.5 629.0
18:00:46.593 -1500.2 0.0 103.7 -1683.4 753.0 635.0
18:00:46.687 -1500.2 0.0 103.2 -1676.8 752.6 633.0
18:00:46.781 -1500.2 0.0 102.7 -1670.5 754.0 633.0
18:00:46.875 -1500.2 0.0 102.3 -1665.7 761.2 639.0
18:00:46.968 -1500.2 0.0 101.8 -1660.7 768.4 645.0
18:00:47.062 -1500.2 0.0 101.3 -1654.3 769.7 645.0
18:00:47.156 -1500.2 0.0 100.9 -1649.8 779.8 654.0
18:00:47.250 -1500.2 0.0 100.4 -1644.6 787.9 661.0
18:00:47.343 -1500.2 0.0 99.9 -1638.1 789.0 661.0
18:00:47.437 -1500.2 0.0 99.4 -1632.6 796.1 667.0
18:00:47.531 -1500.2 0.0 99.0 -1626.4 798.1 668.0
18:00:47.625 -1500.2 0.0 98.7 -1622.8 796.6 666.0
18:00:47.718 -1500.2 0.0 98.3 -1616.2 797.6 666.0
18:00:47.812 -1500.2 0.0 97.8 -1609.7 798.5 666.0
18:00:47.906 -1500.2 0.0 97.3 -1603.1 799.4 666.0
18:00:48.000 -1500.2 0.0 96.9 -1596.6 800.2 666.0
18:00:48.093 -1500.2 0.0 96.4 -1589.9 801.0 666.0
18:00:48.187 -1500.2 0.0 95.9 -1583.6 801.7 666.0
18:00:48.281 -1500.2 0.0 95.5 -1577.0 802.3 666.0
18:00:48.375 -1500.2 0.0 95.0 -1570.5 804.9 668.0
18:00:48.421 -1500.2 0.0 94.8 -1567.1 803.2 666.0
18:00:48.468 -1500.2 0.0 94.5 -1563.8 803.5 666.0
18:00:48.562 -1500.2 0.0 94.1 -1557.4 806.0 668.0
18:00:48.656 -1500.2 0.0 93.6 -1550.5 802.4 664.0
18:00:48.750 -1500.2 0.0 93.1 -1544.0 802.8 664.0
18:00:48.843 -1500.2 0.0 92.6 -1537.5 806.1 667.0
18:00:48.937 -1500.2 0.0 92.2 -1530.6 799.4 660.0
18:00:49.031 -1500.2 0.0 91.7 -1524.1 799.6 660.0
18:00:49.125 -1500.2 0.0 91.2 -1517.6 796.8 657.0
18:00:49.218 -1500.2 0.0 90.8 -1510.9 796.9 657.0
18:00:49.312 -1500.2 0.0 90.3 -1504.3 797.0 657.0
18:00:49.406 -1500.2 0.0 89.8 -1497.9 800.0 660.0
18:00:49.500 -1500.2 0.0 89.6 -1494.7 800.0 660.0
18:00:49.593 -1500.2 0.0 88.9 -1485.0 799.9 660.0
18:00:49.687 -1500.2 0.0 88.7 -1481.6 800.8 661.0
18:00:49.781 -1500.2 0.0 88.2 -1475.0 800.6 661.0
18:00:49.875 -1500.2 0.0 87.7 -1468.4 802.4 663.0
18:00:49.968 -1500.2 0.0 87.3 -1462.0 800.1 661.0
18:00:50.015 -1500.2 0.0 87.0 -1458.6 798.9 660.0
18:00:50.062 -1500.2 0.0 86.8 -1455.4 798.7 660.0
18:00:50.156 -1500.2 0.0 86.3 -1449.1 797.4 659.0
18:00:50.250 -1500.2 0.0 85.9 -1442.6 795.9 658.0
18:00:50.343 -1500.2 0.0 85.4 -1436.1 795.4 658.0
18:00:50.437 -1500.2 0.0 84.9 -1429.4 795.9 659.0
18:00:50.531 -1500.2 0.0 84.4 -1422.9 795.3 659.0
18:00:50.625 -1500.2 0.0 84.0 -1416.3 795.6 660.0
18:00:50.718 -1500.2 0.0 83.5 -1408.8 803.8 669.0
18:00:50.812 -1500.2 0.0 83.0 -1402.7 799.1 665.0
18:00:50.906 -1500.2 0.0 82.6 -1396.1 798.2 665.0
18:00:51.000 -1500.2 0.0 82.1 -1389.9 795.4 663.0
18:00:51.093 -1500.2 0.0 81.6 -1383.5 794.5 663.0
18:00:51.187 -1500.2 0.0 81.2 -1376.7 794.5 664.0
18:00:51.281 -1500.2 0.0 80.7 -1369.7 796.4 667.0
18:00:51.375 -1500.2 0.0 80.2 -1363.5 794.3 666.0
18:00:51.468 -1500.2 0.0 79.8 -1356.8 794.2 667.0
18:00:51.515 -1500.2 0.0 79.5 -1353.2 795.5 669.0
18:00:51.562 -1500.2 0.0 79.5 -1353.8 792.6 666.0
18:00:51.656 -1500.2 0.0 78.8 -1343.9 790.7 666.0
18:00:51.750 -1500.2 0.0 78.6 -1340.7 791.1 667.0
18:00:51.843 -1500.2 0.0 78.1 -1334.1 789.7 667.0
18:00:51.937 -1500.2 0.0 77.6 -1326.7 792.2 671.0
18:00:52.031 -1500.2 0.0 77.2 -1319.1 796.7 677.0
18:00:52.125 -1500.2 0.0 76.7 -1312.6 795.2 677.0
18:00:52.218 -1500.2 0.0 76.2 -1305.2 796.5 680.0
18:00:52.312 -1500.2 0.0 75.8 -1298.9 793.9 679.0
18:00:52.406 -1500.2 0.0 75.3 -1293.1 790.3 677.0
18:00:52.500 -1500.2 0.0 74.8 -1286.0 790.5 679.0
18:00:52.593 -1500.2 0.0 74.4 -1280.1 786.8 677.0
18:00:52.687 -1500.2 0.0 73.9 -1273.7 785.0 677.0
18:00:52.781 -1500.2 0.0 73.4 -1267.4 783.1 677.0
18:00:52.875 -1500.2 0.0 73.0 -1258.6 788.8 685.0
18:00:52.968 -1500.2 0.0 72.5 -1252.1 786.8 685.0
18:00:53.062 -1500.2 0.0 72.0 -1243.2 792.4 693.0
18:00:53.156 -1500.2 0.0 71.6 -1237.0 789.3 692.0
18:00:53.250 -1500.2 0.0 71.1 -1230.6 787.1 692.0
18:00:53.343 -1500.2 0.0 70.6 -1224.3 784.9 692.0
18:00:53.390 -1500.2 0.0 70.4 -1221.1 783.8 692.0
18:00:53.437 -1500.2 0.0 70.2 -1217.7 782.6 692.0
18:00:53.531 -1500.2 0.0 69.7 -1211.4 780.3 692.0
18:00:53.625 -1500.2 0.0 69.5 -1207.2 781.9 695.0
18:00:53.718 -1500.2 0.0 69.0 -1202.7 774.8 690.0
18:00:53.812 -1500.2 0.0 68.5 -1194.3 776.9 695.0
18:00:53.906 -1500.2 0.0 68.1 -1189.2 771.7 692.0
18:00:54.000 -1500.2 0.0 67.6 -1183.0 769.1 692.0
18:00:54.093 -1500.2 0.0 67.1 -1167.7 787.7 715.0
18:00:54.187 -1500.2 0.0 66.6 -1161.7 784.0 714.0
18:00:54.234 -1500.2 0.0 66.4 -1158.4 782.6 714.0
18:00:54.281 -1500.2 0.0 66.2 -1155.2 781.2 714.0
18:00:54.375 -1500.2 0.0 65.7 -1146.3 783.8 720.0
18:00:54.468 -1500.2 0.0 65.2 -1139.9 780.9 720.0
18:00:54.562 -1500.2 0.0 64.8 -1126.0 794.3 738.0
18:00:54.656 -1500.2 0.0 64.3 -1122.6 784.9 731.0
18:00:54.750 -1500.2 0.0 63.8 -1115.9 781.7 731.0
18:00:54.843 -1500.2 0.0 63.4 -1109.7 778.6 731.0
18:00:54.937 -1500.2 0.0 62.9 -1102.9 776.3 732.0
18:00:55.031 -1500.2 0.0 62.4 -1097.5 771.2 730.0
18:00:55.125 -1500.2 0.0 62.0 -1090.2 769.6 732.0
18:00:55.218 -1500.2 0.0 61.5 -1084.9 764.5 730.0
18:00:55.312 -1500.2 0.0 61.0 -1078.7 761.1 730.0
18:00:55.406 -1500.2 0.0 60.5 -1067.5 766.3 740.0
18:00:55.500 -1500.2 0.0 60.1 -1060.2 764.4 742.0
18:00:55.593 -1500.2 0.0 59.6 -1054.1 760.9 742.0
18:00:55.687 -1500.2 0.0 59.4 -1046.3 766.7 751.0
18:00:55.781 -1500.2 0.0 58.7 -1030.1 772.2 764.0
18:00:55.875 -1500.2 0.0 58.2 -1028.2 761.6 756.0
18:00:55.921 -1500.2 0.0 58.0 -1020.9 766.4 764.0
18:00:55.968 -1500.2 0.0 58.0 -979.0 833.4 843.0
18:00:56.062 -1500.2 0.0 57.5 -972.1 829.1 843.0
18:00:56.156 -1500.2 0.0 57.0 n/a n/a n/a
18:00:56.250 -1500.2 0.0 56.6 n/a n/a n/a
18:00:56.343 -1500.2 0.0 56.1 n/a n/a n/a
18:00:56.437 -1500.2 0.0 55.6 n/a n/a n/a
18:00:56.531 -1500.2 0.0 55.2 n/a n/a n/a
18:00:56.625 -1500.2 0.0 54.7 n/a n/a n/a
18:00:56.718 -1500.2 0.0 54.2 n/a n/a n/a
18:00:56.812 -1500.2 0.0 53.8 n/a n/a n/a
18:00:56.906 -1500.2 0.0 53.3 n/a n/a n/a
18:00:57.000 -1500.2 0.0 52.8 n/a n/a n/a
18:00:57.093 -1500.2 0.0 52.4 n/a n/a n/a
18:00:57.187 -1500.2 0.0 51.9 n/a n/a n/a
18:00:57.281 -1500.2 0.0 51.4 n/a n/a n/a
18:00:57.375 -1500.2 0.0 50.9 n/a n/a n/a
18:00:57.468 -1500.2 0.0 50.5 n/a n/a n/a
18:00:57.562 -1500.2 0.0 50.0 n/a n/a n/a
18:00:57.656 -1500.2 0.0 49.8 n/a n/a n/a
18:00:57.750 -1500.2 0.0 49.3 n/a n/a n/a
18:00:57.843 -1500.2 0.0 48.8 n/a n/a n/a
18:00:57.937 -1500.2 0.0 48.4 n/a n/a n/a
18:00:58.031 -1500.2 0.0 47.9 n/a n/a n/a
18:00:58.125 -1500.2 0.0 47.4 n/a n/a n/a
18:00:58.218 -1500.2 0.0 47.0 n/a n/a n/a
18:00:58.312 -1500.2 0.0 46.5 n/a n/a n/a
18:00:58.406 -1500.2 0.0 46.0 n/a n/a n/a
18:00:58.500 -1500.2 0.0 45.6 n/a n/a n/a
18:00:58.593 -1500.2 0.0 45.1 n/a n/a n/a
18:00:58.687 -1500.2 0.0 45.0 n/a n/a n/a
18:00:58.781 -1500.2 0.0 45.0 n/a n/a n/a
18:00:59.156 -1500.2 0.0 45.0 n/a n/a n/a
18:00:59.203 -1500.2 0.0 45.0 n/a n/a n/a
18:00:59.250 -1500.2 0.0 45.0 n/a n/a n/a
18:00:59.343 -1500.2 0.0 45.0 n/a n/a n/a
