Тестовая информация 0. Исходные сенсорные данные: Time, X_rob, Y_rob, Ang_rob, X_obj, Y_obj, Distance (мм, град)
10:19:16.140 -247.0 565.5 140.4 -774.9 1002.4 545.2
10:19:16.156 -247.0 565.5 139.4 -763.1 1007.2 539.3
10:19:16.343 -247.0 565.5 138.4 -750.9 1012.1 533.3
10:19:16.546 -247.0 565.5 137.4 -738.8 1017.0 527.6
10:19:16.750 -247.0 565.5 136.4 -727.0 1021.8 522.2
10:19:16.968 -247.0 565.5 135.4 -715.3 1026.6 517.1
10:19:17.156 -247.0 565.5 134.4 -703.8 1031.2 512.3
10:19:17.343 -247.0 565.5 133.4 -692.5 1035.8 507.7
10:19:17.546 -247.0 565.5 132.4 -681.3 1040.3 503.4
10:19:17.750 -247.0 565.5 131.4 -670.2 1044.8 499.4
10:19:17.968 -247.0 565.5 130.4 -659.3 1049.2 495.6
10:19:18.156 -247.0 565.5 129.4 -648.6 1053.6 492.0
10:19:18.343 -247.0 565.5 128.4 -637.9 1057.9 488.6
10:19:18.546 -247.0 565.5 127.4 -627.3 1062.1 485.5
10:19:18.750 -247.0 565.5 126.4 -616.9 1066.3 482.6
10:19:18.968 -247.0 565.5 125.4 -606.5 1070.5 479.9
10:19:19.156 -247.0 565.5 124.4 -596.2 1074.7 477.4
10:19:19.343 -247.0 565.5 123.4 -586.1 1078.8 475.1
10:19:19.546 -247.0 565.5 122.4 -575.9 1082.9 473.0
10:19:19.750 -247.0 565.5 121.4 -565.9 1086.9 471.1
10:19:19.968 -247.0 565.5 120.4 -555.9 1090.9 469.5
10:19:20.156 -247.0 565.5 119.4 -545.9 1095.0 468.0
10:19:20.343 -247.0 565.5 118.4 -536.0 1098.9 466.7
10:19:20.546 -247.0 565.5 117.4 -526.1 1102.9 465.5
10:19:20.750 -247.0 565.5 116.4 -516.3 1106.9 464.6
10:19:20.968 -247.0 565.5 115.4 -506.5 1110.8 463.9
10:19:21.156 -247.0 565.5 114.4 -496.7 1114.8 463.3
10:19:21.343 -247.0 565.5 113.4 -486.9 1118.7 462.9
10:19:21.546 -247.0 565.5 112.4 -477.2 1122.6 462.7
10:19:21.750 -247.0 565.5 111.4 -467.3 1126.2 462.4
10:19:21.968 -247.0 565.5 110.4 -457.4 1129.8 462.2
10:19:22.156 -247.0 565.5 109.4 -447.5 1133.4 462.2
10:19:22.343 -247.0 565.5 108.4 -437.6 1137.0 462.4
10:19:22.546 -247.0 565.5 107.4 -427.7 1140.6 462.8
10:19:22.750 -247.0 565.5 106.4 -417.7 1143.8 463.0
10:19:22.968 -247.0 565.5 105.4 -407.7 1147.1 463.4
10:19:23.156 -247.0 565.5 104.4 -397.7 1150.4 463.9
10:19:23.343 -247.0 565.5 103.4 -387.6 1153.7 464.7
10:19:23.546 -247.0 565.5 102.4 -377.6 1156.9 465.6
10:19:23.750 -247.0 565.5 101.4 -367.4 1160.2 466.8
10:19:23.968 -247.0 565.5 100.4 -357.3 1163.6 468.1
10:19:24.156 -247.0 565.5 99.4 -347.1 1166.9 469.6
10:19:24.343 -247.0 565.5 98.4 -336.8 1170.2 471.3
10:19:24.546 -247.0 565.5 97.4 -326.5 1173.6 473.2
10:19:24.750 -247.0 565.5 96.4 -316.1 1177.0 475.3
10:19:24.968 -247.0 565.5 95.4 -305.7 1180.4 477.6
10:19:25.156 -247.0 565.5 94.4 -295.1 1183.8 480.2
10:19:25.343 -247.0 565.5 93.4 -284.5 1187.3 482.9
10:19:25.546 -247.0 565.5 92.4 -273.7 1190.8 485.8
10:19:25.750 -247.0 565.5 91.4 -262.9 1194.3 489.0
10:19:25.968 -247.0 565.5 90.4 -252.0 1197.9 492.4
10:19:26.156 -247.0 565.5 89.4 -240.9 1201.5 496.0
10:19:26.343 -247.0 565.5 88.4 -229.7 1205.1 499.8
10:19:26.546 -247.0 565.5 87.4 -218.3 1208.8 503.9
10:19:26.765 -247.0 565.5 86.4 -206.9 1212.5 508.2
10:19:26.953 -247.0 565.5 85.4 -195.2 1216.3 512.8
10:19:27.140 -247.0 565.5 84.4 -183.4 1220.1 517.7
10:19:27.343 -247.0 565.5 83.4 -171.4 1224.0 522.8
10:19:27.562 -247.0 565.5 82.4 -159.2 1228.0 528.2
10:19:27.750 -247.0 565.5 81.4 -146.8 1232.0 533.9
10:19:27.937 -247.0 565.5 80.4 -134.2 1236.0 539.9
10:19:28.140 -247.0 565.5 79.4 -121.3 1240.2 546.3
10:19:28.359 -247.0 565.5 78.4 -108.3 1244.4 552.9
10:19:28.546 -247.0 565.5 77.4 -94.9 1248.7 559.9
10:19:28.734 -247.0 565.5 76.4 -81.7 1251.3 565.4
10:19:28.953 -247.0 565.5 75.4 -70.8 1244.3 561.2
10:19:29.140 -247.0 565.5 74.4 -60.1 1237.3 557.3
10:19:29.328 -247.0 565.5 73.4 -49.4 1230.4 553.6
10:19:29.531 -247.0 565.5 72.4 -38.9 1223.6 550.2
10:19:29.750 -247.0 565.5 71.4 -28.4 1216.8 547.0
10:19:29.937 -247.0 565.5 70.4 -18.1 1210.1 544.0
10:19:30.140 -247.0 565.5 69.4 -7.9 1203.4 541.3
10:19:30.359 -247.0 565.5 68.4 2.3 1196.8 538.7
10:19:30.546 -247.0 565.5 67.4 12.4 1190.3 536.5
10:19:30.734 -247.0 565.5 66.4 22.5 1183.7 534.4
10:19:30.953 -247.0 565.5 65.4 32.4 1177.3 532.5
10:19:31.140 -247.0 565.5 64.4 42.4 1170.8 530.9
10:19:31.328 -247.0 565.5 63.4 52.2 1164.4 529.5
10:19:31.531 -247.0 565.5 62.4 62.1 1158.0 528.3
10:19:31.750 -247.0 565.5 61.4 71.9 1151.6 527.2
10:19:31.937 -247.0 565.5 60.4 81.7 1145.3 526.4
10:19:32.140 -247.0 565.5 59.4 91.4 1138.9 525.8
10:19:32.359 -247.0 565.5 58.4 101.2 1132.6 525.4
10:19:32.546 -247.0 565.5 57.4 110.9 1126.2 525.2
10:19:32.734 -247.0 565.5 56.4 120.4 1119.6 524.8
10:19:32.953 -247.0 565.5 55.4 129.9 1112.9 524.6
10:19:33.140 -247.0 565.5 54.4 139.4 1106.3 524.6
10:19:33.328 -247.0 565.5 53.4 148.9 1099.6 524.8
10:19:33.531 -247.0 565.5 52.4 158.4 1092.9 525.2
10:19:33.750 -247.0 565.5 51.4 167.7 1085.9 525.5
10:19:33.937 -247.0 565.5 50.4 177.0 1078.9 525.9
10:19:34.140 -247.0 565.5 49.4 186.3 1071.9 526.5
10:19:34.359 -247.0 565.5 48.4 195.6 1064.9 527.3
10:19:34.546 -247.0 565.5 47.4 205.0 1057.9 528.4
10:19:34.734 -247.0 565.5 46.4 214.4 1050.8 529.6
10:19:34.937 -247.0 565.5 45.4 223.8 1043.7 531.1
10:19:35.156 -247.0 565.5 44.4 233.2 1036.6 532.7
10:19:35.343 -247.0 565.5 43.4 242.7 1029.4 534.6
10:19:35.531 -247.0 565.5 42.4 252.3 1022.2 536.7
10:19:35.734 -247.0 565.5 41.4 261.9 1015.0 539.0
10:19:35.953 -247.0 565.5 40.4 271.6 1007.7 541.5
10:19:36.140 -247.0 565.5 39.4 281.4 1000.3 544.3
10:19:36.343 -247.0 565.5 38.4 291.3 992.9 547.3
10:19:36.546 -247.0 565.5 37.4 301.2 985.4 550.5
10:19:36.765 -247.0 565.5 36.4 311.2 977.8 554.0
10:19:36.953 -247.0 565.5 35.4 321.4 970.2 557.7
10:19:37.156 -247.0 565.5 34.4 331.6 962.4 561.7
10:19:37.375 -247.0 565.5 33.4 342.0 954.6 565.9
10:19:37.562 -247.0 565.5 32.4 352.5 946.7 570.4
10:19:37.750 -247.0 565.5 31.4 363.1 938.6 575.2
10:19:37.953 -247.0 565.5 30.4 373.9 930.5 580.2
10:19:38.171 -247.0 565.5 29.4 384.8 922.2 585.6
10:19:38.359 -247.0 565.5 28.4 395.9 913.8 591.2
10:19:38.546 -247.0 565.5 27.4 407.2 905.3 597.2
10:19:38.750 -247.0 565.5 26.4 418.6 896.6 603.5
10:19:38.968 -247.0 565.5 25.4 430.3 887.8 610.1
10:19:39.156 -247.0 565.5 24.4 442.2 878.8 617.1
10:19:39.343 -247.0 565.5 23.4 454.2 869.7 624.4
10:19:39.546 -247.0 565.5 22.4 466.6 860.3 632.1
10:19:39.765 -247.0 565.5 21.4 479.2 850.8 640.2
10:19:39.953 -247.0 565.5 20.4 492.0 841.1 648.7
10:19:40.140 -247.0 565.5 19.4 505.1 831.1 657.7
10:19:40.343 -247.0 565.5 18.4 518.6 820.9 667.1
10:19:40.562 -247.0 565.5 17.4 532.3 810.5 676.9
10:19:40.750 -247.0 565.5 16.4 546.4 799.8 687.3
10:19:40.937 -247.0 565.5 15.4 560.9 788.8 698.2
10:19:41.140 -247.0 565.5 14.4 575.7 777.5 709.6
10:19:41.343 -247.0 565.5 13.4 591.0 765.9 721.6
10:19:41.562 -247.0 565.5 12.4 606.7 753.9 734.2
10:19:41.750 -247.0 565.5 11.4 622.8 741.7 747.5
10:19:41.937 -247.0 565.5 10.4 639.5 729.0 761.4
10:19:42.140 -247.0 565.5 9.4 656.7 715.9 776.1
10:19:42.343 -247.0 565.5 8.4 663.1 700.7 780.2
10:19:42.562 -247.0 565.5 7.4 662.3 684.4 777.1
10:19:42.750 -247.0 565.5 6.4 661.5 668.2 774.3
10:19:42.937 -247.0 565.5 5.4 660.7 652.1 771.9
10:19:43.140 -247.0 565.5 4.4 659.9 636.1 769.7
10:19:43.343 -247.0 565.5 3.4 659.1 620.1 767.8
10:19:43.546 -247.0 565.5 2.4 658.3 604.2 766.2
10:19:43.765 -247.0 565.5 1.4 657.5 588.4 764.8
10:19:43.953 -247.0 565.5 0.4 656.7 572.6 763.8
10:19:44.156 -247.0 565.5 -0.6 655.9 556.8 763.0
10:19:44.359 -247.0 565.5 -1.6 655.1 541.1 762.5
10:19:44.562 -247.0 565.5 -2.6 654.3 525.3 762.2
10:19:44.781 -247.0 565.5 -3.6 652.9 509.6 761.7
10:19:44.968 -247.0 565.5 -4.6 651.5 494.0 761.4
10:19:45.156 -247.0 565.5 -5.6 650.2 478.3 761.4
10:19:45.359 -247.0 565.5 -6.6 648.8 462.6 761.7
10:19:45.562 -247.0 565.5 -7.6 647.4 446.9 762.3
10:19:45.781 -247.0 565.5 -8.6 645.4 431.3 762.5
10:19:45.968 -247.0 565.5 -9.6 643.5 415.6 763.1
10:19:46.156 -247.0 565.5 -10.6 641.5 400.0 763.9
10:19:46.359 -247.0 565.5 -11.6 639.6 384.3 765.0
10:19:46.562 -247.0 565.5 -12.6 637.6 368.5 766.3
10:19:46.781 -247.0 565.5 -13.6 635.6 352.7 768.0
10:19:46.968 -247.0 565.5 -14.6 633.7 336.9 769.9
10:19:47.156 -247.0 565.5 -15.6 631.7 321.0 772.1
10:19:47.359 -247.0 565.5 -16.6 629.7 304.9 774.6
10:19:47.562 -247.0 565.5 -17.6 627.7 288.8 777.4
10:19:47.781 -247.0 565.5 -18.6 625.6 272.6 780.5
10:19:47.968 -247.0 565.5 -19.6 623.6 256.3 783.9
10:19:48.156 -247.0 565.5 -20.6 621.5 239.9 787.6
10:19:48.359 -247.0 565.5 -21.6 619.4 223.3 791.6
10:19:48.578 -247.0 565.5 -22.6 617.3 206.5 796.0
10:19:48.765 -247.0 565.5 -23.6 615.2 189.6 800.6
10:19:48.953 -247.0 565.5 -24.6 613.1 172.6 805.6
10:19:49.156 -247.0 565.5 -25.6 610.9 155.3 811.0
10:19:49.375 -247.0 565.5 -26.6 608.7 137.9 816.7
10:19:49.562 -247.0 565.5 -27.6 606.5 120.2 822.7
10:19:49.750 -247.0 565.5 -28.6 604.2 102.3 829.1
10:19:49.953 -247.0 565.5 -29.6 601.9 84.1 836.0
10:19:50.171 -247.0 565.5 -30.6 599.6 65.7 843.2
10:19:50.359 -247.0 565.5 -31.6 597.3 47.1 850.8
10:19:50.546 -247.0 565.5 -32.6 594.9 28.1 858.8
10:19:50.750 -247.0 565.5 -33.6 592.4 8.8 867.3
10:19:50.968 -247.0 565.5 -34.6 589.9 -10.9 876.2
10:19:51.156 -247.0 565.5 -35.6 587.4 -30.8 885.6
10:19:51.359 -247.0 565.5 -36.6 584.8 -51.2 895.5
10:19:51.562 -247.0 565.5 -37.6 582.2 -72.0 905.9
10:19:51.781 -247.0 565.5 -38.6 579.5 -93.2 916.9
10:19:51.968 -247.0 565.5 -39.6 576.7 -114.8 928.4
10:19:52.156 -247.0 565.5 -39.6 576.5 -116.1 929.1
