Тестовая информация 0. Исходные сенсорные данные: Time, X_rob, Y_rob, Ang_rob, X_obj, Y_obj, Distance (мм, град)
14:37:48.734 0.0 0.0 90.0 -0.2 841.0 701.0
14:37:48.828 0.0 0.0 90.0 -0.2 835.0 695.0
14:37:48.921 0.0 0.0 90.0 -0.2 835.0 695.0
14:37:49.015 0.0 0.0 90.0 -0.2 836.0 696.0
14:37:49.109 0.0 0.0 90.0 -0.2 842.0 702.0
14:37:49.203 0.0 0.0 90.0 -0.2 842.0 702.0
14:37:49.296 0.0 0.0 90.0 -0.2 842.0 702.0
14:37:49.390 0.0 0.0 90.0 -0.2 834.0 694.0
14:37:49.484 0.0 0.0 89.6 5.8 834.0 694.0
14:37:49.578 0.0 0.0 89.1 12.5 833.9 694.0
14:37:49.671 0.0 0.0 88.7 19.2 827.8 688.0
14:37:49.765 0.0 0.0 88.2 26.0 827.6 688.0
14:37:49.859 0.0 0.0 88.0 29.5 831.5 692.0
14:37:49.953 0.0 0.0 87.3 39.7 830.1 691.0
14:37:50.046 0.0 0.0 86.8 46.4 829.7 691.0
14:37:50.140 0.0 0.0 86.6 49.7 829.5 691.0
14:37:50.187 0.0 0.0 86.3 53.2 829.3 691.0
14:37:50.234 0.0 0.0 86.1 56.4 829.1 691.0
14:37:50.328 0.0 0.0 85.6 63.4 829.6 692.0
14:37:50.421 0.0 0.0 85.2 70.1 828.0 691.0
14:37:50.515 0.0 0.0 84.7 76.7 827.4 691.0
14:37:50.609 0.0 0.0 84.2 83.5 826.8 691.0
14:37:50.703 0.0 0.0 83.8 90.8 831.1 696.0
14:37:50.796 0.0 0.0 83.3 96.7 822.3 688.0
14:37:50.890 0.0 0.0 82.8 103.8 824.5 691.0
14:37:50.984 0.0 0.0 82.4 111.0 828.6 696.0
14:37:51.078 0.0 0.0 81.9 117.3 822.7 691.0
14:37:51.171 0.0 0.0 81.4 123.8 821.7 691.0
14:37:51.265 0.0 0.0 81.0 130.7 821.7 692.0
14:37:51.359 0.0 0.0 80.5 136.9 817.6 689.0
14:37:51.453 0.0 0.0 80.0 143.7 816.5 689.0
14:37:51.546 0.0 0.0 79.5 150.4 815.2 689.0
14:37:51.593 0.0 0.0 79.3 153.6 814.6 689.0
14:37:51.640 0.0 0.0 79.1 156.8 814.0 689.0
14:37:51.734 0.0 0.0 78.6 164.0 814.7 691.0
14:37:51.828 0.0 0.0 78.1 170.3 811.3 689.0
14:37:51.921 0.0 0.0 77.7 176.8 809.9 689.0
14:37:52.015 0.0 0.0 77.2 183.7 810.4 691.0
14:37:52.109 0.0 0.0 76.8 190.4 808.9 691.0
14:37:52.203 0.0 0.0 76.5 193.7 808.1 691.0
14:37:52.296 0.0 0.0 76.0 199.9 804.5 689.0
14:37:52.390 0.0 0.0 75.6 206.4 802.9 689.0
14:37:52.484 0.0 0.0 75.1 214.2 806.0 694.0
14:37:52.578 0.0 0.0 74.7 219.4 799.4 689.0
14:37:52.671 0.0 0.0 74.2 226.0 797.6 689.0
14:37:52.718 0.0 0.0 73.9 229.6 797.6 690.0
14:37:52.765 0.0 0.0 73.7 233.3 798.6 692.0
14:37:52.859 0.0 0.0 73.2 239.9 796.7 692.0
14:37:52.953 0.0 0.0 72.8 246.4 794.7 692.0
14:37:53.046 0.0 0.0 72.3 253.2 793.6 693.0
14:37:53.140 0.0 0.0 71.8 259.3 790.6 692.0
14:37:53.234 0.0 0.0 71.4 266.1 789.4 693.0
14:37:53.328 0.0 0.0 70.9 272.9 788.1 694.0
14:37:53.421 0.0 0.0 70.4 279.3 785.9 694.0
14:37:53.515 0.0 0.0 70.0 286.9 787.4 698.0
14:37:53.609 0.0 0.0 69.5 291.9 781.2 694.0
14:37:53.703 0.0 0.0 69.0 298.4 778.8 694.0
14:37:53.796 0.0 0.0 68.6 304.6 776.4 694.0
14:37:53.890 0.0 0.0 68.1 311.7 775.7 696.0
14:37:53.984 0.0 0.0 67.6 318.2 773.1 696.0
14:37:54.078 0.0 0.0 67.2 326.0 774.2 700.0
14:37:54.171 0.0 0.0 66.7 334.5 777.0 706.0
14:37:54.265 0.0 0.0 66.2 337.2 766.1 697.0
14:37:54.359 0.0 0.0 65.8 345.7 767.8 702.0
14:37:54.453 0.0 0.0 65.5 347.5 763.7 699.0
14:37:54.546 0.0 0.0 64.8 356.9 759.3 699.0
14:37:54.593 0.0 0.0 64.8 359.9 765.7 706.0
14:37:54.640 0.0 0.0 64.6 362.9 764.2 706.0
14:37:54.734 0.0 0.0 64.1 369.1 761.2 706.0
14:37:54.828 0.0 0.0 63.7 381.1 769.8 719.0
14:37:54.921 0.0 0.0 63.2 386.0 764.0 716.0
14:37:55.015 0.0 0.0 62.7 391.8 759.9 715.0
14:37:55.109 0.0 0.0 62.3 398.0 756.7 715.0
14:37:55.203 0.0 0.0 61.8 404.6 754.4 716.0
14:37:55.296 0.0 0.0 61.3 410.7 751.0 716.0
14:37:55.390 0.0 0.0 60.9 419.3 752.0 721.0
14:37:55.437 0.0 0.0 60.6 420.4 745.6 716.0
14:37:55.484 0.0 0.0 60.4 422.5 743.3 715.0
14:37:55.578 0.0 0.0 59.9 429.0 740.7 716.0
14:37:55.671 0.0 0.0 59.5 434.6 736.3 715.0
14:37:55.765 0.0 0.0 59.0 439.5 731.1 713.0
14:37:55.859 0.0 0.0 58.5 445.8 728.4 714.0
14:37:55.953 0.0 0.0 58.1 452.4 725.5 715.0
14:37:56.046 0.0 0.0 57.6 457.2 720.1 713.0
14:37:56.140 0.0 0.0 57.1 463.1 716.4 713.0
14:37:56.234 0.0 0.0 56.7 466.7 709.2 709.0
14:37:56.328 0.0 0.0 56.2 463.6 692.1 693.0
14:37:56.421 0.0 0.0 55.7 474.9 696.5 703.0
14:37:56.515 0.0 0.0 55.2 476.6 686.9 696.0
14:37:56.609 0.0 0.0 54.8 482.2 682.9 696.0
14:37:56.703 0.0 0.0 54.3 487.6 679.1 696.0
14:37:56.796 0.0 0.0 54.1 488.7 674.6 693.0
14:37:56.890 0.0 0.0 53.6 490.1 664.9 686.0
14:37:56.984 0.0 0.0 53.1 499.7 666.5 693.0
14:37:57.078 0.0 0.0 52.7 500.8 656.8 686.0
14:37:57.171 0.0 0.0 52.2 506.2 652.7 686.0
14:37:57.265 0.0 0.0 51.7 511.5 648.5 686.0
14:37:57.359 0.0 0.0 51.3 515.5 642.8 684.0
14:37:57.453 0.0 0.0 50.8 518.7 636.3 681.0
14:37:57.546 0.0 0.0 50.3 523.9 632.1 681.0
14:37:57.640 0.0 0.0 49.9 528.5 627.0 680.0
14:37:57.687 0.0 0.0 49.6 529.0 622.6 677.0
14:37:57.734 0.0 0.0 49.4 533.6 622.7 680.0
14:37:57.828 0.0 0.0 48.9 541.2 621.3 684.0
14:37:57.921 0.0 0.0 48.5 541.8 611.5 677.0
14:37:58.015 0.0 0.0 48.0 546.6 607.2 677.0
14:37:58.109 0.0 0.0 47.5 550.9 602.0 676.0
14:37:58.203 0.0 0.0 47.1 553.8 595.2 673.0
14:37:58.296 0.0 0.0 46.6 558.6 590.7 673.0
14:37:58.390 0.0 0.0 46.1 565.5 588.3 676.0
14:37:58.484 0.0 0.0 45.7 565.4 578.6 669.0
14:37:58.578 0.0 0.0 45.2 572.2 576.2 672.0
14:37:58.671 0.0 0.0 44.7 576.9 571.4 672.0
14:37:58.765 0.0 0.0 44.3 581.5 566.7 672.0
14:37:58.859 0.0 0.0 43.8 586.2 561.9 672.0
14:37:58.953 0.0 0.0 43.3 589.3 555.7 670.0
14:37:59.046 0.0 0.0 42.9 593.7 551.1 670.0
14:37:59.140 0.0 0.0 42.6 596.0 548.5 670.0
14:37:59.234 0.0 0.0 42.2 600.4 543.7 670.0
14:37:59.328 0.0 0.0 41.7 602.6 536.8 667.0
14:37:59.421 0.0 0.0 41.2 607.7 532.5 668.0
14:37:59.515 0.0 0.0 40.8 612.8 528.2 669.0
14:37:59.562 0.0 0.0 40.5 613.5 524.3 667.0
14:37:59.609 0.0 0.0 40.3 615.5 521.9 667.0
14:37:59.703 0.0 0.0 39.8 619.0 516.2 666.0
14:37:59.796 0.0 0.0 39.4 622.4 510.5 665.0
14:37:59.890 0.0 0.0 38.9 627.4 506.0 666.0
14:37:59.984 0.0 0.0 38.4 633.8 502.7 669.0
14:38:00.078 0.0 0.0 38.0 634.8 495.1 665.0
14:38:00.171 0.0 0.0 37.5 638.8 489.8 665.0
14:38:00.265 0.0 0.0 37.0 641.9 484.1 664.0
14:38:00.359 0.0 0.0 36.5 645.1 478.2 663.0
14:38:00.453 0.0 0.0 36.1 649.0 472.9 663.0
14:38:00.546 0.0 0.0 35.6 653.6 468.1 664.0
14:38:00.640 0.0 0.0 35.2 655.7 461.8 662.0
14:38:00.687 0.0 0.0 34.9 658.5 459.6 663.0
14:38:00.734 0.0 0.0 34.7 661.2 457.4 664.0
14:38:00.828 0.0 0.0 34.2 664.1 451.4 663.0
14:38:00.921 0.0 0.0 33.7 668.6 446.6 664.0
14:38:01.015 0.0 0.0 33.3 671.3 440.6 663.0
14:38:01.109 0.0 0.0 32.8 667.3 430.2 654.0
14:38:01.203 0.0 0.0 32.3 670.8 424.8 654.0
14:38:01.296 0.0 0.0 31.9 681.9 424.1 663.0
14:38:01.390 0.0 0.0 31.6 679.4 418.6 658.0
14:38:01.484 0.0 0.0 31.2 687.1 415.6 663.0
14:38:01.578 0.0 0.0 30.7 686.1 407.6 658.0
14:38:01.671 0.0 0.0 30.2 689.4 401.8 658.0
14:38:01.765 0.0 0.0 29.8 694.4 397.2 660.0
14:38:01.859 0.0 0.0 29.3 700.3 393.0 663.0
14:38:01.953 0.0 0.0 28.8 703.4 387.3 663.0
14:38:02.046 0.0 0.0 28.4 712.7 384.9 670.0
14:38:02.140 0.0 0.0 27.9 715.0 378.5 669.0
14:38:02.234 0.0 0.0 27.4 712.7 370.0 663.0
14:38:02.328 0.0 0.0 27.0 715.6 364.2 663.0
14:38:02.421 0.0 0.0 26.5 724.0 360.9 669.0
14:38:02.515 0.0 0.0 26.0 726.9 355.1 669.0
14:38:02.609 0.0 0.0 25.6 731.6 350.0 671.0
14:38:02.703 0.0 0.0 25.1 737.1 345.3 674.0
14:38:02.796 0.0 0.0 24.6 737.2 338.0 671.0
14:38:02.890 0.0 0.0 24.2 740.9 332.4 672.0
14:38:02.984 0.0 0.0 23.7 742.6 326.0 671.0
14:38:03.078 0.0 0.0 23.2 745.2 319.9 671.0
14:38:03.171 0.0 0.0 22.8 747.9 313.7 671.0
14:38:03.265 0.0 0.0 22.3 753.2 308.8 674.0
14:38:03.359 0.0 0.0 21.8 755.7 302.6 674.0
14:38:03.453 0.0 0.0 21.4 759.1 296.8 675.0
14:38:03.546 0.0 0.0 20.9 760.5 290.2 674.0
14:38:03.640 0.0 0.0 20.7 761.7 287.2 674.0
14:38:03.734 0.0 0.0 20.2 764.0 280.9 674.0
14:38:03.828 0.0 0.0 19.7 766.3 274.6 674.0
14:38:03.921 0.0 0.0 19.3 765.6 267.5 671.0
14:38:04.015 0.0 0.0 18.8 767.8 261.1 671.0
14:38:04.109 0.0 0.0 18.3 768.0 254.2 669.0
14:38:04.203 0.0 0.0 17.8 768.2 247.3 667.0
14:38:04.296 0.0 0.0 17.4 770.2 241.0 667.0
14:38:04.390 0.0 0.0 16.9 769.2 233.8 664.0
14:38:04.484 0.0 0.0 16.4 771.1 227.6 664.0
14:38:04.578 0.0 0.0 16.0 772.9 221.4 664.0
14:38:04.671 0.0 0.0 15.5 774.7 215.0 664.0
14:38:04.765 0.0 0.0 15.0 769.7 206.9 657.0
14:38:04.859 0.0 0.0 14.6 771.3 200.6 657.0
14:38:04.953 0.0 0.0 14.1 770.0 193.6 654.0
14:38:05.046 0.0 0.0 13.6 771.6 187.3 654.0
14:38:05.140 0.0 0.0 13.2 776.0 181.6 657.0
14:38:05.234 0.0 0.0 12.7 774.5 174.7 654.0
14:38:05.281 0.0 0.0 12.5 775.2 171.6 654.0
14:38:05.328 0.0 0.0 12.2 776.0 168.3 654.0
14:38:05.421 0.0 0.0 11.8 775.3 161.6 652.0
14:38:05.515 0.0 0.0 11.3 775.7 155.1 651.0
14:38:05.609 0.0 0.0 10.8 777.9 148.9 652.0
14:38:05.703 0.0 0.0 10.4 779.1 142.6 652.0
14:38:05.796 0.0 0.0 10.1 778.7 139.2 651.0
14:38:05.890 0.0 0.0 9.7 780.8 133.0 652.0
14:38:05.984 0.0 0.0 9.2 780.8 126.5 651.0
14:38:06.078 0.0 0.0 8.7 781.8 120.2 651.0
14:38:06.171 0.0 0.0 8.3 782.8 113.8 651.0
14:38:06.265 0.0 0.0 7.8 788.6 108.1 656.0
14:38:06.359 0.0 0.0 7.3 786.5 101.2 653.0
14:38:06.453 0.0 0.0 6.9 787.3 94.8 653.0
14:38:06.546 0.0 0.0 6.4 787.1 88.3 652.0
14:38:06.640 0.0 0.0 5.9 787.8 81.9 652.0
14:38:06.734 0.0 0.0 5.5 788.4 75.4 652.0
14:38:06.828 0.0 0.0 5.0 789.0 69.0 652.0
14:38:06.921 0.0 0.0 4.5 787.5 62.3 650.0
14:38:07.015 0.0 0.0 4.1 788.0 55.9 650.0
14:38:07.109 0.0 0.0 3.6 789.4 49.6 651.0
14:38:07.203 0.0 0.0 3.1 788.8 43.1 650.0
14:38:07.296 0.0 0.0 2.7 789.2 36.6 650.0
14:38:07.390 0.0 0.0 2.2 790.4 30.3 651.0
14:38:07.484 0.0 0.0 1.7 788.6 23.7 649.0
14:38:07.578 0.0 0.0 1.3 790.8 17.5 651.0
14:38:07.671 0.0 0.0 0.8 789.9 11.0 650.0
14:38:07.765 0.0 0.0 0.3 790.0 4.5 650.0
14:38:07.859 0.0 0.0 -0.1 790.0 -1.9 650.0
14:38:07.953 0.0 0.0 -0.6 782.0 -8.4 642.0
14:38:08.046 0.0 0.0 -1.1 781.9 -14.8 642.0
14:38:08.140 0.0 0.0 -1.3 785.8 -18.0 646.0
14:38:08.234 0.0 0.0 -1.8 787.6 -24.5 648.0
14:38:08.328 0.0 0.0 -2.2 787.4 -30.9 648.0
14:38:08.421 0.0 0.0 -2.7 791.1 -37.6 652.0
14:38:08.515 0.0 0.0 -3.2 788.8 -43.9 650.0
14:38:08.609 0.0 0.0 -3.7 788.4 -50.3 650.0
14:38:08.703 0.0 0.0 -4.1 792.0 -57.0 654.0
14:38:08.796 0.0 0.0 -4.6 794.4 -63.7 657.0
14:38:08.890 0.0 0.0 -5.1 793.9 -70.3 657.0
14:38:08.984 0.0 0.0 -5.5 794.3 -76.7 658.0
14:38:09.078 0.0 0.0 -6.0 792.7 -83.0 657.0
14:38:09.171 0.0 0.0 -6.5 792.0 -89.5 657.0
14:38:09.265 0.0 0.0 -6.9 793.2 -96.3 659.0
14:38:09.359 0.0 0.0 -7.4 793.4 -102.9 660.0
14:38:09.453 0.0 0.0 -7.9 792.5 -109.4 660.0
14:38:09.546 0.0 0.0 -8.3 792.5 -116.1 661.0
14:38:09.640 0.0 0.0 -8.8 792.6 -122.7 662.0
14:38:09.734 0.0 0.0 -9.3 789.6 -128.6 660.0
14:38:09.828 0.0 0.0 -9.7 788.5 -135.2 660.0
14:38:09.921 0.0 0.0 -10.2 789.3 -141.9 662.0
14:38:10.015 0.0 0.0 -10.7 788.2 -148.3 662.0
14:38:10.109 0.0 0.0 -11.1 793.8 -156.1 669.0
14:38:10.203 0.0 0.0 -11.6 794.4 -163.1 671.0
14:38:10.296 0.0 0.0 -12.1 793.1 -169.5 671.0
14:38:10.390 0.0 0.0 -12.3 792.4 -172.8 671.0
14:38:10.437 0.0 0.0 -12.8 790.0 -179.0 670.0
14:38:10.484 0.0 0.0 -13.0 789.3 -182.1 670.0
14:38:10.578 0.0 0.0 -13.2 791.4 -186.1 673.0
14:38:10.671 0.0 0.0 -13.7 793.8 -193.4 677.0
14:38:10.765 0.0 0.0 -14.2 792.2 -199.9 677.0
14:38:10.859 0.0 0.0 -14.6 794.4 -207.4 681.0
14:38:10.953 0.0 0.0 -15.1 789.8 -213.1 678.0
14:38:11.046 0.0 0.0 -15.6 787.0 -219.3 677.0
14:38:11.140 0.0 0.0 -16.0 786.2 -226.0 678.0
14:38:11.234 0.0 0.0 -16.5 784.3 -232.3 678.0
14:38:11.328 0.0 0.0 -17.0 782.4 -238.7 678.0
14:38:11.421 0.0 0.0 -17.4 791.9 -248.7 690.0
14:38:11.515 0.0 0.0 -17.9 784.1 -253.4 684.0
14:38:11.609 0.0 0.0 -18.4 781.0 -259.4 683.0
14:38:11.703 0.0 0.0 -18.8 779.8 -266.1 684.0
14:38:11.796 0.0 0.0 -19.3 779.5 -273.2 686.0
14:38:11.890 0.0 0.0 -19.8 777.3 -279.4 686.0
14:38:11.984 0.0 0.0 -20.2 783.4 -288.9 695.0
14:38:12.078 0.0 0.0 -20.7 782.9 -296.1 697.0
14:38:12.171 0.0 0.0 -21.2 775.8 -300.7 692.0
14:38:12.265 0.0 0.0 -21.6 778.0 -308.7 697.0
14:38:12.359 0.0 0.0 -22.1 777.3 -315.9 699.0
14:38:12.453 0.0 0.0 -22.6 774.7 -322.1 699.0
14:38:12.546 0.0 0.0 -23.0 789.5 -335.9 718.0
14:38:12.640 0.0 0.0 -23.3 798.2 -343.6 729.0
14:38:12.734 0.0 0.0 -24.0 781.2 -347.5 715.0
14:38:12.828 0.0 0.0 -24.2 779.7 -350.8 715.0
14:38:12.921 0.0 0.0 -24.7 769.6 -353.6 707.0
14:38:13.015 0.0 0.0 -25.1 766.7 -359.9 707.0
14:38:13.109 0.0 0.0 -25.6 767.3 -368.0 711.0
14:38:13.203 0.0 0.0 -26.1 772.3 -378.3 720.0
14:38:13.296 0.0 0.0 -26.6 758.5 -379.1 708.0
14:38:13.390 0.0 0.0 -27.0 755.5 -385.2 708.0
14:38:13.484 0.0 0.0 -27.5 749.6 -390.1 705.0
14:38:13.578 0.0 0.0 -28.0 743.8 -394.6 702.0
14:38:13.671 0.0 0.0 -28.4 740.5 -400.8 702.0
14:38:13.718 0.0 0.0 -28.7 740.6 -404.8 704.0
14:38:13.765 0.0 0.0 -28.9 736.3 -406.4 701.0
14:38:13.859 0.0 0.0 -29.4 734.7 -413.3 703.0
14:38:13.953 0.0 0.0 -29.8 729.6 -418.3 701.0
14:38:14.046 0.0 0.0 -30.3 724.4 -423.3 699.0
14:38:14.140 0.0 0.0 -30.8 720.9 -429.1 699.0
14:38:14.234 0.0 0.0 -31.2 714.0 -433.0 695.0
14:38:14.328 0.0 0.0 -31.7 707.9 -437.1 692.0
14:38:14.421 0.0 0.0 -32.2 706.8 -444.5 695.0
14:38:14.515 0.0 0.0 -32.6 700.7 -448.7 692.0
14:38:14.562 0.0 0.0 -32.9 698.8 -451.6 692.0
14:38:14.609 0.0 0.0 -33.1 697.0 -454.3 692.0
14:38:14.703 0.0 0.0 -33.6 693.3 -460.0 692.0
14:38:14.796 0.0 0.0 -33.8 691.4 -462.8 692.0
14:38:14.890 0.0 0.0 -34.5 685.6 -471.3 692.0
14:38:14.984 0.0 0.0 -34.7 677.1 -469.6 684.0
14:38:15.078 0.0 0.0 -35.2 673.3 -475.0 684.0
14:38:15.171 0.0 0.0 -35.7 669.4 -480.5 684.0
14:38:15.265 0.0 0.0 -36.1 661.4 -483.0 679.0
14:38:15.359 0.0 0.0 -36.6 657.4 -488.5 679.0
14:38:15.453 0.0 0.0 -37.1 653.5 -493.7 679.0
14:38:15.546 0.0 0.0 -37.5 648.6 -498.5 678.0
14:38:15.593 0.0 0.0 -37.8 646.6 -501.1 678.0
14:38:15.640 0.0 0.0 -38.0 644.5 -503.8 678.0
14:38:15.734 0.0 0.0 -38.5 640.4 -508.9 678.0
14:38:15.828 0.0 0.0 -38.9 636.2 -514.1 678.0
14:38:15.921 0.0 0.0 -39.4 632.0 -519.3 678.0
14:38:16.015 0.0 0.0 -39.9 627.7 -524.5 678.0
14:38:16.062 0.0 0.0 -40.1 625.6 -527.1 678.0
14:38:16.109 0.0 0.0 -40.3 625.8 -531.4 681.0
14:38:16.203 0.0 0.0 -40.8 623.7 -538.5 684.0
14:38:16.296 0.0 0.0 -41.3 619.2 -543.7 684.0
14:38:16.390 0.0 0.0 -41.8 617.0 -550.7 687.0
14:38:16.484 0.0 0.0 -42.2 610.2 -553.7 684.0
14:38:16.578 0.0 0.0 -42.7 602.8 -555.9 680.0
14:38:16.671 0.0 0.0 -43.1 599.0 -561.5 681.0
14:38:16.765 0.0 0.0 -43.6 596.6 -568.4 684.0
14:38:16.859 0.0 0.0 -44.1 591.8 -573.3 684.0
14:38:16.953 0.0 0.0 -44.6 587.1 -578.2 684.0
14:38:17.046 0.0 0.0 -45.0 583.2 -583.5 685.0
14:38:17.140 0.0 0.0 -45.3 580.8 -586.0 685.0
14:38:17.234 0.0 0.0 -45.7 578.1 -592.8 688.0
14:38:17.328 0.0 0.0 -46.2 573.9 -598.2 689.0
14:38:17.421 0.0 0.0 -46.7 567.6 -601.5 687.0
14:38:17.515 0.0 0.0 -47.1 564.0 -607.5 689.0
14:38:17.609 0.0 0.0 -47.6 557.7 -610.7 687.0
14:38:17.703 0.0 0.0 -48.1 552.7 -615.2 687.0
14:38:17.796 0.0 0.0 -48.5 547.8 -619.6 687.0
14:38:17.890 0.0 0.0 -49.0 542.7 -624.1 687.0
14:38:17.984 0.0 0.0 -49.5 536.2 -627.0 685.0
14:38:18.078 0.0 0.0 -49.9 532.4 -632.9 687.0
14:38:18.171 0.0 0.0 -50.4 527.8 -638.0 688.0
14:38:18.265 0.0 0.0 -50.9 520.7 -640.0 685.0
14:38:18.359 0.0 0.0 -51.3 515.5 -644.1 685.0
14:38:18.453 0.0 0.0 -51.8 510.2 -648.3 685.0
14:38:18.546 0.0 0.0 -52.3 504.9 -652.5 685.0
14:38:18.640 0.0 0.0 -52.7 501.4 -658.9 688.0
14:38:18.734 0.0 0.0 -53.2 497.1 -664.7 690.0
14:38:18.828 0.0 0.0 -53.7 491.7 -668.7 690.0
14:38:18.921 0.0 0.0 -54.1 486.9 -673.4 691.0
14:38:19.015 0.0 0.0 -54.6 481.3 -677.4 691.0
14:38:19.109 0.0 0.0 -55.1 475.2 -680.5 690.0
14:38:19.203 0.0 0.0 -55.5 470.1 -685.2 691.0
14:38:19.296 0.0 0.0 -56.0 466.3 -691.4 694.0
14:38:19.390 0.0 0.0 -56.5 460.6 -695.2 694.0
14:38:19.484 0.0 0.0 -56.9 455.0 -698.9 694.0
14:38:19.578 0.0 0.0 -57.2 452.0 -700.9 694.0
14:38:19.671 0.0 0.0 -57.6 446.3 -704.5 694.0
14:38:19.765 0.0 0.0 -58.1 443.3 -712.3 699.0
14:38:19.859 0.0 0.0 -58.6 437.9 -716.8 700.0
14:38:19.953 0.0 0.0 -59.1 432.0 -720.4 700.0
14:38:20.046 0.0 0.0 -59.5 433.8 -736.8 715.0
14:38:20.140 0.0 0.0 -60.0 425.8 -736.8 711.0
14:38:20.234 0.0 0.0 -60.4 414.3 -730.7 700.0
14:38:20.328 0.0 0.0 -60.9 412.2 -741.1 708.0
14:38:20.421 0.0 0.0 -61.4 407.6 -747.1 711.0
14:38:20.515 0.0 0.0 -61.8 401.6 -750.3 711.0
14:38:20.609 0.0 0.0 -62.3 396.7 -756.3 714.0
14:38:20.703 0.0 0.0 -62.8 389.2 -756.8 711.0
14:38:20.796 0.0 0.0 -63.3 381.6 -757.3 708.0
14:38:20.890 0.0 0.0 -63.7 375.4 -760.4 708.0
14:38:20.984 0.0 0.0 -64.2 367.9 -760.7 705.0
14:38:21.078 0.0 0.0 -64.7 359.6 -759.2 700.0
14:38:21.171 0.0 0.0 -65.1 355.6 -766.5 705.0
14:38:21.265 0.0 0.0 -65.6 348.5 -767.6 703.0
14:38:21.359 0.0 0.0 -66.1 342.1 -770.5 703.0
14:38:21.406 0.0 0.0 -66.3 339.1 -771.8 703.0
14:38:21.453 0.0 0.0 -66.5 332.6 -765.9 695.0
14:38:21.546 0.0 0.0 -67.0 325.3 -765.8 692.0
14:38:21.640 0.0 0.0 -67.5 318.9 -768.4 692.0
14:38:21.734 0.0 0.0 -67.9 311.1 -767.3 688.0
14:38:21.828 0.0 0.0 -68.2 306.2 -763.9 683.0
14:38:21.921 0.0 0.0 -68.6 299.9 -766.4 683.0
14:38:22.015 0.0 0.0 -69.1 293.3 -767.9 682.0
14:38:22.109 0.0 0.0 -69.6 287.1 -770.2 682.0
14:38:22.203 0.0 0.0 -70.0 280.7 -772.6 682.0
14:38:22.296 0.0 0.0 -70.5 273.5 -772.0 679.0
14:38:22.343 0.0 0.0 -70.7 267.6 -765.6 671.0
14:38:22.390 0.0 0.0 -71.0 265.5 -769.5 674.0
14:38:22.484 0.0 0.0 -71.4 258.6 -769.7 672.0
14:38:22.578 0.0 0.0 -71.9 251.9 -770.9 671.0
14:38:22.671 0.0 0.0 -72.4 245.6 -772.9 671.0
14:38:22.765 0.0 0.0 -72.8 238.0 -770.1 666.0
14:38:22.859 0.0 0.0 -73.3 229.7 -765.3 659.0
14:38:22.906 0.0 0.0 -73.5 226.4 -766.2 659.0
14:38:22.953 0.0 0.0 -73.8 224.2 -770.0 662.0
14:38:23.046 0.0 0.0 -74.2 217.1 -768.9 659.0
14:38:23.140 0.0 0.0 -74.7 210.7 -770.7 659.0
14:38:23.234 0.0 0.0 -75.2 204.5 -772.4 659.0
14:38:23.328 0.0 0.0 -75.6 196.2 -766.3 651.0
14:38:23.421 0.0 0.0 -76.1 189.9 -767.9 651.0
14:38:23.515 0.0 0.0 -76.6 183.7 -769.4 651.0
14:38:23.609 0.0 0.0 -77.0 176.9 -768.9 649.0
14:38:23.703 0.0 0.0 -77.5 170.6 -770.3 649.0
14:38:23.796 0.0 0.0 -78.0 164.3 -771.7 649.0
14:38:23.890 0.0 0.0 -78.4 156.2 -764.2 640.0
14:38:23.984 0.0 0.0 -78.9 150.4 -767.4 642.0
14:38:24.078 0.0 0.0 -79.1 148.6 -774.9 649.0
14:38:24.171 0.0 0.0 -79.6 141.0 -769.2 642.0
14:38:24.265 0.0 0.0 -80.1 134.7 -770.3 642.0
14:38:24.359 0.0 0.0 -80.5 128.2 -770.4 641.0
14:38:24.453 0.0 0.0 -81.0 121.3 -767.5 637.0
14:38:24.546 0.0 0.0 -81.5 115.1 -768.4 637.0
14:38:24.640 0.0 0.0 -81.9 108.2 -764.4 632.0
14:38:24.734 0.0 0.0 -82.4 102.0 -765.2 632.0
14:38:24.781 0.0 0.0 -82.7 99.0 -767.6 634.0
14:38:24.828 0.0 0.0 -82.9 95.8 -768.0 634.0
14:38:24.921 0.0 0.0 -83.3 89.5 -766.8 632.0
14:38:25.015 0.0 0.0 -83.8 83.2 -767.5 632.0
14:38:25.062 0.0 0.0 -84.1 79.8 -766.9 631.0
14:38:25.109 0.0 0.0 -84.3 76.7 -767.2 631.0
14:38:25.203 0.0 0.0 -84.7 70.6 -767.8 631.0
14:38:25.296 0.0 0.0 -85.2 64.3 -768.3 631.0
14:38:25.390 0.0 0.0 -85.7 57.9 -768.8 631.0
14:38:25.484 0.0 0.0 -86.2 51.6 -769.3 631.0
14:38:25.578 0.0 0.0 -86.6 45.4 -766.7 628.0
14:38:25.671 0.0 0.0 -87.1 38.8 -761.0 622.0
14:38:25.765 0.0 0.0 -87.6 32.4 -761.3 622.0
14:38:25.859 0.0 0.0 -88.0 26.4 -767.5 628.0
14:38:25.953 0.0 0.0 -88.5 20.2 -767.7 628.0
14:38:26.046 0.0 0.0 -89.0 13.9 -767.9 628.0
14:38:26.140 0.0 0.0 -89.4 7.7 -768.0 628.0
14:38:26.234 0.0 0.0 -89.9 1.4 -768.0 628.0
14:38:26.328 0.0 0.0 -90.0 -0.2 -779.0 639.0
14:38:26.421 0.0 0.0 -90.0 -0.2 -778.0 638.0
14:38:26.515 0.0 0.0 -90.0 -0.2 -778.0 638.0
14:38:26.609 0.0 0.0 -90.0 -0.2 -783.0 643.0
14:38:26.921 0.0 0.0 -90.0 -0.2 -778.0 638.0
14:38:26.937 0.0 0.0 -90.0 -0.2 -778.0 638.0
14:38:26.984 0.0 0.0 -90.0 -0.2 -779.0 639.0
14:38:27.078 0.0 0.0 -90.0 -0.2 -778.0 638.0
14:38:27.171 0.0 0.0 -90.0 -0.2 -778.0 638.0