Тестовая информация 0. Исходные сенсорные данные: Time, X_rob, Y_rob, Ang_rob, X_obj, Y_obj, Distance (мм, град)
09:52:07.484 -187.0 0.0 90.0 -187.1 686.0 546.0
09:52:07.515 -187.0 0.0 90.0 -187.1 686.0 546.0
09:52:07.546 -187.0 0.0 90.0 -187.1 689.0 549.0
09:52:07.578 -187.0 0.0 90.0 -187.1 689.0 549.0
09:52:07.609 -187.0 0.0 90.0 -187.1 689.0 549.0
09:52:07.640 -187.0 0.0 90.0 -187.1 689.0 549.0
09:52:07.671 -187.0 0.0 90.0 -187.1 689.0 549.0
09:52:07.703 -187.0 0.0 90.0 -187.1 689.0 549.0
09:52:07.734 -187.0 0.0 90.0 -187.1 688.0 548.0
09:52:07.765 -187.0 0.0 90.0 -187.1 688.0 548.0
09:52:07.796 -187.0 0.0 90.0 -187.1 688.0 548.0
09:52:07.828 -187.0 0.0 90.0 -187.1 689.0 549.0
09:52:07.859 -187.0 0.0 90.0 -187.1 688.0 548.0
09:52:07.890 -187.0 0.0 90.0 -187.1 689.0 549.0
09:52:07.921 -187.0 0.0 90.0 -187.1 688.0 548.0
09:52:07.953 -187.0 0.0 90.0 -187.1 688.0 548.0
09:52:07.984 -187.0 0.0 90.0 -187.1 689.0 549.0
09:52:08.015 -187.0 0.0 90.0 -187.1 690.0 550.0
09:52:08.046 -187.0 0.0 90.0 -187.1 688.0 548.0
09:52:08.078 -187.0 0.0 90.0 -187.1 689.0 549.0
09:52:08.109 -187.0 0.0 90.0 -187.1 688.0 548.0
09:52:08.140 -187.0 0.0 90.0 -187.1 688.0 548.0
09:52:08.171 -187.0 0.0 89.9 -185.5 688.0 548.0
09:52:08.203 -187.0 0.0 89.9 -185.5 689.0 549.0
09:52:08.234 -187.0 0.0 89.7 -182.9 686.0 546.0
09:52:08.265 -187.0 0.0 89.4 -180.0 689.0 549.0
09:52:08.296 -187.0 0.0 89.4 -180.0 694.0 554.0
09:52:08.328 -187.0 0.0 89.2 -176.9 693.9 554.0
09:52:08.359 -187.0 0.0 88.9 -174.0 710.9 571.0
09:52:08.390 -187.0 0.0 88.9 -173.9 713.9 574.0
09:52:08.421 -187.0 0.0 88.7 -171.1 713.8 574.0
09:52:08.453 -187.0 0.0 88.5 -168.0 713.7 574.0
09:52:08.484 -187.0 0.0 88.5 -167.9 717.7 578.0
09:52:08.515 -187.0 0.0 88.3 -165.1 717.7 578.0
09:52:08.546 -187.0 0.0 88.0 -162.1 717.6 578.0
09:52:08.578 -187.0 0.0 88.0 -162.0 721.6 582.0
09:52:08.609 -187.0 0.0 87.8 -159.1 721.5 582.0
09:52:08.640 -187.0 0.0 87.5 -156.0 721.3 582.0
09:52:08.671 -187.0 0.0 87.5 -155.7 727.3 588.0
09:52:08.703 -187.0 0.0 87.3 -152.8 727.2 588.0
09:52:08.734 -187.0 0.0 87.1 -149.8 728.0 589.0
09:52:08.765 -187.0 0.0 87.1 -149.9 727.1 588.0
09:52:08.796 -187.0 0.0 86.8 -147.6 715.9 577.0
09:52:08.828 -187.0 0.0 86.6 -144.6 715.7 577.0
09:52:08.859 -187.0 0.0 86.6 -144.8 712.8 574.0
09:52:08.906 -187.0 0.0 86.4 -141.9 712.6 574.0
09:52:08.937 -187.0 0.0 86.1 -138.8 715.4 577.0
09:52:08.968 -187.0 0.0 86.1 -138.4 720.4 582.0
09:52:09.000 -187.0 0.0 85.9 -135.4 720.2 582.0
09:52:09.031 -187.0 0.0 85.7 -131.1 738.9 601.0
09:52:09.062 -187.0 0.0 85.7 -130.5 746.9 609.0
09:52:09.093 -187.0 0.0 85.4 -127.5 746.6 609.0
09:52:09.125 -187.0 0.0 85.2 -123.8 752.4 615.0
09:52:09.156 -187.0 0.0 85.2 -124.3 746.4 609.0
09:52:09.187 -187.0 0.0 85.0 -121.2 746.1 609.0
09:52:09.218 -187.0 0.0 84.7 -118.1 748.8 612.0
09:52:09.250 -187.0 0.0 84.7 -117.5 754.8 618.0
09:52:09.281 -187.0 0.0 84.5 -114.5 754.5 618.0
09:52:09.328 -187.0 0.0 84.3 -111.3 755.2 619.0
09:52:09.343 -187.0 0.0 84.3 -111.1 757.2 621.0
09:52:09.375 -187.0 0.0 84.0 -108.0 756.9 621.0
09:52:09.406 -187.0 0.0 83.8 -104.8 757.5 622.0
09:52:09.437 -187.0 0.0 83.8 -104.1 763.5 628.0
09:52:09.468 -187.0 0.0 83.6 -101.0 763.2 628.0
09:52:09.500 -187.0 0.0 83.3 -97.9 762.8 628.0
09:52:09.531 -187.0 0.0 83.3 -99.2 751.9 617.0
09:52:09.562 -187.0 0.0 83.1 -96.5 749.6 615.0
09:52:09.593 -187.0 0.0 82.9 -93.4 749.2 615.0
09:52:09.625 -187.0 0.0 82.9 -94.7 738.3 604.0
09:52:09.656 -187.0 0.0 82.6 -91.8 736.9 603.0
09:52:09.687 -187.0 0.0 82.6 -91.8 736.9 603.0
09:52:09.718 -187.0 0.0 82.4 -90.2 725.6 592.0
09:52:09.750 -187.0 0.0 82.2 -87.3 725.2 592.0
09:52:09.781 -187.0 0.0 82.2 -87.3 725.2 592.0
09:52:09.812 -187.0 0.0 81.9 -86.0 713.9 581.0
09:52:09.843 -187.0 0.0 81.7 -83.3 711.5 579.0
09:52:09.875 -187.0 0.0 81.7 -83.3 711.5 579.0
09:52:09.921 -187.0 0.0 81.5 -80.6 710.1 578.0
09:52:09.937 -187.0 0.0 81.2 -77.4 707.6 576.0
09:52:09.968 -187.0 0.0 81.2 -77.4 707.6 576.0
09:52:10.000 -187.0 0.0 81.0 -75.1 706.2 575.0
09:52:10.031 -187.0 0.0 80.8 -72.3 705.7 575.0
09:52:10.062 -187.0 0.0 80.8 -71.8 708.7 578.0
09:52:10.093 -187.0 0.0 80.5 -68.1 713.2 583.0
09:52:10.125 -187.0 0.0 80.3 -65.2 712.7 583.0
09:52:10.156 -187.0 0.0 80.3 -65.0 713.6 584.0
09:52:10.187 -187.0 0.0 80.1 -62.4 712.2 583.0
09:52:10.218 -187.0 0.0 79.8 -59.3 711.6 583.0
09:52:10.250 -187.0 0.0 79.8 -59.3 711.6 583.0
09:52:10.281 -187.0 0.0 79.6 -56.7 710.1 582.0
09:52:10.312 -187.0 0.0 79.4 -53.7 709.6 582.0
09:52:10.343 -187.0 0.0 79.4 -53.7 709.6 582.0
09:52:10.375 -187.0 0.0 79.1 -49.6 714.9 588.0
09:52:10.406 -187.0 0.0 78.9 -47.6 710.4 584.0
09:52:10.437 -187.0 0.0 78.9 -47.6 710.4 584.0
09:52:10.468 -187.0 0.0 78.7 -44.2 712.8 587.0
09:52:10.500 -187.0 0.0 78.4 -42.0 708.3 583.0
09:52:10.531 -187.0 0.0 78.4 -41.2 712.2 587.0
09:52:10.562 -187.0 0.0 78.2 -38.6 710.7 586.0
09:52:10.593 -187.0 0.0 78.2 -38.6 710.7 586.0
09:52:10.625 -187.0 0.0 78.0 -35.6 710.0 586.0
09:52:10.656 -187.0 0.0 77.7 -32.3 711.4 588.0
09:52:10.687 -187.0 0.0 77.7 -32.9 708.4 585.0
09:52:10.718 -187.0 0.0 77.5 -29.7 708.8 586.0
09:52:10.750 -187.0 0.0 77.3 -26.5 710.1 588.0
09:52:10.781 -187.0 0.0 77.3 -26.5 710.1 588.0
09:52:10.812 -187.0 0.0 77.0 -23.5 710.4 589.0
09:52:10.843 -187.0 0.0 76.8 -20.7 708.7 588.0
09:52:10.875 -187.0 0.0 76.8 -20.7 708.7 588.0
09:52:10.906 -187.0 0.0 76.6 -17.9 708.1 588.0
09:52:10.937 -187.0 0.0 76.3 -14.6 708.3 589.0
09:52:10.968 -187.0 0.0 76.3 -14.9 707.4 588.0
09:52:11.000 -187.0 0.0 76.1 -11.8 707.6 589.0
09:52:11.031 -187.0 0.0 75.9 -9.1 705.9 588.0
09:52:11.062 -187.0 0.0 75.9 -9.1 705.9 588.0
09:52:11.093 -187.0 0.0 75.6 -6.3 705.2 588.0
09:52:11.125 -187.0 0.0 75.4 -3.1 705.4 589.0
09:52:11.156 -187.0 0.0 75.4 -3.4 704.5 588.0
09:52:11.187 -187.0 0.0 75.2 -0.2 704.7 589.0
09:52:11.218 -187.0 0.0 74.9 2.5 703.9 589.0
09:52:11.250 -187.0 0.0 74.9 2.5 703.9 589.0
09:52:11.281 -187.0 0.0 74.7 7.9 711.8 598.0
09:52:11.312 -187.0 0.0 74.7 8.4 713.7 600.0
09:52:11.343 -187.0 0.0 74.5 9.3 706.2 593.0
09:52:11.375 -187.0 0.0 74.2 13.9 711.2 599.0
09:52:11.406 -187.0 0.0 74.2 13.6 710.2 598.0
09:52:11.437 -187.0 0.0 74.0 15.2 704.6 593.0
09:52:11.468 -187.0 0.0 73.8 19.4 708.5 598.0
09:52:11.500 -187.0 0.0 73.8 19.1 707.6 597.0
09:52:11.531 -187.0 0.0 73.5 21.9 706.8 597.0
09:52:11.562 -187.0 0.0 73.3 25.8 708.8 600.0
09:52:11.593 -187.0 0.0 73.3 26.3 710.7 602.0
09:52:11.625 -187.0 0.0 73.1 27.7 705.0 597.0
09:52:11.656 -187.0 0.0 72.8 30.7 704.1 597.0
09:52:11.687 -187.0 0.0 72.8 30.1 702.2 595.0
09:52:11.718 -187.0 0.0 72.6 33.1 701.3 595.0
09:52:11.750 -187.0 0.0 72.4 36.9 704.3 599.0
09:52:11.781 -187.0 0.0 72.4 37.2 705.2 600.0
09:52:11.812 -187.0 0.0 72.1 40.1 704.3 600.0
09:52:11.843 -187.0 0.0 72.1 40.1 704.3 600.0
09:52:11.875 -187.0 0.0 71.9 43.3 704.3 601.0
09:52:11.906 -187.0 0.0 71.6 45.0 699.5 597.0
09:52:11.937 -187.0 0.0 71.4 48.8 701.4 600.0
09:52:11.968 -187.0 0.0 71.4 48.8 701.4 600.0
09:52:12.000 -187.0 0.0 71.2 51.7 700.4 600.0
09:52:12.031 -187.0 0.0 71.2 51.7 700.4 600.0
09:52:12.062 -187.0 0.0 70.9 54.5 699.5 600.0
09:52:12.093 -187.0 0.0 70.7 57.0 697.6 599.0
09:52:12.125 -187.0 0.0 70.7 57.3 698.5 600.0
09:52:12.156 -187.0 0.0 70.5 60.9 699.4 602.0
09:52:12.187 -187.0 0.0 70.3 63.6 698.4 602.0
09:52:12.218 -187.0 0.0 70.3 63.6 698.4 602.0
09:52:12.250 -187.0 0.0 70.0 67.0 698.2 603.0
09:52:12.281 -187.0 0.0 69.8 69.7 697.3 603.0
09:52:12.312 -187.0 0.0 69.8 71.7 702.9 609.0
09:52:12.343 -187.0 0.0 69.5 74.7 701.8 609.0
09:52:12.375 -187.0 0.0 69.3 77.5 700.7 609.0
09:52:12.406 -187.0 0.0 69.3 77.9 701.7 610.0
09:52:12.437 -187.0 0.0 69.1 80.4 699.6 609.0
09:52:12.468 -187.0 0.0 68.9 83.2 698.6 609.0
09:52:12.500 -187.0 0.0 68.9 83.5 699.5 610.0
09:52:12.531 -187.0 0.0 68.6 89.4 705.8 618.0
09:52:12.562 -187.0 0.0 68.4 90.0 699.1 612.0
09:52:12.593 -187.0 0.0 68.4 92.2 704.7 618.0
09:52:12.625 -187.0 0.0 68.2 92.8 698.0 612.0
09:52:12.656 -187.0 0.0 67.9 95.4 695.9 611.0
09:52:12.687 -187.0 0.0 67.9 95.8 696.8 612.0
09:52:12.718 -187.0 0.0 67.7 99.3 697.5 614.0
09:52:12.750 -187.0 0.0 67.4 101.8 695.4 613.0
09:52:12.781 -187.0 0.0 67.4 101.8 695.4 613.0
09:52:12.812 -187.0 0.0 67.2 103.8 692.4 611.0
09:52:12.843 -187.0 0.0 67.2 103.0 690.6 609.0
09:52:12.875 -187.0 0.0 67.0 106.3 690.3 610.0
09:52:12.906 -187.0 0.0 66.7 109.5 690.0 611.0
09:52:12.937 -187.0 0.0 66.7 109.5 690.0 611.0
09:52:12.968 -187.0 0.0 66.5 113.6 691.5 614.0
09:52:13.000 -187.0 0.0 66.3 117.1 692.1 616.0
09:52:13.031 -187.0 0.0 66.3 117.1 692.1 616.0
09:52:13.062 -187.0 0.0 66.0 123.7 699.1 625.0
09:52:13.093 -187.0 0.0 65.8 125.7 696.0 623.0
09:52:13.125 -187.0 0.0 65.8 125.7 696.0 623.0
09:52:13.156 -187.0 0.0 65.6 128.4 694.7 623.0
09:52:13.187 -187.0 0.0 65.3 130.4 691.6 621.0
09:52:13.218 -187.0 0.0 65.3 128.7 688.0 617.0
09:52:13.250 -187.0 0.0 65.1 133.3 690.3 621.0
09:52:13.281 -187.0 0.0 64.9 134.3 685.4 617.0
09:52:13.312 -187.0 0.0 64.9 134.3 685.4 617.0
09:52:13.343 -187.0 0.0 64.6 138.4 686.8 620.0
09:52:13.375 -187.0 0.0 64.4 140.4 683.6 618.0
09:52:13.406 -187.0 0.0 64.4 140.4 683.6 618.0
09:52:13.437 -187.0 0.0 64.2 144.5 685.0 621.0
09:52:13.468 -187.0 0.0 63.9 149.0 687.3 625.0
09:52:13.500 -187.0 0.0 63.9 148.1 685.5 623.0
09:52:13.531 -187.0 0.0 63.7 150.9 684.1 623.0
09:52:13.562 -187.0 0.0 63.5 154.7 684.4 625.0
09:52:13.593 -187.0 0.0 63.5 154.7 684.4 625.0
09:52:13.625 -187.0 0.0 63.2 158.3 684.9 627.0
09:52:13.656 -187.0 0.0 63.2 159.2 686.6 629.0
09:52:13.687 -187.0 0.0 63.0 162.1 685.2 629.0
09:52:13.718 -187.0 0.0 62.8 165.2 684.7 630.0
09:52:13.750 -187.0 0.0 62.8 164.8 683.8 629.0
09:52:13.781 -187.0 0.0 62.5 167.2 681.5 628.0
09:52:13.812 -187.0 0.0 62.3 170.3 680.9 629.0
09:52:13.843 -187.0 0.0 62.3 169.8 680.1 628.0
09:52:13.875 -187.0 0.0 62.1 172.7 678.6 628.0
09:52:13.906 -187.0 0.0 61.8 178.8 683.2 635.0
09:52:13.937 -187.0 0.0 61.8 178.8 683.2 635.0
09:52:13.968 -187.0 0.0 61.6 179.2 677.3 630.0
09:52:14.000 -187.0 0.0 61.4 184.3 680.3 635.0
09:52:14.031 -187.0 0.0 61.4 185.7 682.9 638.0
09:52:14.062 -187.0 0.0 61.1 188.6 681.3 638.0
09:52:14.093 -187.0 0.0 60.9 191.3 679.8 638.0
09:52:14.125 -187.0 0.0 60.9 191.8 680.7 639.0
09:52:14.156 -187.0 0.0 60.7 194.6 679.1 639.0
09:52:14.187 -187.0 0.0 60.4 197.3 677.6 639.0
09:52:14.218 -187.0 0.0 60.4 199.7 682.0 644.0
09:52:14.250 -187.0 0.0 60.2 202.1 679.4 643.0
09:52:14.281 -187.0 0.0 60.2 202.1 679.4 643.0
09:52:14.312 -187.0 0.0 60.0 205.3 678.8 644.0
09:52:14.343 -187.0 0.0 59.7 208.2 677.1 644.0
09:52:14.375 -187.0 0.0 59.5 214.4 681.5 651.0
09:52:14.406 -187.0 0.0 59.5 212.4 678.1 647.0
09:52:14.437 -187.0 0.0 59.3 215.1 676.5 647.0
09:52:14.468 -187.0 0.0 59.3 215.6 677.4 648.0
09:52:14.500 -187.0 0.0 59.0 217.9 674.8 647.0
09:52:14.531 -187.0 0.0 58.8 220.6 673.2 647.0
09:52:14.562 -187.0 0.0 58.8 220.6 673.2 647.0
09:52:14.593 -187.0 0.0 58.6 224.5 673.2 649.0
09:52:14.625 -187.0 0.0 58.3 226.7 670.6 648.0
09:52:14.656 -187.0 0.0 58.3 227.3 671.5 649.0
09:52:14.687 -187.0 0.0 58.1 229.4 669.0 648.0
09:52:14.718 -187.0 0.0 57.9 232.1 667.3 648.0
09:52:14.750 -187.0 0.0 57.9 232.1 667.3 648.0
09:52:14.781 -187.0 0.0 57.6 238.0 670.7 654.0
09:52:14.812 -187.0 0.0 57.4 240.8 668.9 654.0
09:52:14.843 -187.0 0.0 57.4 245.7 676.5 663.0
09:52:14.875 -187.0 0.0 57.2 244.0 668.0 655.0
09:52:14.906 -187.0 0.0 56.9 246.3 665.3 654.0
09:52:14.937 -187.0 0.0 56.9 246.8 666.2 655.0
09:52:14.968 -187.0 0.0 56.7 252.2 668.6 660.0
09:52:15.000 -187.0 0.0 56.7 252.2 668.6 660.0
09:52:15.031 -187.0 0.0 56.5 254.9 666.9 660.0
09:52:15.062 -187.0 0.0 56.2 257.6 665.0 660.0
09:52:15.093 -187.0 0.0 56.2 257.6 665.0 660.0
09:52:15.125 -187.0 0.0 56.0 263.8 668.2 666.0
09:52:15.156 -187.0 0.0 55.8 263.1 661.4 660.0
09:52:15.187 -187.0 0.0 55.5 265.7 659.6 660.0
09:52:15.218 -187.0 0.0 55.5 266.8 661.2 662.0
09:52:15.250 -187.0 0.0 55.3 269.7 659.3 662.0
09:52:15.281 -187.0 0.0 55.3 269.7 659.3 662.0
09:52:15.312 -187.0 0.0 55.1 276.2 663.2 669.0
09:52:15.343 -187.0 0.0 54.8 279.1 661.2 669.0
09:52:15.375 -187.0 0.0 54.8 279.1 661.2 669.0
09:52:15.406 -187.0 0.0 54.6 283.4 661.8 672.0
09:52:15.437 -187.0 0.0 54.4 284.3 657.5 669.0
09:52:15.468 -187.0 0.0 54.4 283.8 656.7 668.0
09:52:15.500 -187.0 0.0 54.1 286.4 654.8 668.0
09:52:15.531 -187.0 0.0 53.9 289.8 653.6 669.0
09:52:15.562 -187.0 0.0 53.9 289.2 652.8 668.0
09:52:15.593 -187.0 0.0 53.7 291.8 650.8 668.0
09:52:15.625 -187.0 0.0 53.4 293.8 648.1 667.0
09:52:15.656 -187.0 0.0 53.4 293.8 648.1 667.0
09:52:15.687 -187.0 0.0 53.2 296.5 646.1 667.0
09:52:15.718 -187.0 0.0 53.0 304.0 650.5 675.0
09:52:15.750 -187.0 0.0 53.0 300.4 645.7 669.0
09:52:15.781 -187.0 0.0 52.7 303.6 644.5 670.0
09:52:15.812 -187.0 0.0 52.7 303.0 643.7 669.0
09:52:15.843 -187.0 0.0 52.5 301.2 636.3 662.0
09:52:15.875 -187.0 0.0 52.3 304.0 634.1 662.0
09:52:15.906 -187.0 0.0 52.3 303.4 633.3 661.0
09:52:15.937 -187.0 0.0 52.0 304.0 629.0 658.0
09:52:15.968 -187.0 0.0 51.8 306.5 627.1 658.0
09:52:16.000 -187.0 0.0 51.6 311.1 627.3 661.0
09:52:16.031 -187.0 0.0 51.6 311.1 627.3 661.0
09:52:16.062 -187.0 0.0 51.3 313.5 625.4 661.0
09:52:16.093 -187.0 0.0 51.3 313.5 625.4 661.0
09:52:16.125 -187.0 0.0 51.1 316.0 623.3 661.0
09:52:16.156 -187.0 0.0 50.9 324.9 629.0 671.0
09:52:16.187 -187.0 0.0 50.9 323.0 626.7 668.0
09:52:16.218 -187.0 0.0 50.6 322.4 620.8 663.0
09:52:16.250 -187.0 0.0 50.4 325.0 618.6 663.0
09:52:16.281 -187.0 0.0 50.4 325.0 618.6 663.0
09:52:16.312 -187.0 0.0 50.2 327.5 616.5 663.0
09:52:16.343 -187.0 0.0 49.9 329.9 614.5 663.0
09:52:16.375 -187.0 0.0 49.9 329.3 613.7 662.0
09:52:16.421 -187.0 0.0 49.7 330.6 610.0 660.0
09:52:16.437 -187.0 0.0 49.5 333.0 607.9 660.0
09:52:16.468 -187.0 0.0 49.5 328.5 602.6 653.0
09:52:16.500 -187.0 0.0 49.2 330.9 600.5 653.0
09:52:16.531 -187.0 0.0 49.0 333.4 598.3 653.0
09:52:16.562 -187.0 0.0 49.0 334.7 599.8 655.0
09:52:16.593 -187.0 0.0 48.8 337.1 597.7 655.0
09:52:16.625 -187.0 0.0 48.8 337.1 597.7 655.0
09:52:16.656 -187.0 0.0 48.5 339.7 595.5 655.0
09:52:16.687 -187.0 0.0 48.3 339.3 590.4 651.0
09:52:16.718 -187.0 0.0 48.3 339.3 590.4 651.0
09:52:16.750 -187.0 0.0 48.1 340.4 586.8 649.0
09:52:16.781 -187.0 0.0 47.8 342.9 584.6 649.0
09:52:16.812 -187.0 0.0 47.8 342.9 584.6 649.0
09:52:16.843 -187.0 0.0 47.6 341.2 578.0 643.0
09:52:16.875 -187.0 0.0 47.4 342.1 574.4 641.0
09:52:16.906 -187.0 0.0 47.4 342.1 574.4 641.0
09:52:16.937 -187.0 0.0 47.1 344.4 572.3 641.0
09:52:16.968 -187.0 0.0 46.9 346.8 570.0 641.0
09:52:17.000 -187.0 0.0 46.9 347.5 570.8 642.0
09:52:17.031 -187.0 0.0 46.7 349.8 568.7 642.0
09:52:17.062 -187.0 0.0 46.4 352.1 566.5 642.0
09:52:17.093 -187.0 0.0 46.4 356.9 571.5 649.0
09:52:17.125 -187.0 0.0 46.2 359.2 569.4 649.0
09:52:17.156 -187.0 0.0 46.0 358.1 563.5 644.0
09:52:17.187 -187.0 0.0 46.0 361.5 567.1 649.0
09:52:17.218 -187.0 0.0 45.7 360.4 561.2 644.0
09:52:17.250 -187.0 0.0 45.5 362.7 559.0 644.0
09:52:17.281 -187.0 0.0 45.5 364.8 561.1 647.0
09:52:17.312 -187.0 0.0 45.3 367.7 559.6 648.0
09:52:17.343 -187.0 0.0 45.3 367.7 559.6 648.0
09:52:17.375 -187.0 0.0 45.0 370.8 558.0 649.0
09:52:17.406 -187.0 0.0 44.8 373.8 556.4 650.0
09:52:17.437 -187.0 0.0 44.8 372.4 555.0 648.0
09:52:17.468 -187.0 0.0 44.5 375.3 553.4 649.0
09:52:17.500 -187.0 0.0 44.3 377.5 551.2 649.0
09:52:17.531 -187.0 0.0 44.3 377.5 551.2 649.0
09:52:17.562 -187.0 0.0 44.1 379.8 548.8 649.0
09:52:17.593 -187.0 0.0 43.8 382.0 546.6 649.0
09:52:17.625 -187.0 0.0 43.8 379.8 544.5 646.0
09:52:17.656 -187.0 0.0 43.6 383.6 543.5 648.0
09:52:17.687 -187.0 0.0 43.4 385.7 541.2 648.0
09:52:17.718 -187.0 0.0 43.4 385.7 541.2 648.0
09:52:17.750 -187.0 0.0 43.1 387.9 538.9 648.0
09:52:17.781 -187.0 0.0 42.9 390.2 536.4 648.0
09:52:17.812 -187.0 0.0 42.9 389.5 535.8 647.0
09:52:17.843 -187.0 0.0 42.7 391.6 533.4 647.0
09:52:17.875 -187.0 0.0 42.4 394.4 531.8 648.0
09:52:17.906 -187.0 0.0 42.4 394.4 531.8 648.0
09:52:17.937 -187.0 0.0 42.2 398.1 530.8 650.0
09:52:17.968 -187.0 0.0 42.2 396.7 529.4 648.0
09:52:18.000 -187.0 0.0 42.0 398.8 527.1 648.0
09:52:18.031 -187.0 0.0 41.7 401.0 524.6 648.0
09:52:18.062 -187.0 0.0 41.7 401.0 524.6 648.0
09:52:18.093 -187.0 0.0 41.5 403.1 522.2 648.0
09:52:18.125 -187.0 0.0 41.3 408.3 522.4 652.0
09:52:18.156 -187.0 0.0 41.3 405.3 519.7 648.0
09:52:18.187 -187.0 0.0 41.0 407.3 517.5 648.0
09:52:18.218 -187.0 0.0 40.8 409.5 514.9 648.0
09:52:18.250 -187.0 0.0 40.8 408.0 513.6 646.0
09:52:18.281 -187.0 0.0 40.6 410.0 511.3 646.0
09:52:18.312 -187.0 0.0 40.3 415.9 512.0 651.0
09:52:18.343 -187.0 0.0 40.3 419.0 514.6 655.0
09:52:18.375 -187.0 0.0 40.1 417.9 509.6 651.0
09:52:18.406 -187.0 0.0 39.9 423.2 509.6 655.0
09:52:18.437 -187.0 0.0 39.9 420.1 507.0 651.0
09:52:18.468 -187.0 0.0 39.6 421.4 503.9 650.0
09:52:18.500 -187.0 0.0 39.4 423.3 501.6 650.0
09:52:18.531 -187.0 0.0 39.4 423.3 501.6 650.0
09:52:18.562 -187.0 0.0 39.2 423.1 497.1 647.0
09:52:18.593 -187.0 0.0 38.9 425.1 494.7 647.0
09:52:18.625 -187.0 0.0 38.9 425.1 494.7 647.0
09:52:18.656 -187.0 0.0 38.7 426.4 491.4 646.0
09:52:18.687 -187.0 0.0 38.5 429.2 489.6 647.0
09:52:18.718 -187.0 0.0 38.5 430.7 490.8 649.0
09:52:18.750 -187.0 0.0 38.2 432.8 488.2 649.0
09:52:18.781 -187.0 0.0 38.2 433.6 488.8 650.0
09:52:18.812 -187.0 0.0 38.0 437.1 487.5 652.0
09:52:18.843 -187.0 0.0 37.8 436.6 483.3 649.0
09:52:18.875 -187.0 0.0 37.8 437.4 483.9 650.0
09:52:18.906 -187.0 0.0 37.5 441.0 482.5 652.0
09:52:18.937 -187.0 0.0 37.3 443.0 479.9 652.0
09:52:18.968 -187.0 0.0 37.3 443.0 479.9 652.0
09:52:19.000 -187.0 0.0 37.1 448.9 480.4 657.0
09:52:19.031 -187.0 0.0 36.8 446.1 474.1 651.0
09:52:19.062 -187.0 0.0 36.8 448.5 475.9 654.0
09:52:19.093 -187.0 0.0 36.6 448.1 471.5 651.0
09:52:19.125 -187.0 0.0 36.4 449.9 469.0 651.0
09:52:19.156 -187.0 0.0 36.4 449.9 469.0 651.0
09:52:19.187 -187.0 0.0 36.1 451.9 466.4 651.0
09:52:19.218 -187.0 0.0 35.9 453.7 463.8 651.0
09:52:19.250 -187.0 0.0 35.9 453.7 463.8 651.0
09:52:19.281 -187.0 0.0 35.7 455.6 461.3 651.0
09:52:19.312 -187.0 0.0 35.4 456.7 458.0 650.0
09:52:19.343 -187.0 0.0 35.4 456.7 458.0 650.0
09:52:19.375 -187.0 0.0 35.2 456.9 454.3 648.0
09:52:19.406 -187.0 0.0 35.0 458.8 451.6 648.0
09:52:19.437 -187.0 0.0 35.0 458.8 451.6 648.0
09:52:19.468 -187.0 0.0 34.7 462.2 450.1 650.0
09:52:19.500 -187.0 0.0 34.5 461.5 445.8 647.0
09:52:19.531 -187.0 0.0 34.5 464.0 447.5 650.0
09:52:19.562 -187.0 0.0 34.3 463.4 443.0 647.0
09:52:19.593 -187.0 0.0 34.3 463.4 443.0 647.0
09:52:19.625 -187.0 0.0 34.0 466.9 441.6 649.0
09:52:19.656 -187.0 0.0 33.8 468.6 438.9 649.0
09:52:19.687 -187.0 0.0 33.8 468.6 438.9 649.0
09:52:19.718 -187.0 0.0 33.6 470.5 436.1 649.0
09:52:19.750 -187.0 0.0 33.3 473.1 434.0 650.0
09:52:19.781 -187.0 0.0 33.3 473.1 434.0 650.0
09:52:19.812 -187.0 0.0 33.1 476.5 432.4 652.0
09:52:19.843 -187.0 0.0 32.9 479.1 430.3 653.0
09:52:19.875 -187.0 0.0 32.9 479.1 430.3 653.0
09:52:19.906 -187.0 0.0 32.6 480.8 427.6 653.0
09:52:19.937 -187.0 0.0 32.4 483.4 425.4 654.0
09:52:19.968 -187.0 0.0 32.4 482.6 424.8 653.0
09:52:20.000 -187.0 0.0 32.2 485.1 422.7 654.0
09:52:20.031 -187.0 0.0 31.9 486.1 419.3 653.0
09:52:20.062 -187.0 0.0 31.9 486.1 419.3 653.0
09:52:20.093 -187.0 0.0 31.7 487.7 416.6 653.0
09:52:20.125 -187.0 0.0 31.5 490.3 414.4 654.0
09:52:20.156 -187.0 0.0 31.5 489.4 413.9 653.0
09:52:20.187 -187.0 0.0 31.2 491.1 411.2 653.0
09:52:20.218 -187.0 0.0 31.0 493.7 408.8 654.0
09:52:20.250 -187.0 0.0 31.0 492.8 408.3 653.0
09:52:20.281 -187.0 0.0 30.8 495.3 406.1 654.0
09:52:20.312 -187.0 0.0 30.5 496.1 402.7 653.0
09:52:20.343 -187.0 0.0 30.5 496.1 402.7 653.0
09:52:20.375 -187.0 0.0 30.3 497.8 399.9 653.0
09:52:20.406 -187.0 0.0 30.3 497.8 399.9 653.0
09:52:20.437 -187.0 0.0 30.1 498.5 396.7 652.0
09:52:20.468 -187.0 0.0 29.8 500.0 394.0 652.0
09:52:20.500 -187.0 0.0 29.8 500.0 394.0 652.0
09:52:20.531 -187.0 0.0 29.6 501.7 391.1 652.0
09:52:20.562 -187.0 0.0 29.4 503.3 388.2 652.0
09:52:20.593 -187.0 0.0 29.4 502.4 387.7 651.0
09:52:20.625 -187.0 0.0 29.1 503.1 384.5 650.0
09:52:20.656 -187.0 0.0 28.9 505.6 382.1 651.0
09:52:20.687 -187.0 0.0 28.9 509.1 384.0 655.0
09:52:20.718 -187.0 0.0 28.7 510.6 381.3 655.0
09:52:20.750 -187.0 0.0 28.4 514.0 379.2 657.0
09:52:20.781 -187.0 0.0 28.4 512.2 378.3 655.0
09:52:20.812 -187.0 0.0 28.2 513.7 375.5 655.0
09:52:20.843 -187.0 0.0 28.0 515.2 372.7 655.0
09:52:20.875 -187.0 0.0 28.0 512.6 371.3 652.0
09:52:20.906 -187.0 0.0 27.7 514.0 368.5 652.0
09:52:20.937 -187.0 0.0 27.5 515.6 365.5 652.0
09:52:20.968 -187.0 0.0 27.5 522.7 369.2 660.0
09:52:21.000 -187.0 0.0 27.2 524.2 366.2 660.0
09:52:21.031 -187.0 0.0 27.0 530.2 365.6 665.0
09:52:21.062 -187.0 0.0 27.0 529.3 365.2 664.0
09:52:21.093 -187.0 0.0 26.8 527.1 360.5 660.0
09:52:21.125 -187.0 0.0 26.5 531.3 358.9 663.0
09:52:21.156 -187.0 0.0 26.5 528.6 357.6 660.0
09:52:21.187 -187.0 0.0 26.3 530.0 354.7 660.0
09:52:21.218 -187.0 0.0 26.3 530.0 354.7 660.0
09:52:21.250 -187.0 0.0 26.1 531.5 351.7 660.0
09:52:21.281 -187.0 0.0 25.9 532.9 348.8 660.0
09:52:21.312 -187.0 0.0 25.9 532.9 348.8 660.0
09:52:21.343 -187.0 0.0 25.6 533.5 345.4 659.0
09:52:21.375 -187.0 0.0 25.4 534.8 342.5 659.0
09:52:21.406 -187.0 0.0 25.4 535.8 342.9 660.0
09:52:21.437 -187.0 0.0 25.2 569.7 355.3 696.0
09:52:21.468 -187.0 0.0 24.9 553.9 344.3 677.0
09:52:21.500 -187.0 0.0 24.9 553.9 344.3 677.0
09:52:21.531 -187.0 0.0 24.7 547.2 337.4 668.0
09:52:21.562 -187.0 0.0 24.5 546.7 333.7 666.0
09:52:21.593 -187.0 0.0 24.5 548.5 334.5 668.0
09:52:21.625 -187.0 0.0 24.2 550.8 331.8 669.0
09:52:21.656 -187.0 0.0 24.0 551.2 328.4 668.0
09:52:21.687 -187.0 0.0 24.0 551.2 328.4 668.0
09:52:21.718 -187.0 0.0 23.8 552.5 325.4 668.0
09:52:21.750 -187.0 0.0 23.5 553.9 322.3 668.0
09:52:21.781 -187.0 0.0 23.5 553.9 322.3 668.0
09:52:21.812 -187.0 0.0 23.3 555.2 319.4 668.0
09:52:21.843 -187.0 0.0 23.3 555.2 319.4 668.0
09:52:21.875 -187.0 0.0 23.1 561.1 318.4 673.0
09:52:21.906 -187.0 0.0 22.8 557.8 313.3 668.0
09:52:21.937 -187.0 0.0 22.6 558.1 309.8 667.0
09:52:21.968 -187.0 0.0 22.6 558.1 309.8 667.0
09:52:22.000 -187.0 0.0 22.3 560.3 307.2 668.0
09:52:22.031 -187.0 0.0 22.3 560.3 307.2 668.0
09:52:22.062 -187.0 0.0 22.1 565.3 305.6 672.0
09:52:22.093 -187.0 0.0 21.9 568.4 303.2 674.0
09:52:22.125 -187.0 0.0 21.9 568.4 303.2 674.0
09:52:22.156 -187.0 0.0 21.6 569.6 300.3 674.0
09:52:22.187 -187.0 0.0 21.4 574.5 298.6 678.0
09:52:22.218 -187.0 0.0 21.4 574.5 298.6 678.0
09:52:22.250 -187.0 0.0 21.2 575.7 295.5 678.0
09:52:22.281 -187.0 0.0 20.9 581.6 294.3 683.0
09:52:22.312 -187.0 0.0 20.9 580.6 293.9 682.0
09:52:22.343 -187.0 0.0 20.7 581.9 290.7 682.0
09:52:22.375 -187.0 0.0 20.5 583.1 287.5 682.0
09:52:22.406 -187.0 0.0 20.5 583.1 287.5 682.0
09:52:22.437 -187.0 0.0 20.2 584.2 284.4 682.0
09:52:22.468 -187.0 0.0 20.0 585.4 281.3 682.0
09:52:22.500 -187.0 0.0 20.0 584.4 280.9 681.0
09:52:22.531 -187.0 0.0 19.8 585.5 277.9 681.0
09:52:22.562 -187.0 0.0 19.5 586.7 274.6 681.0
09:52:22.593 -187.0 0.0 19.5 584.8 274.0 679.0
09:52:22.625 -187.0 0.0 19.3 587.8 271.4 681.0
09:52:22.656 -187.0 0.0 19.3 586.0 270.7 679.0
09:52:22.687 -187.0 0.0 19.1 587.0 267.6 679.0
09:52:22.718 -187.0 0.0 18.8 589.1 264.8 680.0
09:52:22.750 -187.0 0.0 18.6 591.1 261.9 681.0
09:52:22.781 -187.0 0.0 18.6 591.1 261.9 681.0
09:52:22.812 -187.0 0.0 18.4 602.6 262.3 692.0
09:52:22.843 -187.0 0.0 18.4 598.8 261.0 688.0
09:52:22.875 -187.0 0.0 18.1 599.8 257.8 688.0
09:52:22.906 -187.0 0.0 17.9 600.9 254.6 688.0
09:52:22.937 -187.0 0.0 17.9 599.9 254.3 687.0
09:52:22.968 -187.0 0.0 17.7 598.1 250.2 684.0
09:52:23.000 -187.0 0.0 17.4 599.1 246.9 684.0
09:52:23.031 -187.0 0.0 17.4 598.2 246.6 683.0
09:52:23.062 -187.0 0.0 17.2 599.1 243.5 683.0
09:52:23.093 -187.0 0.0 17.0 606.8 242.2 690.0
09:52:23.125 -187.0 0.0 17.0 600.1 240.2 683.0
09:52:23.156 -187.0 0.0 16.7 601.1 237.0 683.0
09:52:23.187 -187.0 0.0 16.5 610.7 236.4 692.0
09:52:23.218 -187.0 0.0 16.5 614.5 237.5 696.0
09:52:23.250 -187.0 0.0 16.3 608.8 232.3 689.0
09:52:23.281 -187.0 0.0 16.0 610.7 229.3 690.0
09:52:23.312 -187.0 0.0 16.0 609.7 229.0 689.0
09:52:23.343 -187.0 0.0 15.8 608.7 225.3 687.0
09:52:23.375 -187.0 0.0 15.6 611.6 222.4 689.0
09:52:23.406 -187.0 0.0 15.6 613.5 222.9 691.0
09:52:23.437 -187.0 0.0 15.3 614.4 219.8 691.0
09:52:23.468 -187.0 0.0 15.3 621.1 221.7 698.0
09:52:23.500 -187.0 0.0 15.1 618.2 217.3 694.0
09:52:23.531 -187.0 0.0 14.9 619.1 214.0 694.0
09:52:23.562 -187.0 0.0 14.9 619.1 214.0 694.0
09:52:23.593 -187.0 0.0 14.6 624.8 211.9 699.0
09:52:23.625 -187.0 0.0 14.4 625.6 208.7 699.0
09:52:23.656 -187.0 0.0 14.4 625.6 208.7 699.0
09:52:23.687 -187.0 0.0 14.2 625.5 205.1 698.0
09:52:23.718 -187.0 0.0 13.9 623.4 201.1 695.0
09:52:23.750 -187.0 0.0 13.9 623.4 201.1 695.0
09:52:23.781 -187.0 0.0 13.7 624.2 197.7 695.0
09:52:23.812 -187.0 0.0 13.5 625.0 194.5 695.0
09:52:23.843 -187.0 0.0 13.5 625.0 194.5 695.0
09:52:23.875 -187.0 0.0 13.2 625.8 191.2 695.0
09:52:23.906 -187.0 0.0 13.0 624.6 187.3 693.0
09:52:23.937 -187.0 0.0 13.0 624.6 187.3 693.0
09:52:23.968 -187.0 0.0 12.8 624.4 183.8 692.0
09:52:24.000 -187.0 0.0 12.5 625.2 180.5 692.0
09:52:24.031 -187.0 0.0 12.5 632.0 182.0 699.0
09:52:24.062 -187.0 0.0 12.3 631.7 178.5 698.0
09:52:24.093 -187.0 0.0 12.1 630.5 174.6 696.0
09:52:24.125 -187.0 0.0 12.1 630.5 174.6 696.0
09:52:24.156 -187.0 0.0 11.8 628.3 170.7 693.0
09:52:24.187 -187.0 0.0 11.8 626.3 170.3 691.0
09:52:24.218 -187.0 0.0 11.6 629.0 167.5 693.0
09:52:24.250 -187.0 0.0 11.4 627.7 163.7 691.0
09:52:24.281 -187.0 0.0 11.4 626.7 163.5 690.0
09:52:24.312 -187.0 0.0 11.1 627.4 160.3 690.0
09:52:24.343 -187.0 0.0 10.9 624.1 156.1 686.0
09:52:24.375 -187.0 0.0 10.9 624.1 156.1 686.0
09:52:24.406 -187.0 0.0 10.7 627.7 153.4 689.0
09:52:24.437 -187.0 0.0 10.4 631.2 150.6 692.0
09:52:24.468 -187.0 0.0 10.4 631.2 150.6 692.0
09:52:24.500 -187.0 0.0 10.2 634.8 147.7 695.0
09:52:24.531 -187.0 0.0 10.0 632.4 143.9 692.0
09:52:24.562 -187.0 0.0 10.0 628.5 143.2 688.0
09:52:24.593 -187.0 0.0 9.7 631.1 140.2 690.0
09:52:24.625 -187.0 0.0 9.5 633.6 137.3 692.0
09:52:24.656 -187.0 0.0 9.5 629.6 136.6 688.0
09:52:24.687 -187.0 0.0 9.3 631.2 133.3 689.0
09:52:24.718 -187.0 0.0 9.0 630.7 129.9 688.0
09:52:24.750 -187.0 0.0 9.0 630.7 129.9 688.0
09:52:24.781 -187.0 0.0 8.8 632.2 126.7 689.0
09:52:24.812 -187.0 0.0 8.6 631.8 123.3 688.0
09:52:24.843 -187.0 0.0 8.6 631.8 123.3 688.0
09:52:24.875 -187.0 0.0 8.3 632.3 119.8 688.0
09:52:24.906 -187.0 0.0 8.3 633.3 119.9 689.0
09:52:24.937 -187.0 0.0 8.1 633.7 116.7 689.0
09:52:24.968 -187.0 0.0 7.9 634.2 113.2 689.0
09:52:25.000 -187.0 0.0 7.9 634.2 113.2 689.0
09:52:25.031 -187.0 0.0 7.6 633.7 109.8 688.0
09:52:25.062 -187.0 0.0 7.4 634.1 106.4 688.0
09:52:25.093 -187.0 0.0 7.4 635.1 106.5 689.0
09:52:25.125 -187.0 0.0 7.2 634.5 103.1 688.0
09:52:25.156 -187.0 0.0 6.9 635.0 99.7 688.0
09:52:25.187 -187.0 0.0 6.9 634.0 99.6 687.0
09:52:25.218 -187.0 0.0 6.7 634.4 96.3 687.0
09:52:25.250 -187.0 0.0 6.5 636.7 93.2 689.0
09:52:25.281 -187.0 0.0 6.5 636.7 93.2 689.0
09:52:25.312 -187.0 0.0 6.2 637.1 89.8 689.0
09:52:25.343 -187.0 0.0 6.0 640.4 86.7 692.0
09:52:25.375 -187.0 0.0 6.0 640.4 86.7 692.0
09:52:25.406 -187.0 0.0 5.8 637.8 83.2 689.0
09:52:25.437 -187.0 0.0 5.5 638.1 79.7 689.0
09:52:25.468 -187.0 0.0 5.5 636.1 79.5 687.0
09:52:25.500 -187.0 0.0 5.3 636.5 76.2 687.0
09:52:25.531 -187.0 0.0 5.0 636.8 72.7 687.0
09:52:25.562 -187.0 0.0 5.0 638.8 72.9 689.0
09:52:25.593 -187.0 0.0 4.8 634.1 69.2 684.0
09:52:25.625 -187.0 0.0 4.6 637.3 66.2 687.0
09:52:25.656 -187.0 0.0 4.6 637.3 66.2 687.0
09:52:25.687 -187.0 0.0 4.3 637.6 62.7 687.0
09:52:25.718 -187.0 0.0 4.3 637.6 62.7 687.0
09:52:25.750 -187.0 0.0 4.1 637.8 59.4 687.0
09:52:25.781 -187.0 0.0 3.9 638.1 55.9 687.0
09:52:25.812 -187.0 0.0 3.9 640.1 56.0 689.0
09:52:25.843 -187.0 0.0 3.7 643.3 53.0 692.0
09:52:25.875 -187.0 0.0 3.4 638.5 49.2 687.0
09:52:25.906 -187.0 0.0 3.4 640.5 49.4 689.0
09:52:25.937 -187.0 0.0 3.2 638.7 46.0 687.0
09:52:25.968 -187.0 0.0 3.0 638.9 42.6 687.0
09:52:26.000 -187.0 0.0 3.0 638.9 42.6 687.0
09:52:26.031 -187.0 0.0 2.7 638.0 39.2 686.0
09:52:26.062 -187.0 0.0 2.5 638.2 35.7 686.0
09:52:26.093 -187.0 0.0 2.5 641.2 35.8 689.0
09:52:26.125 -187.0 0.0 2.3 639.3 32.5 687.0
09:52:26.156 -187.0 0.0 2.0 638.5 28.9 686.0
09:52:26.187 -187.0 0.0 2.0 639.5 29.0 687.0
09:52:26.218 -187.0 0.0 1.8 638.6 25.7 686.0
09:52:26.250 -187.0 0.0 1.5 638.7 22.2 686.0
09:52:26.281 -187.0 0.0 1.5 639.7 22.3 687.0
09:52:26.312 -187.0 0.0 1.3 640.8 19.0 688.0
09:52:26.343 -187.0 0.0 1.1 638.8 15.5 686.0
09:52:26.375 -187.0 0.0 1.1 639.8 15.5 687.0
09:52:26.406 -187.0 0.0 0.9 639.9 12.3 687.0
09:52:26.437 -187.0 0.0 0.9 639.9 12.3 687.0
09:52:26.468 -187.0 0.0 0.6 641.9 8.8 689.0
09:52:26.500 -187.0 0.0 0.4 643.0 5.3 690.0
09:52:26.531 -187.0 0.0 0.4 640.0 5.3 687.0
09:52:26.562 -187.0 0.0 0.1 640.0 2.0 687.0
09:52:26.593 -187.0 0.0 -0.1 639.0 -1.3 686.0
09:52:26.625 -187.0 0.0 -0.1 637.0 -1.3 684.0
09:52:26.656 -187.0 0.0 -0.3 639.0 -4.6 686.0
09:52:26.687 -187.0 0.0 -0.6 644.9 -8.1 692.0
09:52:26.718 -187.0 0.0 -0.6 644.9 -8.1 692.0
09:52:26.750 -187.0 0.0 -0.8 644.9 -11.5 692.0
09:52:26.781 -187.0 0.0 -1.0 640.8 -14.9 688.0
09:52:26.812 -187.0 0.0 -1.0 638.8 -14.9 686.0
09:52:26.843 -187.0 0.0 -1.3 638.8 -18.2 686.0
09:52:26.875 -187.0 0.0 -1.5 638.7 -21.5 686.0
09:52:26.906 -187.0 0.0 -1.5 638.7 -21.5 686.0
09:52:26.937 -187.0 0.0 -1.7 638.6 -24.8 686.0
09:52:26.968 -187.0 0.0 -2.0 638.5 -28.3 686.0
09:52:27.000 -187.0 0.0 -2.0 638.5 -28.3 686.0
09:52:27.031 -187.0 0.0 -2.2 638.4 -31.5 686.0
09:52:27.062 -187.0 0.0 -2.4 638.2 -35.0 686.0
09:52:27.093 -187.0 0.0 -2.4 638.2 -35.0 686.0
09:52:27.125 -187.0 0.0 -2.7 639.1 -38.5 687.0
09:52:27.156 -187.0 0.0 -2.9 641.9 -41.9 690.0
09:52:27.187 -187.0 0.0 -2.9 641.9 -41.9 690.0
09:52:27.218 -187.0 0.0 -3.1 641.7 -45.3 690.0
09:52:27.250 -187.0 0.0 -3.4 640.6 -48.5 689.0
09:52:27.281 -187.0 0.0 -3.4 640.6 -48.5 689.0
09:52:27.312 -187.0 0.0 -3.6 640.4 -51.9 689.0
09:52:27.343 -187.0 0.0 -3.6 640.4 -51.9 689.0
09:52:27.375 -187.0 0.0 -3.8 640.1 -55.4 689.0
09:52:27.406 -187.0 0.0 -4.1 642.9 -58.9 692.0
09:52:27.437 -187.0 0.0 -4.1 642.9 -58.9 692.0
09:52:27.468 -187.0 0.0 -4.3 642.6 -62.4 692.0
09:52:27.500 -187.0 0.0 -4.5 642.4 -65.8 692.0
09:52:27.531 -187.0 0.0 -4.5 642.4 -65.8 692.0
09:52:27.562 -187.0 0.0 -4.8 642.1 -69.1 692.0
09:52:27.593 -187.0 0.0 -5.0 642.8 -72.5 693.0
09:52:27.625 -187.0 0.0 -5.0 645.8 -72.7 696.0
09:52:27.656 -187.0 0.0 -5.2 643.5 -76.0 694.0
09:52:27.687 -187.0 0.0 -5.5 643.2 -79.3 694.0
09:52:27.718 -187.0 0.0 -5.5 645.2 -79.5 696.0
09:52:27.750 -187.0 0.0 -5.7 641.9 -82.8 693.0
09:52:27.781 -187.0 0.0 -5.9 644.5 -86.6 696.0
09:52:27.812 -187.0 0.0 -5.9 641.5 -86.3 693.0
09:52:27.843 -187.0 0.0 -6.2 641.2 -89.6 693.0
09:52:27.875 -187.0 0.0 -6.2 641.2 -89.6 693.0
09:52:27.906 -187.0 0.0 -6.4 642.8 -93.0 695.0
09:52:27.937 -187.0 0.0 -6.6 642.4 -96.3 695.0
09:52:27.968 -187.0 0.0 -6.6 643.4 -96.5 696.0
09:52:28.000 -187.0 0.0 -6.9 644.0 -100.1 697.0
09:52:28.031 -187.0 0.0 -7.1 641.6 -103.1 695.0
09:52:28.062 -187.0 0.0 -7.1 643.6 -103.4 697.0
09:52:28.093 -187.0 0.0 -7.3 648.1 -107.6 702.0
09:52:28.125 -187.0 0.0 -7.6 646.6 -110.8 701.0
09:52:28.156 -187.0 0.0 -7.6 646.6 -110.8 701.0
09:52:28.187 -187.0 0.0 -7.8 642.2 -113.6 697.0
09:52:28.218 -187.0 0.0 -8.0 640.8 -116.8 696.0
09:52:28.250 -187.0 0.0 -8.0 640.8 -116.8 696.0
09:52:28.281 -187.0 0.0 -8.3 641.3 -120.4 697.0
09:52:28.312 -187.0 0.0 -8.5 639.8 -123.5 696.0
09:52:28.343 -187.0 0.0 -8.5 640.8 -123.7 697.0
09:52:28.375 -187.0 0.0 -8.7 639.3 -127.0 696.0
09:52:28.406 -187.0 0.0 -9.0 638.8 -130.3 696.0
09:52:28.437 -187.0 0.0 -9.0 638.8 -130.3 696.0
09:52:28.468 -187.0 0.0 -9.2 640.2 -134.1 698.0
09:52:28.500 -187.0 0.0 -9.4 638.7 -137.3 697.0
09:52:28.531 -187.0 0.0 -9.4 639.6 -137.4 698.0
09:52:28.562 -187.0 0.0 -9.7 644.0 -141.6 703.0
09:52:28.593 -187.0 0.0 -9.9 643.4 -145.0 703.0
09:52:28.625 -187.0 0.0 -9.9 643.4 -145.0 703.0
09:52:28.656 -187.0 0.0 -10.1 636.9 -147.4 697.0
09:52:28.687 -187.0 0.0 -10.1 636.9 -147.4 697.0
09:52:28.718 -187.0 0.0 -10.4 638.3 -151.0 699.0
09:52:28.750 -187.0 0.0 -10.6 643.5 -155.6 705.0
09:52:28.781 -187.0 0.0 -10.6 642.6 -155.4 704.0
09:52:28.812 -187.0 0.0 -10.8 642.9 -158.9 705.0
09:52:28.843 -187.0 0.0 -11.1 641.3 -162.1 704.0
09:52:28.875 -187.0 0.0 -11.1 641.3 -162.1 704.0
09:52:28.906 -187.0 0.0 -11.3 646.5 -166.7 710.0
09:52:28.937 -187.0 0.0 -11.5 650.7 -170.9 715.0
09:52:28.968 -187.0 0.0 -11.5 645.8 -169.9 710.0
09:52:29.000 -187.0 0.0 -11.8 650.0 -174.5 715.0
09:52:29.031 -187.0 0.0 -12.0 644.4 -176.8 710.0
09:52:29.062 -187.0 0.0 -12.0 644.4 -176.8 710.0
09:52:29.093 -187.0 0.0 -12.2 643.7 -180.1 710.0
09:52:29.125 -187.0 0.0 -12.5 642.9 -183.7 710.0
09:52:29.156 -187.0 0.0 -12.5 642.9 -183.7 710.0
09:52:29.187 -187.0 0.0 -12.7 642.2 -187.0 710.0
09:52:29.218 -187.0 0.0 -12.9 642.4 -190.6 711.0
09:52:29.250 -187.0 0.0 -12.9 641.4 -190.3 710.0
09:52:29.281 -187.0 0.0 -13.2 641.6 -194.0 711.0
09:52:29.312 -187.0 0.0 -13.4 639.8 -197.1 710.0
09:52:29.343 -187.0 0.0 -13.4 639.8 -197.1 710.0
09:52:29.375 -187.0 0.0 -13.6 645.8 -202.1 717.0
09:52:29.406 -187.0 0.0 -13.6 647.8 -202.5 719.0
09:52:29.437 -187.0 0.0 -13.9 638.1 -204.0 710.0
09:52:29.468 -187.0 0.0 -14.1 637.3 -207.3 710.0
09:52:29.500 -187.0 0.0 -14.3 638.4 -211.1 712.0
09:52:29.531 -187.0 0.0 -14.3 638.4 -211.1 712.0
09:52:29.562 -187.0 0.0 -14.6 638.5 -214.6 713.0
09:52:29.593 -187.0 0.0 -14.6 645.3 -216.3 720.0
09:52:29.625 -187.0 0.0 -14.8 644.4 -219.8 720.0
09:52:29.656 -187.0 0.0 -15.0 644.5 -223.6 721.0
09:52:29.687 -187.0 0.0 -15.0 652.2 -225.6 729.0
09:52:29.718 -187.0 0.0 -15.3 642.6 -226.6 720.0
09:52:29.750 -187.0 0.0 -15.5 647.4 -231.7 726.0
09:52:29.781 -187.0 0.0 -15.5 650.3 -232.5 729.0
09:52:29.812 -187.0 0.0 -15.7 649.4 -235.8 729.0
09:52:29.843 -187.0 0.0 -16.0 648.4 -239.4 729.0
09:52:29.875 -187.0 0.0 -16.0 653.2 -240.8 734.0
09:52:29.906 -187.0 0.0 -16.2 645.5 -242.1 727.0
09:52:29.937 -187.0 0.0 -16.4 644.5 -245.4 727.0
09:52:29.968 -187.0 0.0 -16.4 651.2 -247.4 734.0
09:52:30.000 -187.0 0.0 -16.7 650.2 -251.0 734.0
09:52:30.031 -187.0 0.0 -16.9 651.1 -254.9 736.0
09:52:30.062 -187.0 0.0 -16.9 649.2 -254.3 734.0
09:52:30.093 -187.0 0.0 -17.2 641.4 -255.7 727.0
09:52:30.125 -187.0 0.0 -17.4 640.4 -259.0 727.0
09:52:30.156 -187.0 0.0 -17.4 644.2 -260.2 731.0
09:52:30.187 -187.0 0.0 -17.6 643.1 -263.7 731.0
09:52:30.218 -187.0 0.0 -17.8 658.3 -272.1 748.0
09:52:30.250 -187.0 0.0 -17.8 651.6 -270.0 741.0
09:52:30.281 -187.0 0.0 -18.1 650.5 -273.4 741.0
09:52:30.312 -187.0 0.0 -18.1 650.5 -273.4 741.0
09:52:30.343 -187.0 0.0 -18.3 646.5 -276.0 738.0
09:52:30.375 -187.0 0.0 -18.6 645.4 -279.3 738.0
09:52:30.406 -187.0 0.0 -18.6 649.1 -280.6 742.0
09:52:30.437 -187.0 0.0 -18.8 646.1 -283.3 740.0
09:52:30.468 -187.0 0.0 -19.0 644.0 -286.3 739.0
09:52:30.500 -187.0 0.0 -19.0 645.0 -286.6 740.0
09:52:30.531 -187.0 0.0 -19.2 642.8 -289.8 739.0
09:52:30.562 -187.0 0.0 -19.5 641.6 -293.2 739.0
09:52:30.593 -187.0 0.0 -19.5 641.6 -293.2 739.0
09:52:30.625 -187.0 0.0 -19.7 641.4 -296.9 740.0
09:52:30.656 -187.0 0.0 -19.9 640.2 -300.2 740.0
09:52:30.687 -187.0 0.0 -19.9 646.8 -302.6 747.0
09:52:30.718 -187.0 0.0 -20.2 638.9 -303.7 740.0
09:52:30.750 -187.0 0.0 -20.4 637.7 -307.0 740.0
09:52:30.781 -187.0 0.0 -20.4 648.0 -310.8 751.0
09:52:30.812 -187.0 0.0 -20.7 658.9 -318.8 764.0
09:52:30.843 -187.0 0.0 -20.9 657.6 -322.3 764.0
09:52:30.875 -187.0 0.0 -20.9 657.6 -322.3 764.0
09:52:30.906 -187.0 0.0 -21.1 659.1 -326.7 767.0
09:52:30.937 -187.0 0.0 -21.4 657.7 -330.3 767.0
09:52:30.968 -187.0 0.0 -21.4 658.6 -330.7 768.0
09:52:31.000 -187.0 0.0 -21.6 656.3 -333.8 767.0
09:52:31.031 -187.0 0.0 -21.8 653.1 -336.4 765.0
09:52:31.062 -187.0 0.0 -21.8 653.1 -336.4 765.0
09:52:31.093 -187.0 0.0 -22.1 651.7 -340.0 765.0
09:52:31.125 -187.0 0.0 -22.1 651.7 -340.0 765.0
09:52:31.156 -187.0 0.0 -22.3 654.1 -344.8 769.0
09:52:31.187 -187.0 0.0 -22.5 651.7 -347.8 768.0
09:52:31.218 -187.0 0.0 -22.5 649.9 -347.0 766.0
09:52:31.250 -187.0 0.0 -22.8 650.3 -351.3 768.0
09:52:31.281 -187.0 0.0 -23.0 647.0 -353.8 766.0
09:52:31.312 -187.0 0.0 -23.0 647.0 -353.8 766.0
09:52:31.343 -187.0 0.0 -23.2 648.3 -358.6 769.0
09:52:31.375 -187.0 0.0 -23.5 646.8 -361.9 769.0
09:52:31.406 -187.0 0.0 -23.5 646.8 -361.9 769.0
09:52:31.437 -187.0 0.0 -23.7 659.1 -371.3 784.0
09:52:31.468 -187.0 0.0 -23.9 655.7 -374.0 782.0
09:52:31.500 -187.0 0.0 -23.9 647.5 -370.3 773.0
09:52:31.531 -187.0 0.0 -24.2 646.0 -373.6 773.0
09:52:31.562 -187.0 0.0 -24.4 652.7 -380.7 782.0
09:52:31.593 -187.0 0.0 -24.4 652.7 -380.7 782.0
09:52:31.625 -187.0 0.0 -24.6 677.5 -396.3 811.0
09:52:31.656 -187.0 0.0 -24.9 665.9 -395.1 800.0
09:52:31.687 -187.0 0.0 -24.9 649.6 -387.6 782.0
09:52:31.718 -187.0 0.0 -25.1 648.0 -391.0 782.0
09:52:31.750 -187.0 0.0 -25.1 641.6 -388.1 775.0
09:52:31.781 -187.0 0.0 -25.3 640.0 -391.5 775.0
09:52:31.812 -187.0 0.0 -25.6 652.9 -401.7 791.0
09:52:31.843 -187.0 0.0 -25.8 654.8 -407.0 795.0
09:52:31.875 -187.0 0.0 -25.8 654.8 -407.0 795.0
09:52:31.906 -187.0 0.0 -26.0 653.1 -410.3 795.0
09:52:31.937 -187.0 0.0 -26.0 649.5 -408.6 791.0
09:52:31.968 -187.0 0.0 -26.3 617.4 -396.9 757.0
09:52:32.000 -187.0 0.0 -26.5 632.8 -408.6 776.0
09:52:32.031 -187.0 0.0 -26.5 646.2 -415.3 791.0
09:52:32.062 -187.0 0.0 -26.7 644.5 -418.7 791.0
09:52:32.093 -187.0 0.0 -27.0 642.8 -422.1 791.0
09:52:32.125 -187.0 0.0 -27.0 637.5 -419.4 785.0
09:52:32.156 -187.0 0.0 -27.2 634.8 -422.4 784.0
09:52:32.187 -187.0 0.0 -27.4 634.0 -426.1 785.0
09:52:32.218 -187.0 0.0 -27.4 633.1 -425.7 784.0
09:52:32.250 -187.0 0.0 -27.7 626.1 -426.2 778.0
09:52:32.281 -187.0 0.0 -27.9 624.3 -429.4 778.0
09:52:32.312 -187.0 0.0 -27.9 615.5 -424.8 768.0
09:52:32.343 -187.0 0.0 -28.1 613.7 -428.1 768.0
09:52:32.375 -187.0 0.0 -28.4 612.0 -431.3 768.0
09:52:32.406 -187.0 0.0 -28.4 612.0 -431.3 768.0
09:52:32.437 -187.0 0.0 -28.6 610.2 -434.7 768.0
09:52:32.468 -187.0 0.0 -28.8 612.8 -440.2 773.0
09:52:32.500 -187.0 0.0 -28.8 619.8 -444.1 781.0
09:52:32.531 -187.0 0.0 -29.1 617.9 -447.5 781.0
09:52:32.562 -187.0 0.0 -29.1 617.9 -447.5 781.0
09:52:32.593 -187.0 0.0 -29.3 605.7 -444.9 769.0
09:52:32.625 -187.0 0.0 -29.5 603.9 -448.0 769.0
09:52:32.656 -187.0 0.0 -29.8 608.1 -454.8 776.0
09:52:32.687 -187.0 0.0 -29.8 602.0 -451.4 769.0
09:52:32.718 -187.0 0.0 -30.0 600.2 -454.5 769.0
09:52:32.750 -187.0 0.0 -30.0 600.2 -454.5 769.0
09:52:32.781 -187.0 0.0 -30.2 598.4 -457.7 769.0
09:52:32.812 -187.0 0.0 -30.5 590.4 -457.4 762.0
09:52:32.843 -187.0 0.0 -30.5 590.4 -457.4 762.0
09:52:32.875 -187.0 0.0 -30.7 593.7 -463.6 768.0
09:52:32.906 -187.0 0.0 -30.9 591.9 -466.7 768.0
09:52:32.937 -187.0 0.0 -30.9 600.5 -471.8 778.0
09:52:32.968 -187.0 0.0 -31.2 593.3 -472.0 772.0
09:52:33.000 -187.0 0.0 -31.4 587.9 -473.2 768.0
09:52:33.031 -187.0 0.0 -31.4 587.9 -473.2 768.0
09:52:33.062 -187.0 0.0 -31.6 580.1 -472.5 761.0
09:52:33.093 -187.0 0.0 -31.9 577.3 -475.2 760.0
09:52:33.125 -187.0 0.0 -31.9 578.1 -475.7 761.0
09:52:33.156 -187.0 0.0 -32.1 575.3 -478.4 760.0
09:52:33.187 -187.0 0.0 -32.1 575.3 -478.4 760.0
09:52:33.218 -187.0 0.0 -32.3 573.4 -481.4 760.0
09:52:33.250 -187.0 0.0 -32.6 563.0 -479.1 750.0
09:52:33.281 -187.0 0.0 -32.6 562.2 -478.6 749.0
09:52:33.312 -187.0 0.0 -32.8 560.3 -481.5 749.0
09:52:33.343 -187.0 0.0 -33.0 559.1 -485.2 750.0
09:52:33.375 -187.0 0.0 -33.0 559.1 -485.2 750.0
09:52:33.406 -187.0 0.0 -33.3 589.7 -509.6 789.0
09:52:33.437 -187.0 0.0 -33.5 560.1 -494.6 756.0
09:52:33.468 -187.0 0.0 -33.7 558.1 -497.6 756.0
09:52:33.500 -187.0 0.0 -33.7 563.1 -500.9 762.0
09:52:33.531 -187.0 0.0 -34.0 561.8 -504.6 763.0
09:52:33.562 -187.0 0.0 -34.0 556.8 -501.3 757.0
09:52:33.593 -187.0 0.0 -34.2 559.7 -507.8 763.0
09:52:33.625 -187.0 0.0 -34.4 552.7 -507.3 757.0
09:52:33.656 -187.0 0.0 -34.4 552.7 -507.3 757.0
09:52:33.687 -187.0 0.0 -34.7 551.5 -510.9 758.0
09:52:33.718 -187.0 0.0 -34.9 551.1 -515.0 760.0
09:52:33.750 -187.0 0.0 -34.9 548.6 -513.3 757.0
09:52:33.781 -187.0 0.0 -35.1 548.9 -518.0 760.0
09:52:33.812 -187.0 0.0 -35.4 557.4 -528.5 773.0
09:52:33.843 -187.0 0.0 -35.4 545.2 -519.8 758.0
09:52:33.875 -187.0 0.0 -35.6 543.0 -522.9 758.0
09:52:33.906 -187.0 0.0 -35.8 537.7 -523.5 754.0
09:52:33.937 -187.0 0.0 -35.8 537.7 -523.5 754.0
09:52:33.968 -187.0 0.0 -36.1 539.6 -529.3 759.0
09:52:34.000 -187.0 0.0 -36.1 543.7 -532.3 764.0
09:52:34.031 -187.0 0.0 -36.3 533.3 -529.4 754.0
09:52:34.062 -187.0 0.0 -36.5 539.3 -538.3 764.0
09:52:34.093 -187.0 0.0 -36.8 531.4 -537.1 757.0
09:52:34.125 -187.0 0.0 -36.8 531.4 -537.1 757.0
09:52:34.156 -187.0 0.0 -37.0 534.9 -544.1 764.0
09:52:34.187 -187.0 0.0 -37.0 538.9 -547.1 769.0
09:52:34.218 -187.0 0.0 -37.3 536.5 -550.3 769.0
09:52:34.250 -187.0 0.0 -37.5 534.3 -553.2 769.0
09:52:34.281 -187.0 0.0 -37.5 528.0 -548.3 761.0
09:52:34.312 -187.0 0.0 -37.7 521.9 -548.0 756.0
09:52:34.343 -187.0 0.0 -38.0 523.5 -554.1 761.0
09:52:34.375 -187.0 0.0 -38.0 524.2 -554.7 762.0
09:52:34.406 -187.0 0.0 -38.2 522.0 -557.6 762.0
09:52:34.437 -187.0 0.0 -38.4 519.7 -560.5 762.0
09:52:34.468 -187.0 0.0 -38.4 518.9 -559.9 761.0
09:52:34.500 -187.0 0.0 -38.6 508.8 -556.5 751.0
09:52:34.531 -187.0 0.0 -38.9 510.4 -562.5 756.0
09:52:34.562 -187.0 0.0 -38.9 514.3 -565.7 761.0
09:52:34.593 -187.0 0.0 -39.1 512.0 -568.5 761.0
09:52:34.625 -187.0 0.0 -39.4 510.5 -571.9 762.0
09:52:34.656 -187.0 0.0 -39.4 509.7 -571.3 761.0
09:52:34.687 -187.0 0.0 -39.6 504.3 -571.5 757.0
09:52:34.718 -187.0 0.0 -39.8 501.9 -574.4 757.0
09:52:34.750 -187.0 0.0 -39.8 493.5 -567.4 746.0
09:52:34.781 -187.0 0.0 -40.0 488.9 -568.2 743.0
09:52:34.812 -187.0 0.0 -40.0 490.4 -569.5 745.0
09:52:34.843 -187.0 0.0 -40.3 486.5 -571.0 743.0
09:52:34.875 -187.0 0.0 -40.5 483.4 -573.1 742.0
09:52:34.906 -187.0 0.0 -40.5 484.2 -573.7 743.0
09:52:34.937 -187.0 0.0 -40.7 483.4 -577.7 745.0
09:52:34.968 -187.0 0.0 -41.0 481.0 -580.5 745.0
09:52:35.000 -187.0 0.0 -41.0 490.8 -589.0 758.0
09:52:35.031 -187.0 0.0 -41.2 491.5 -594.3 762.0
09:52:35.062 -187.0 0.0 -41.4 485.4 -593.7 757.0
09:52:35.093 -187.0 0.0 -41.4 485.4 -593.7 757.0
09:52:35.125 -187.0 0.0 -41.7 482.9 -596.5 757.0
09:52:35.156 -187.0 0.0 -41.9 480.4 -599.3 757.0
09:52:35.187 -187.0 0.0 -41.9 484.1 -602.7 762.0
09:52:35.218 -187.0 0.0 -42.2 485.4 -608.7 767.0
09:52:35.250 -187.0 0.0 -42.4 475.5 -604.7 757.0
09:52:35.281 -187.0 0.0 -42.4 481.4 -610.1 765.0
09:52:35.312 -187.0 0.0 -42.6 473.0 -607.4 757.0
09:52:35.343 -187.0 0.0 -42.9 470.6 -610.1 757.0
09:52:35.375 -187.0 0.0 -42.9 475.0 -614.1 763.0
09:52:35.406 -187.0 0.0 -43.1 474.6 -619.0 766.0
09:52:35.437 -187.0 0.0 -43.3 471.4 -620.9 765.0
09:52:35.468 -187.0 0.0 -43.3 471.4 -620.9 765.0
09:52:35.500 -187.0 0.0 -43.6 458.7 -613.9 751.0
09:52:35.531 -187.0 0.0 -43.6 458.7 -613.9 751.0
09:52:35.562 -187.0 0.0 -43.8 457.6 -618.0 753.0
09:52:35.593 -187.0 0.0 -44.0 477.3 -642.2 784.0
09:52:35.625 -187.0 0.0 -44.3 466.9 -637.2 773.0
09:52:35.656 -187.0 0.0 -44.3 466.9 -637.2 773.0
09:52:35.687 -187.0 0.0 -44.5 457.9 -633.5 764.0
09:52:35.718 -187.0 0.0 -44.5 457.2 -632.8 763.0
09:52:35.750 -187.0 0.0 -44.7 454.5 -635.5 763.0
09:52:35.781 -187.0 0.0 -45.0 449.1 -635.2 759.0
09:52:35.812 -187.0 0.0 -45.0 449.1 -635.2 759.0
09:52:35.843 -187.0 0.0 -45.2 447.9 -639.3 761.0
09:52:35.875 -187.0 0.0 -45.4 447.4 -644.0 764.0
09:52:35.906 -187.0 0.0 -45.4 447.4 -644.0 764.0
09:52:35.937 -187.0 0.0 -45.7 444.8 -646.6 764.0
09:52:35.968 -187.0 0.0 -45.9 440.9 -647.6 762.0
09:52:36.000 -187.0 0.0 -45.9 440.9 -647.6 762.0
09:52:36.031 -187.0 0.0 -46.1 460.3 -673.3 794.0
09:52:36.062 -187.0 0.0 -46.4 443.1 -660.7 773.0
09:52:36.093 -187.0 0.0 -46.4 440.4 -657.8 769.0
09:52:36.125 -187.0 0.0 -46.6 437.6 -660.4 769.0
09:52:36.156 -187.0 0.0 -46.8 427.4 -654.9 758.0
09:52:36.187 -187.0 0.0 -46.8 427.4 -654.9 758.0
09:52:36.218 -187.0 0.0 -47.1 430.8 -664.1 767.0
09:52:36.250 -187.0 0.0 -47.1 432.1 -665.5 769.0
09:52:36.281 -187.0 0.0 -47.3 429.5 -668.0 769.0
09:52:36.312 -187.0 0.0 -47.5 430.9 -674.8 775.0
09:52:36.343 -187.0 0.0 -47.8 424.0 -673.0 769.0
09:52:36.375 -187.0 0.0 -47.8 421.3 -670.1 765.0
09:52:36.406 -187.0 0.0 -48.0 418.6 -672.5 765.0
09:52:36.437 -187.0 0.0 -48.0 421.3 -675.5 769.0
09:52:36.468 -187.0 0.0 -48.2 418.5 -678.0 769.0
09:52:36.500 -187.0 0.0 -48.5 415.7 -680.4 769.0
09:52:36.531 -187.0 0.0 -48.5 413.1 -677.4 765.0
09:52:36.562 -187.0 0.0 -48.7 410.4 -679.8 765.0
09:52:36.593 -187.0 0.0 -48.9 409.4 -684.6 768.0
09:52:36.625 -187.0 0.0 -48.9 407.5 -682.4 765.0
09:52:36.656 -187.0 0.0 -49.2 402.8 -682.5 762.0
09:52:36.687 -187.0 0.0 -49.4 401.4 -686.3 764.0
09:52:36.718 -187.0 0.0 -49.4 402.0 -687.0 765.0
09:52:36.750 -187.0 0.0 -49.6 399.2 -689.5 765.0
09:52:36.781 -187.0 0.0 -49.9 401.5 -698.0 773.0
09:52:36.812 -187.0 0.0 -49.9 396.4 -691.9 765.0
09:52:36.843 -187.0 0.0 -50.1 393.4 -694.3 765.0
09:52:36.875 -187.0 0.0 -50.3 400.9 -708.9 781.0
09:52:36.906 -187.0 0.0 -50.3 413.7 -724.3 801.0
09:52:36.937 -187.0 0.0 -50.6 399.8 -713.7 784.0
09:52:36.968 -187.0 0.0 -50.8 397.0 -716.0 784.0
09:52:37.000 -187.0 0.0 -50.8 393.9 -712.1 779.0
09:52:37.031 -187.0 0.0 -51.0 391.0 -714.5 779.0
09:52:37.062 -187.0 0.0 -51.3 387.9 -716.9 779.0
09:52:37.093 -187.0 0.0 -51.3 386.1 -714.6 776.0
09:52:37.125 -187.0 0.0 -51.5 383.1 -716.9 776.0
09:52:37.156 -187.0 0.0 -51.5 385.0 -719.3 779.0
09:52:37.187 -187.0 0.0 -51.7 382.1 -721.6 779.0
09:52:37.218 -187.0 0.0 -52.0 377.4 -721.5 776.0
09:52:37.250 -187.0 0.0 -52.0 377.4 -721.5 776.0
09:52:37.281 -187.0 0.0 -52.2 367.0 -714.3 764.0
09:52:37.312 -187.0 0.0 -52.4 364.1 -716.5 764.0
09:52:37.343 -187.0 0.0 -52.4 371.5 -726.1 776.0
09:52:37.375 -187.0 0.0 -52.7 367.9 -727.5 775.0
09:52:37.406 -187.0 0.0 -52.9 361.9 -725.8 770.0
09:52:37.437 -187.0 0.0 -52.9 363.2 -727.4 772.0
09:52:37.468 -187.0 0.0 -53.1 361.8 -732.1 775.0
09:52:37.500 -187.0 0.0 -53.4 358.8 -734.4 775.0
09:52:37.531 -187.0 0.0 -53.4 358.8 -734.4 775.0
09:52:37.562 -187.0 0.0 -53.6 359.5 -741.4 781.0
09:52:37.593 -187.0 0.0 -53.8 356.5 -743.5 781.0
09:52:37.625 -187.0 0.0 -53.8 360.0 -748.4 787.0
09:52:37.656 -187.0 0.0 -54.1 356.9 -750.7 787.0
09:52:37.687 -187.0 0.0 -54.3 351.0 -748.8 782.0
09:52:37.718 -187.0 0.0 -54.3 353.9 -752.8 787.0
09:52:37.750 -187.0 0.0 -54.5 352.0 -756.6 789.0
09:52:37.781 -187.0 0.0 -54.5 352.0 -756.6 789.0
09:52:37.812 -187.0 0.0 -54.8 382.3 -806.3 847.0
09:52:37.843 -187.0 0.0 -55.0 357.2 -777.4 809.0
09:52:37.875 -187.0 0.0 -55.0 356.1 -775.8 807.0
09:52:37.906 -187.0 0.0 -55.2 352.8 -778.1 807.0
09:52:37.937 -187.0 0.0 -55.5 350.9 -781.8 809.0
09:52:37.968 -187.0 0.0 -55.5 347.5 -776.9 803.0
09:52:38.000 -187.0 0.0 -55.7 344.2 -779.1 803.0
09:52:38.031 -187.0 0.0 -55.9 338.3 -777.1 798.0
09:52:38.062 -187.0 0.0 -55.9 331.6 -767.1 786.0
09:52:38.093 -187.0 0.0 -56.2 328.4 -769.3 786.0
09:52:38.125 -187.0 0.0 -56.4 325.3 -771.4 786.0
09:52:38.156 -187.0 0.0 -56.4 325.3 -771.4 786.0
09:52:38.187 -187.0 0.0 -56.6 324.3 -776.8 790.0
09:52:38.218 -187.0 0.0 -56.9 330.5 -793.1 807.0
09:52:38.250 -187.0 0.0 -56.9 330.5 -793.1 807.0
09:52:38.281 -187.0 0.0 -57.1 331.1 -801.0 814.0
09:52:38.312 -187.0 0.0 -57.3 324.1 -797.2 807.0
09:52:38.343 -187.0 0.0 -57.3 321.9 -793.9 803.0
09:52:38.375 -187.0 0.0 -57.6 320.2 -798.6 806.0
09:52:38.406 -187.0 0.0 -57.8 317.6 -801.4 807.0
09:52:38.437 -187.0 0.0 -57.8 315.4 -798.0 803.0
09:52:38.468 -187.0 0.0 -58.0 312.0 -800.1 803.0
09:52:38.500 -187.0 0.0 -58.3 308.9 -802.1 803.0
09:52:38.531 -187.0 0.0 -58.3 304.6 -795.3 795.0
09:52:38.562 -187.0 0.0 -58.5 304.0 -801.6 800.0
09:52:38.593 -187.0 0.0 -58.5 305.5 -804.1 803.0
09:52:38.625 -187.0 0.0 -58.7 302.3 -806.1 803.0
09:52:38.656 -187.0 0.0 -59.0 298.9 -808.1 803.0
09:52:38.687 -187.0 0.0 -59.0 298.4 -807.3 802.0
09:52:38.718 -187.0 0.0 -59.2 295.2 -809.2 802.0
09:52:38.750 -187.0 0.0 -59.4 292.8 -812.9 804.0
09:52:38.781 -187.0 0.0 -59.4 293.9 -814.7 806.0
09:52:38.812 -187.0 0.0 -59.7 290.5 -816.6 806.0
09:52:38.843 -187.0 0.0 -59.9 287.3 -818.5 806.0
09:52:38.875 -187.0 0.0 -59.9 286.8 -817.7 805.0
09:52:38.906 -187.0 0.0 -60.1 283.4 -819.6 805.0
09:52:38.937 -187.0 0.0 -60.4 279.9 -821.6 805.0
09:52:38.968 -187.0 0.0 -60.4 283.9 -828.5 813.0
09:52:39.000 -187.0 0.0 -60.6 280.1 -829.5 812.0
09:52:39.031 -187.0 0.0 -60.8 276.8 -831.4 812.0
09:52:39.062 -187.0 0.0 -60.8 277.3 -832.2 813.0
09:52:39.093 -187.0 0.0 -61.1 273.8 -834.2 813.0
09:52:39.125 -187.0 0.0 -61.3 291.4 -874.7 857.0
09:52:39.156 -187.0 0.0 -61.3 299.6 -889.6 874.0
09:52:39.187 -187.0 0.0 -61.6 277.9 -858.1 836.0
09:52:39.218 -187.0 0.0 -61.8 274.4 -860.1 836.0
09:52:39.250 -187.0 0.0 -61.8 271.5 -854.8 830.0
09:52:39.281 -187.0 0.0 -62.0 262.1 -845.1 817.0
09:52:39.312 -187.0 0.0 -62.2 258.7 -846.9 817.0
09:52:39.343 -187.0 0.0 -62.2 261.0 -851.3 822.0
09:52:39.375 -187.0 0.0 -62.5 255.6 -849.6 818.0
09:52:39.406 -187.0 0.0 -62.5 255.6 -849.6 818.0
09:52:39.437 -187.0 0.0 -62.7 248.9 -845.2 811.0
09:52:39.468 -187.0 0.0 -63.0 244.9 -846.1 810.0
09:52:39.500 -187.0 0.0 -63.0 245.4 -847.0 811.0
09:52:39.531 -187.0 0.0 -63.2 252.3 -869.3 834.0
09:52:39.562 -187.0 0.0 -63.4 242.2 -857.6 819.0
09:52:39.593 -187.0 0.0 -63.4 242.2 -857.6 819.0
09:52:39.625 -187.0 0.0 -63.7 234.6 -851.3 810.0
09:52:39.656 -187.0 0.0 -63.9 230.7 -852.1 809.0
09:52:39.687 -187.0 0.0 -63.9 230.7 -852.1 809.0
09:52:39.718 -187.0 0.0 -64.1 225.0 -849.4 804.0
09:52:39.750 -187.0 0.0 -64.4 221.6 -851.0 804.0
09:52:39.781 -187.0 0.0 -64.4 223.7 -855.5 809.0
09:52:39.812 -187.0 0.0 -64.6 218.2 -852.6 804.0
09:52:39.843 -187.0 0.0 -64.8 214.5 -854.3 804.0
09:52:39.875 -187.0 0.0 -64.8 214.5 -854.3 804.0
09:52:39.906 -187.0 0.0 -65.1 211.2 -855.9 804.0
09:52:39.937 -187.0 0.0 -65.3 207.5 -857.6 804.0
09:52:39.968 -187.0 0.0 -65.3 210.4 -864.0 811.0
09:52:40.000 -187.0 0.0 -65.5 204.0 -859.2 804.0
09:52:40.031 -187.0 0.0 -65.5 197.4 -844.6 788.0
09:52:40.062 -187.0 0.0 -65.8 194.1 -846.1 788.0
09:52:40.093 -187.0 0.0 -66.0 194.6 -856.9 798.0
09:52:40.125 -187.0 0.0 -66.0 194.6 -856.9 798.0
09:52:40.156 -187.0 0.0 -66.2 191.2 -858.4 798.0
09:52:40.187 -187.0 0.0 -66.5 188.1 -860.8 799.0
09:52:40.218 -187.0 0.0 -66.5 188.1 -860.8 799.0
09:52:40.250 -187.0 0.0 -66.7 184.5 -862.4 799.0
09:52:40.281 -187.0 0.0 -66.9 179.9 -861.1 796.0
09:52:40.312 -187.0 0.0 -66.9 176.4 -852.8 787.0
09:52:40.343 -187.0 0.0 -67.2 176.2 -862.6 796.0
09:52:40.375 -187.0 0.0 -67.4 178.6 -877.9 811.0
09:52:40.406 -187.0 0.0 -67.4 175.1 -869.6 802.0
09:52:40.437 -187.0 0.0 -67.6 171.5 -871.1 802.0
09:52:40.468 -187.0 0.0 -67.9 165.1 -865.1 794.0
09:52:40.500 -187.0 0.0 -67.9 162.4 -858.6 787.0
09:52:40.531 -187.0 0.0 -68.1 161.4 -866.6 794.0
09:52:40.562 -187.0 0.0 -68.3 155.4 -861.4 787.0
09:52:40.593 -187.0 0.0 -68.3 155.0 -860.5 786.0
09:52:40.625 -187.0 0.0 -68.6 151.4 -862.0 786.0
09:52:40.656 -187.0 0.0 -68.8 142.9 -850.2 772.0
09:52:40.687 -187.0 0.0 -68.8 140.0 -842.8 764.0
09:52:40.718 -187.0 0.0 -69.0 139.4 -851.6 772.0
09:52:40.750 -187.0 0.0 -69.3 133.4 -846.4 765.0
09:52:40.781 -187.0 0.0 -69.3 133.4 -846.4 765.0
09:52:40.812 -187.0 0.0 -69.5 134.9 -860.8 779.0
09:52:40.843 -187.0 0.0 -69.7 132.1 -863.9 781.0
09:52:40.875 -187.0 0.0 -69.7 128.0 -852.7 769.0
09:52:40.906 -187.0 0.0 -70.0 125.4 -856.8 772.0
09:52:40.937 -187.0 0.0 -70.2 121.0 -855.2 769.0
09:52:40.968 -187.0 0.0 -70.2 121.0 -855.2 769.0
09:52:41.000 -187.0 0.0 -70.4 119.7 -863.1 776.0
09:52:41.031 -187.0 0.0 -70.4 118.0 -858.4 771.0
09:52:41.062 -187.0 0.0 -70.7 114.0 -857.7 769.0
09:52:41.093 -187.0 0.0 -70.9 110.6 -858.9 769.0
09:52:41.125 -187.0 0.0 -70.9 109.2 -855.1 765.0
09:52:41.156 -187.0 0.0 -71.1 105.0 -854.5 763.0
09:52:41.187 -187.0 0.0 -71.4 101.5 -855.7 763.0
09:52:41.218 -187.0 0.0 -71.4 101.1 -854.7 762.0
09:52:41.250 -187.0 0.0 -71.6 97.7 -855.9 762.0
09:52:41.281 -187.0 0.0 -71.8 94.1 -857.1 762.0
09:52:41.312 -187.0 0.0 -71.8 93.2 -854.2 759.0
09:52:41.343 -187.0 0.0 -72.1 88.8 -852.5 756.0
09:52:41.375 -187.0 0.0 -72.3 85.5 -853.6 756.0
09:52:41.406 -187.0 0.0 -72.3 81.2 -840.2 742.0
09:52:41.437 -187.0 0.0 -72.5 77.6 -841.4 742.0
09:52:41.468 -187.0 0.0 -72.8 74.8 -844.3 744.0
09:52:41.500 -187.0 0.0 -72.8 74.2 -842.4 742.0
09:52:41.531 -187.0 0.0 -73.0 70.9 -843.4 742.0
09:52:41.562 -187.0 0.0 -73.2 71.4 -857.9 756.0
09:52:41.593 -187.0 0.0 -73.2 72.9 -862.7 761.0
09:52:41.625 -187.0 0.0 -73.5 67.2 -857.1 754.0
09:52:41.656 -187.0 0.0 -73.5 67.2 -857.1 754.0
09:52:41.687 -187.0 0.0 -73.7 62.6 -854.3 750.0
09:52:41.718 -187.0 0.0 -73.9 59.2 -855.3 750.0
09:52:41.750 -187.0 0.0 -73.9 61.4 -863.0 758.0
09:52:41.781 -187.0 0.0 -74.2 56.0 -857.2 751.0
09:52:41.812 -187.0 0.0 -74.4 52.6 -858.2 751.0
09:52:41.843 -187.0 0.0 -74.4 52.6 -858.2 751.0
09:52:41.875 -187.0 0.0 -74.6 47.7 -854.3 746.0
09:52:41.906 -187.0 0.0 -74.9 43.6 -853.4 744.0
09:52:41.937 -187.0 0.0 -74.9 43.6 -853.4 744.0
09:52:41.968 -187.0 0.0 -75.1 39.8 -852.3 742.0
09:52:42.000 -187.0 0.0 -75.3 36.1 -853.3 742.0
09:52:42.031 -187.0 0.0 -75.3 36.1 -853.3 742.0
09:52:42.062 -187.0 0.0 -75.6 32.8 -854.2 742.0
09:52:42.093 -187.0 0.0 -75.8 28.9 -853.1 740.0
09:52:42.125 -187.0 0.0 -75.8 29.4 -855.0 742.0
09:52:42.156 -187.0 0.0 -76.0 27.2 -861.8 748.0
09:52:42.187 -187.0 0.0 -76.3 23.7 -862.6 748.0
09:52:42.218 -187.0 0.0 -76.3 29.7 -886.9 773.0
09:52:42.250 -187.0 0.0 -76.5 20.3 -863.5 748.0
09:52:42.281 -187.0 0.0 -76.7 16.2 -862.4 746.0
09:52:42.312 -187.0 0.0 -76.7 16.2 -862.4 746.0
09:52:42.343 -187.0 0.0 -77.0 12.6 -863.2 746.0
09:52:42.375 -187.0 0.0 -77.2 8.3 -860.1 742.0
09:52:42.406 -187.0 0.0 -77.2 8.3 -860.1 742.0
09:52:42.437 -187.0 0.0 -77.4 3.6 -856.0 737.0
09:52:42.468 -187.0 0.0 -77.4 1.9 -848.2 729.0
09:52:42.500 -187.0 0.0 -77.7 -1.3 -849.9 730.0
09:52:42.531 -187.0 0.0 -77.9 -3.9 -854.6 734.0
09:52:42.562 -187.0 0.0 -77.9 -3.9 -854.6 734.0
09:52:42.593 -187.0 0.0 -78.2 -4.3 -871.0 750.0
09:52:42.625 -187.0 0.0 -78.4 -8.5 -867.8 746.0
09:52:42.656 -187.0 0.0 -78.4 -10.9 -856.1 734.0
09:52:42.687 -187.0 0.0 -78.6 -14.3 -857.8 735.0
09:52:42.718 -187.0 0.0 -78.8 -17.7 -858.5 735.0
09:52:42.750 -187.0 0.0 -78.8 -17.7 -858.5 735.0
09:52:42.781 -187.0 0.0 -79.1 -21.1 -859.1 735.0
09:52:42.812 -187.0 0.0 -79.3 -24.9 -858.8 734.0
09:52:42.843 -187.0 0.0 -79.3 -24.9 -858.8 734.0
09:52:42.875 -187.0 0.0 -79.5 -28.3 -859.5 734.0
09:52:42.906 -187.0 0.0 -79.8 -32.0 -860.1 734.0
09:52:42.937 -187.0 0.0 -79.8 -32.4 -858.2 732.0
09:52:42.968 -187.0 0.0 -80.0 -35.4 -860.8 734.0
09:52:43.000 -187.0 0.0 -80.3 -39.0 -861.4 734.0
09:52:43.031 -187.0 0.0 -80.3 -39.0 -861.4 734.0
09:52:43.062 -187.0 0.0 -80.5 -42.5 -862.0 734.0
09:52:43.093 -187.0 0.0 -80.7 -47.3 -853.6 725.0
09:52:43.125 -187.0 0.0 -80.7 -47.5 -852.7 724.0
09:52:43.156 -187.0 0.0 -80.9 -50.9 -854.2 725.0
09:52:43.187 -187.0 0.0 -80.9 -51.0 -853.2 724.0
09:52:43.218 -187.0 0.0 -81.2 -54.6 -853.8 724.0
09:52:43.250 -187.0 0.0 -81.4 -56.9 -861.2 731.0
09:52:43.281 -187.0 0.0 -81.4 -57.3 -858.3 728.0
09:52:43.312 -187.0 0.0 -81.6 -60.9 -858.8 728.0
09:52:43.343 -187.0 0.0 -81.9 -64.5 -859.3 728.0
09:52:43.375 -187.0 0.0 -81.9 -63.6 -865.2 734.0
09:52:43.406 -187.0 0.0 -82.1 -67.5 -862.8 731.0
09:52:43.437 -187.0 0.0 -82.3 -70.6 -866.2 734.0
09:52:43.468 -187.0 0.0 -82.3 -70.9 -863.2 731.0
09:52:43.500 -187.0 0.0 -82.6 -74.5 -863.7 731.0
09:52:43.531 -187.0 0.0 -82.8 -78.2 -864.2 731.0
09:52:43.562 -187.0 0.0 -82.8 -78.0 -865.2 732.0
09:52:43.593 -187.0 0.0 -83.0 -81.9 -861.6 728.0
09:52:43.625 -187.0 0.0 -83.3 -85.0 -866.0 732.0
09:52:43.656 -187.0 0.0 -83.3 -85.4 -863.0 729.0
09:52:43.687 -187.0 0.0 -83.5 -89.0 -863.5 729.0
09:52:43.718 -187.0 0.0 -83.7 -92.4 -863.8 729.0
09:52:43.750 -187.0 0.0 -83.7 -92.4 -863.8 729.0
09:52:43.781 -187.0 0.0 -84.0 -96.5 -859.2 724.0
09:52:43.812 -187.0 0.0 -84.0 -96.5 -859.2 724.0
09:52:43.843 -187.0 0.0 -84.2 -99.6 -863.6 728.0
09:52:43.875 -187.0 0.0 -84.4 -103.0 -863.9 728.0
09:52:43.906 -187.0 0.0 -84.7 -105.6 -875.2 739.0
09:52:43.937 -187.0 0.0 -84.7 -106.7 -864.3 728.0
09:52:43.968 -187.0 0.0 -84.9 -111.0 -854.6 718.0
09:52:44.000 -187.0 0.0 -85.2 -113.8 -863.9 727.0
09:52:44.031 -187.0 0.0 -85.2 -114.4 -856.9 720.0
09:52:44.062 -187.0 0.0 -85.4 -117.8 -857.2 720.0
09:52:44.093 -187.0 0.0 -85.4 -117.8 -857.2 720.0
09:52:44.125 -187.0 0.0 -85.6 -121.4 -857.5 720.0
09:52:44.156 -187.0 0.0 -85.9 -125.0 -855.8 718.0
09:52:44.187 -187.0 0.0 -85.9 -124.9 -856.8 719.0
09:52:44.218 -187.0 0.0 -86.1 -128.6 -856.0 718.0
09:52:44.250 -187.0 0.0 -86.3 -132.2 -853.2 715.0
09:52:44.281 -187.0 0.0 -86.3 -132.2 -853.2 715.0
09:52:44.312 -187.0 0.0 -86.6 -135.5 -856.5 718.0
09:52:44.343 -187.0 0.0 -86.8 -139.0 -856.7 718.0
09:52:44.375 -187.0 0.0 -86.8 -139.0 -856.7 718.0
09:52:44.406 -187.0 0.0 -87.0 -142.4 -857.8 719.0
09:52:44.437 -187.0 0.0 -87.2 -145.8 -857.0 718.0
09:52:44.468 -187.0 0.0 -87.2 -145.8 -857.0 718.0
09:52:44.500 -187.0 0.0 -87.5 -149.4 -858.2 719.0
09:52:44.531 -187.0 0.0 -87.7 -152.9 -858.3 719.0
09:52:44.562 -187.0 0.0 -87.7 -152.9 -858.3 719.0
09:52:44.593 -187.0 0.0 -88.0 -156.2 -864.5 725.0
09:52:44.625 -187.0 0.0 -88.2 -160.1 -849.6 710.0
09:52:44.656 -187.0 0.0 -88.2 -160.1 -851.6 712.0
09:52:44.687 -187.0 0.0 -88.4 -163.6 -854.7 715.0
09:52:44.718 -187.0 0.0 -88.4 -163.6 -854.7 715.0
09:52:44.750 -187.0 0.0 -88.7 -166.7 -866.8 727.0
09:52:44.781 -187.0 0.0 -88.9 -169.8 -882.8 743.0
09:52:44.812 -187.0 0.0 -88.9 -170.2 -864.8 725.0
09:52:44.843 -187.0 0.0 -89.1 -173.9 -864.9 725.0
09:52:44.875 -187.0 0.0 -89.4 -177.3 -857.9 718.0
09:52:44.906 -187.0 0.0 -89.4 -177.3 -857.9 718.0
09:52:44.937 -187.0 0.0 -89.6 -180.9 -866.0 726.0
09:52:44.968 -187.0 0.0 -89.8 -184.4 -862.0 722.0
09:52:45.000 -187.0 0.0 -89.8 -184.4 -861.0 721.0
09:52:45.031 -187.0 0.0 -90.0 -187.2 -861.0 721.0
09:52:45.062 -187.0 0.0 -90.0 -187.2 -861.0 721.0
09:52:45.093 -187.0 0.0 -90.0 -187.2 -861.0 721.0
09:52:45.125 -187.0 0.0 -90.0 -187.2 -861.0 721.0
09:52:45.156 -187.0 0.0 -90.0 -187.2 -861.0 721.0
09:52:45.484 -187.0 0.0 -90.0 -187.2 -861.0 721.0
09:52:45.500 -187.0 0.0 -90.0 -187.2 -861.0 721.0
09:52:45.531 -187.0 0.0 -90.0 -187.2 -852.0 712.0
09:52:45.562 -187.0 0.0 -90.0 -187.2 -852.0 712.0
09:52:45.593 -187.0 0.0 -90.0 -187.2 -852.0 712.0
09:52:45.625 -187.0 0.0 -90.0 -187.2 -857.0 717.0
09:52:45.656 -187.0 0.0 -90.0 -187.2 -857.0 717.0
09:52:45.687 -187.0 0.0 -90.0 -187.2 -868.0 728.0
09:52:45.718 -187.0 0.0 -90.0 -187.2 -857.0 717.0
09:52:45.750 -187.0 0.0 -90.0 -187.2 -857.0 717.0
09:52:45.781 -187.0 0.0 -90.0 -187.2 -858.0 718.0
09:52:45.812 -187.0 0.0 -90.0 -187.2 -861.0 721.0
09:52:45.843 -187.0 0.0 -90.0 -187.2 -857.0 717.0
09:52:45.875 -187.0 0.0 -90.0 -187.2 -857.0 717.0
