Тестовая информация 0. Исходные сенсорные данные: Time, X_rob, Y_rob, Ang_rob, X_obj, Y_obj, Distance (мм, град)
15:36:15.515 0.0 0.0 2.5 n/a n/a n/a
15:36:15.562 0.0 0.0 2.2 n/a n/a n/a
15:36:15.609 0.0 0.0 1.8 n/a n/a n/a
15:36:15.656 0.0 0.0 1.5 n/a n/a n/a
15:36:15.703 0.0 0.0 1.2 n/a n/a n/a
15:36:15.750 0.0 0.0 0.8 n/a n/a n/a
15:36:15.796 0.0 0.0 0.5 n/a n/a n/a
15:36:15.843 0.0 0.0 0.2 n/a n/a n/a
15:36:15.890 0.0 0.0 -0.1 -117.8 1026.3 785.0
15:36:15.937 0.0 0.0 -0.5 -113.0 855.9 614.0
15:36:15.984 0.0 0.0 -0.8 -108.3 856.6 614.0
15:36:16.031 0.0 0.0 -1.1 -105.0 769.2 526.0
15:36:16.078 0.0 0.0 -1.5 -101.6 725.8 482.0
15:36:16.125 0.0 0.0 -1.8 -97.4 726.4 482.0
15:36:16.171 0.0 0.0 -1.8 -98.0 708.4 464.0
15:36:16.218 0.0 0.0 -2.1 -94.3 701.9 457.0
15:36:16.265 0.0 0.0 -2.8 -86.3 703.0 457.0
15:36:16.312 0.0 0.0 -2.8 -86.9 691.0 445.0
15:36:16.359 0.0 0.0 -3.4 -79.3 685.9 439.0
15:36:16.406 0.0 0.0 -3.4 -79.3 685.9 439.0
15:36:16.453 0.0 0.0 -3.7 -75.4 685.4 438.0
15:36:16.500 0.0 0.0 -4.1 -71.9 680.8 433.0
15:36:16.546 0.0 0.0 -4.4 -68.0 681.2 433.0
15:36:16.593 0.0 0.0 -4.7 -65.4 667.6 419.0
15:36:16.640 0.0 0.0 -5.0 -61.7 665.0 416.0
15:36:16.687 0.0 0.0 -5.4 -58.0 665.3 416.0
15:36:16.734 0.0 0.0 -5.7 -55.3 653.7 404.0
15:36:16.781 0.0 0.0 -6.0 -51.7 653.0 403.0
15:36:16.828 0.0 0.0 -6.4 -47.9 653.3 403.0
15:36:16.875 0.0 0.0 -6.7 -45.6 641.7 391.0
15:36:16.921 0.0 0.0 -7.0 -42.3 638.9 388.0
15:36:16.968 0.0 0.0 -7.3 -38.6 639.2 388.0
15:36:17.015 0.0 0.0 -7.7 -35.2 637.4 386.0
15:36:17.062 0.0 0.0 -8.0 -32.1 634.6 383.0
15:36:17.109 0.0 0.0 -8.3 -28.2 634.8 383.0
15:36:17.156 0.0 0.0 -8.7 -25.6 629.0 377.0
15:36:17.203 0.0 0.0 -9.0 -22.2 628.2 376.0
15:36:17.250 0.0 0.0 -9.3 -18.6 628.3 376.0
15:36:17.296 0.0 0.0 -9.6 -15.1 628.4 376.0
15:36:17.343 0.0 0.0 -10.0 -11.3 628.5 376.0
15:36:17.390 0.0 0.0 -10.3 -7.8 628.5 376.0
15:36:17.437 0.0 0.0 -10.6 -4.6 626.6 374.0
15:36:17.484 0.0 0.0 -11.0 -1.1 625.6 373.0
15:36:17.531 0.0 0.0 -11.3 2.4 625.6 373.0
15:36:17.578 0.0 0.0 -11.6 6.1 625.6 373.0
15:36:17.625 0.0 0.0 -11.9 9.6 625.5 373.0
15:36:17.671 0.0 0.0 -12.3 13.2 625.5 373.0
15:36:17.718 0.0 0.0 -12.6 17.0 626.4 374.0
15:36:17.765 0.0 0.0 -12.9 20.7 626.3 374.0
15:36:17.812 0.0 0.0 -13.3 24.6 628.1 376.0
15:36:17.859 0.0 0.0 -13.6 28.8 630.8 379.0
15:36:17.906 0.0 0.0 -13.9 32.6 630.7 379.0
15:36:17.953 0.0 0.0 -14.2 37.1 634.3 383.0
15:36:18.000 0.0 0.0 -14.6 41.7 638.0 387.0
15:36:18.046 0.0 0.0 -14.9 45.5 637.7 387.0
15:36:18.093 0.0 0.0 -15.2 49.6 639.4 389.0
15:36:18.140 0.0 0.0 -15.5 54.0 642.0 392.0
15:36:18.187 0.0 0.0 -15.9 57.7 641.7 392.0
15:36:18.234 0.0 0.0 -16.2 62.7 646.2 397.0
15:36:18.281 0.0 0.0 -16.2 62.7 646.2 397.0
15:36:18.328 0.0 0.0 -16.5 66.6 645.8 397.0
15:36:18.375 0.0 0.0 -16.9 72.2 651.1 403.0
15:36:18.421 0.0 0.0 -17.2 76.4 652.6 405.0
15:36:18.468 0.0 0.0 -17.5 80.0 652.2 405.0
15:36:18.515 0.0 0.0 -17.8 86.1 659.3 413.0
15:36:18.562 0.0 0.0 -18.2 91.5 663.6 418.0
15:36:18.609 0.0 0.0 -18.5 95.2 663.0 418.0
15:36:18.656 0.0 0.0 -18.8 100.8 667.2 423.0
15:36:18.703 0.0 0.0 -19.2 105.6 669.4 426.0
15:36:18.750 0.0 0.0 -19.5 109.3 668.8 426.0
15:36:18.796 0.0 0.0 -19.8 117.0 678.5 437.0
15:36:18.843 0.0 0.0 -20.1 121.7 680.7 440.0
15:36:18.890 0.0 0.0 -20.5 125.8 680.0 440.0
15:36:18.937 0.0 0.0 -20.8 131.0 683.0 444.0
15:36:18.984 0.0 0.0 -21.1 135.8 684.0 446.0
15:36:19.031 0.0 0.0 -21.5 139.7 683.3 446.0
15:36:19.078 0.0 0.0 -21.8 157.7 717.7 484.0
15:36:19.125 0.0 0.0 -22.1 220.3 861.4 640.0
15:36:19.171 0.0 0.0 -22.4 225.3 860.1 640.0
15:36:19.218 0.0 0.0 -22.8 n/a n/a n/a
15:36:19.265 0.0 0.0 -23.1 n/a n/a n/a
