Тестовая информация 0. Исходные сенсорные данные: Time, X_rob, Y_rob, Ang_rob, X_obj, Y_obj (мм, град)
17:53:14.515 0.0 0.0 14.6 914.5 238.2
17:53:14.562 0.0 0.0 14.4 915.5 234.4
17:53:14.609 0.0 0.0 14.1 916.4 230.7
17:53:14.656 0.0 0.0 13.9 921.2 227.9
17:53:14.703 0.0 0.0 13.7 922.2 224.1
17:53:14.750 0.0 0.0 13.4 933.7 223.0
17:53:14.796 0.0 0.0 13.2 936.6 219.5
17:53:14.843 0.0 0.0 13.0 937.5 215.6
17:53:14.890 0.0 0.0 12.7 946.2 213.5
17:53:14.937 0.0 0.0 12.5 939.2 208.0
17:53:14.984 0.0 0.0 12.2 937.2 203.5
17:53:15.031 0.0 0.0 12.0 938.0 199.7
17:53:15.078 0.0 0.0 11.8 941.7 196.6
17:53:15.125 0.0 0.0 11.5 942.5 192.5
17:53:15.171 0.0 0.0 11.3 943.3 188.7
17:53:15.218 0.0 0.0 11.1 921.5 180.5
17:53:15.265 0.0 0.0 10.9 921.2 176.6
17:53:15.312 0.0 0.0 10.6 922.0 172.7
17:53:15.359 0.0 0.0 10.4 923.6 169.2
17:53:15.406 0.0 0.0 10.1 922.3 165.1
17:53:15.453 0.0 0.0 9.9 925.0 161.6
17:53:15.500 0.0 0.0 9.7 923.7 157.5
17:53:15.546 0.0 0.0 9.4 924.3 153.8
17:53:15.593 0.0 0.0 9.2 925.9 150.1
17:53:15.640 0.0 0.0 9.0 929.5 146.7
17:53:15.687 0.0 0.0 8.7 930.1 143.1
17:53:15.734 0.0 0.0 8.5 930.7 139.1
17:53:15.781 0.0 0.0 8.3 926.3 134.6
17:53:15.828 0.0 0.0 8.0 926.8 130.9
17:53:15.875 0.0 0.0 7.8 929.3 127.5
17:53:15.921 0.0 0.0 7.6 928.8 123.4
17:53:15.968 0.0 0.0 7.3 928.3 119.6
17:53:16.015 0.0 0.0 7.1 928.8 115.6
17:53:16.062 0.0 0.0 6.9 927.3 111.5
17:53:16.109 0.0 0.0 6.6 924.8 107.5
17:53:16.156 0.0 0.0 6.4 928.2 104.1
17:53:16.203 0.0 0.0 6.2 933.6 100.9
17:53:16.250 0.0 0.0 5.9 933.0 96.8
17:53:16.296 0.0 0.0 5.7 934.4 93.2
17:53:16.343 0.0 0.0 5.5 933.7 89.3
17:53:16.390 0.0 0.0 5.2 920.2 84.2
17:53:16.437 0.0 0.0 5.0 921.5 80.5
17:53:16.484 0.0 0.0 5.0 920.5 80.4
17:53:16.531 0.0 0.0 4.8 920.8 76.7
17:53:16.578 0.0 0.0 4.3 921.4 69.2
17:53:16.625 0.0 0.0 4.0 936.7 66.3
17:53:16.671 0.0 0.0 4.0 933.7 66.1
17:53:16.718 0.0 0.0 3.8 933.9 62.3
17:53:16.765 0.0 0.0 3.6 933.2 58.4
17:53:16.812 0.0 0.0 3.4 928.4 54.4
17:53:16.859 0.0 0.0 3.1 928.6 50.6
17:53:16.906 0.0 0.0 2.9 908.8 45.8
17:53:16.953 0.0 0.0 2.7 909.0 42.1
17:53:17.000 0.0 0.0 2.4 909.2 38.2
17:53:17.046 0.0 0.0 2.2 930.3 35.3
17:53:17.093 0.0 0.0 1.9 928.5 31.6
17:53:17.140 0.0 0.0 1.7 930.6 27.7
17:53:17.187 0.0 0.0 1.5 928.7 23.9
17:53:17.234 0.0 0.0 1.2 921.8 20.1
17:53:17.281 0.0 0.0 1.0 925.9 16.4
17:53:17.328 0.0 0.0 0.8 928.9 12.5
17:53:17.375 0.0 0.0 0.5 922.0 8.7
17:53:17.421 0.0 0.0 0.3 922.0 5.0
17:53:17.468 0.0 0.0 0.1 907.0 1.0
17:53:17.515 0.0 0.0 -0.2 907.0 -2.6
17:53:17.562 0.0 0.0 -0.4 908.0 -6.2
17:53:17.609 0.0 0.0 -0.6 910.9 -10.2
17:53:17.656 0.0 0.0 -0.9 909.9 -13.9
17:53:17.703 0.0 0.0 -1.1 909.8 -17.4
17:53:17.750 0.0 0.0 -1.3 910.8 -21.3
17:53:17.796 0.0 0.0 -1.6 910.7 -25.0
17:53:17.843 0.0 0.0 -1.8 921.5 -29.0
17:53:17.890 0.0 0.0 -2.0 910.4 -32.3
17:53:17.937 0.0 0.0 -2.3 906.3 -35.8
17:53:17.984 0.0 0.0 -2.5 908.1 -39.7
17:53:18.031 0.0 0.0 -2.7 910.0 -43.6
17:53:18.078 0.0 0.0 -3.0 909.8 -47.3
17:53:18.125 0.0 0.0 -3.2 919.6 -51.4
17:53:18.171 0.0 0.0 -3.4 910.4 -54.7
17:53:18.218 0.0 0.0 -3.7 909.1 -58.4
17:53:18.265 0.0 0.0 -3.9 908.9 -62.2
17:53:18.312 0.0 0.0 -4.1 907.6 -65.8
17:53:18.359 0.0 0.0 -4.4 907.3 -69.4
17:53:18.406 0.0 0.0 -4.4 931.3 -71.2
17:53:18.453 0.0 0.0 -4.8 931.7 -79.0
17:53:18.500 0.0 0.0 -5.1 921.4 -81.9
17:53:18.546 0.0 0.0 -5.1 931.3 -82.7
17:53:18.593 0.0 0.0 -5.3 931.0 -86.7
17:53:18.640 0.0 0.0 -5.6 930.6 -90.5
17:53:18.687 0.0 0.0 -5.8 930.2 -94.2
17:53:18.734 0.0 0.0 -6.0 921.9 -97.3
17:53:18.781 0.0 0.0 -6.3 921.5 -101.0
17:53:18.828 0.0 0.0 -6.5 936.0 -106.4
17:53:18.875 0.0 0.0 -6.7 931.5 -109.8
17:53:18.921 0.0 0.0 -7.0 931.1 -113.5
17:53:18.968 0.0 0.0 -7.2 930.6 -117.6
17:53:19.015 0.0 0.0 -7.4 930.1 -121.2
17:53:19.062 0.0 0.0 -7.7 920.7 -123.8
17:53:19.109 0.0 0.0 -7.9 920.2 -127.7
17:53:19.156 0.0 0.0 -8.1 928.6 -132.6
17:53:19.203 0.0 0.0 -8.4 928.0 -136.3
17:53:19.250 0.0 0.0 -8.6 927.5 -140.2
17:53:19.296 0.0 0.0 -8.8 925.9 -143.9
17:53:19.343 0.0 0.0 -9.1 923.3 -147.3
17:53:19.390 0.0 0.0 -9.3 924.7 -151.5
17:53:19.437 0.0 0.0 -9.5 922.1 -154.8
17:53:19.484 0.0 0.0 -9.8 921.4 -158.7
17:53:19.531 0.0 0.0 -10.0 920.8 -162.5
17:53:19.578 0.0 0.0 -10.2 923.1 -166.8
17:53:19.625 0.0 0.0 -10.5 920.4 -170.2
17:53:19.671 0.0 0.0 -10.7 920.7 -174.0
17:53:19.718 0.0 0.0 -10.9 920.9 -178.0
17:53:19.765 0.0 0.0 -11.2 920.2 -181.9
17:53:19.812 0.0 0.0 -11.4 919.5 -185.5
17:53:19.859 0.0 0.0 -11.7 924.5 -190.7
17:53:19.906 0.0 0.0 -11.9 919.8 -193.7
17:53:19.953 0.0 0.0 -12.1 920.0 -197.6
17:53:20.000 0.0 0.0 -12.3 921.2 -201.7
17:53:20.046 0.0 0.0 -12.6 917.4 -204.8
17:53:20.093 0.0 0.0 -12.8 919.5 -209.1
17:53:20.140 0.0 0.0 -13.1 918.6 -213.0
17:53:20.187 0.0 0.0 -13.3 917.8 -216.7
17:53:20.234 0.0 0.0 -13.5 926.6 -222.8
17:53:20.281 0.0 0.0 -13.8 938.3 -229.6
17:53:20.328 0.0 0.0 -14.0 933.5 -232.5
17:53:20.375 0.0 0.0 -14.2 932.6 -236.2
17:53:20.421 0.0 0.0 -14.5 919.9 -237.2
17:53:20.468 0.0 0.0 -14.7 919.0 -240.9
17:53:20.515 0.0 0.0 -14.9 917.9 -244.7
17:53:20.562 0.0 0.0 -15.2 923.7 -250.2
17:53:20.609 0.0 0.0 -15.4 919.8 -253.1
17:53:20.656 0.0 0.0 -15.4 919.8 -253.1
17:53:20.703 0.0 0.0 -15.9 914.8 -259.9
17:53:20.750 0.0 0.0 -15.9 911.9 -259.0
17:53:20.796 0.0 0.0 -16.1 913.8 -263.5
17:53:20.843 0.0 0.0 -16.3 909.7 -266.6
17:53:20.890 0.0 0.0 -16.6 906.7 -269.7
17:53:20.937 0.0 0.0 -16.8 907.5 -274.0
17:53:20.984 0.0 0.0 -17.0 913.1 -279.7
17:53:21.031 0.0 0.0 -17.3 912.0 -283.5
17:53:21.093 0.0 0.0 -17.7 912.5 -291.7
17:53:21.125 0.0 0.0 -17.7 915.4 -292.6
17:53:21.171 0.0 0.0 -18.0 914.1 -296.6
17:53:21.218 0.0 0.0 -18.2 912.9 -300.3
17:53:21.265 0.0 0.0 -18.4 915.4 -305.3
17:53:21.312 0.0 0.0 -18.7 914.2 -309.0
17:53:21.359 0.0 0.0 -18.9 913.0 -312.6
17:53:21.406 0.0 0.0 -19.1 911.6 -316.5
17:53:21.453 0.0 0.0 -19.4 908.4 -319.6
17:53:21.500 0.0 0.0 -19.6 909.0 -323.8
17:53:21.546 0.0 0.0 -19.8 907.7 -327.7
17:53:21.593 0.0 0.0 -20.1 906.3 -331.3
17:53:21.640 0.0 0.0 -20.3 912.5 -337.7
17:53:21.687 0.0 0.0 -20.5 917.6 -344.0
17:53:21.734 0.0 0.0 -20.8 916.3 -347.7
17:53:21.781 0.0 0.0 -21.0 914.8 -351.4
17:53:21.828 0.0 0.0 -21.3 911.5 -354.6
17:53:21.875 0.0 0.0 -21.5 910.0 -358.2
17:53:21.921 0.0 0.0 -21.7 908.5 -362.2
17:53:21.968 0.0 0.0 -21.9 913.6 -368.1
17:53:22.015 0.0 0.0 -22.2 912.0 -372.0
17:53:22.062 0.0 0.0 -22.4 956.8 -394.8
17:53:22.109 0.0 0.0 -22.7 1115.7 -465.7
17:53:22.156 0.0 0.0 -22.9 1113.8 -470.3
