Тестовая информация 0. Исходные сенсорные данные: Time, X_rob, Y_rob, Ang_rob, X_obj, Y_obj (мм, град)
17:54:35.828 0.0 0.0 14.8 1030.5 272.8
17:54:35.875 0.0 0.0 14.6 1031.6 268.7
17:54:35.921 0.0 0.0 14.4 924.2 236.7
17:54:35.968 0.0 0.0 14.1 925.1 232.9
17:54:36.015 0.0 0.0 13.9 926.1 229.2
17:54:36.062 0.0 0.0 13.7 920.2 223.7
17:54:36.109 0.0 0.0 13.4 921.1 220.0
17:54:36.156 0.0 0.0 13.2 929.8 217.8
17:54:36.203 0.0 0.0 12.9 930.7 214.0
17:54:36.250 0.0 0.0 12.7 925.7 208.9
17:54:36.296 0.0 0.0 12.5 932.4 206.5
17:54:36.343 0.0 0.0 12.3 937.1 203.6
17:54:36.390 0.0 0.0 12.0 928.2 197.6
17:54:36.437 0.0 0.0 11.8 929.0 193.8
17:54:36.484 0.0 0.0 11.6 921.0 188.3
17:54:36.531 0.0 0.0 11.3 915.9 183.1
17:54:36.578 0.0 0.0 11.1 922.5 180.7
17:54:36.625 0.0 0.0 10.9 919.3 176.2
17:54:36.671 0.0 0.0 10.6 920.0 172.3
17:54:36.718 0.0 0.0 10.4 921.7 168.8
17:54:36.765 0.0 0.0 10.2 921.4 165.0
17:54:36.812 0.0 0.0 9.9 922.0 161.0
17:54:36.859 0.0 0.0 9.7 922.7 157.2
17:54:36.906 0.0 0.0 9.4 910.5 151.4
17:54:36.953 0.0 0.0 9.2 911.1 147.8
17:54:37.000 0.0 0.0 9.0 931.5 147.1
17:54:37.046 0.0 0.0 8.7 923.1 142.0
17:54:37.093 0.0 0.0 8.7 921.2 141.7
17:54:37.140 0.0 0.0 8.3 924.3 134.4
17:54:37.187 0.0 0.0 8.3 928.2 135.0
17:54:37.234 0.0 0.0 7.8 923.4 126.5
17:54:37.281 0.0 0.0 7.8 923.4 126.5
17:54:37.328 0.0 0.0 7.6 914.0 121.5
17:54:37.375 0.0 0.0 7.3 914.5 117.7
17:54:37.421 0.0 0.0 7.1 914.9 114.0
17:54:37.468 0.0 0.0 6.9 923.3 111.0
17:54:37.515 0.0 0.0 6.6 915.8 106.4
17:54:37.562 0.0 0.0 6.4 918.2 103.0
17:54:37.609 0.0 0.0 6.2 919.6 99.4
17:54:37.656 0.0 0.0 5.9 920.0 95.6
17:54:37.703 0.0 0.0 5.7 920.4 91.8
17:54:37.750 0.0 0.0 5.5 916.8 87.6
17:54:37.796 0.0 0.0 5.2 917.2 83.8
17:54:37.843 0.0 0.0 5.0 917.5 80.1
17:54:37.890 0.0 0.0 4.8 917.8 76.4
17:54:37.937 0.0 0.0 4.5 918.1 72.7
17:54:37.984 0.0 0.0 4.3 930.4 69.7
17:54:38.031 0.0 0.0 4.1 922.7 65.4
17:54:38.078 0.0 0.0 3.8 922.0 61.4
17:54:38.125 0.0 0.0 3.6 923.2 57.7
17:54:38.171 0.0 0.0 3.4 922.4 54.0
17:54:38.218 0.0 0.0 3.1 919.6 50.1
17:54:38.265 0.0 0.0 2.9 922.8 46.5
17:54:38.312 0.0 0.0 2.7 922.0 42.7
17:54:38.359 0.0 0.0 2.4 920.2 38.7
17:54:38.406 0.0 0.0 2.2 922.3 35.0
17:54:38.453 0.0 0.0 1.9 931.5 31.6
17:54:38.500 0.0 0.0 1.7 924.6 27.7
17:54:38.546 0.0 0.0 1.5 924.7 23.7
17:54:38.593 0.0 0.0 1.2 922.8 20.1
17:54:38.640 0.0 0.0 1.0 914.9 16.0
17:54:38.687 0.0 0.0 0.8 922.9 12.5
17:54:38.734 0.0 0.0 0.5 923.0 8.5
17:54:38.781 0.0 0.0 0.3 921.0 4.8
17:54:38.828 0.0 0.0 0.1 921.0 1.1
17:54:38.875 0.0 0.0 -0.2 923.0 -2.6
17:54:38.921 0.0 0.0 -0.4 923.0 -6.5
17:54:38.968 0.0 0.0 -0.6 922.9 -10.2
17:54:39.015 0.0 0.0 -0.9 920.9 -14.0
17:54:39.062 0.0 0.0 -1.1 919.8 -17.8
17:54:39.109 0.0 0.0 -1.1 920.8 -17.8
17:54:39.156 0.0 0.0 -1.3 923.7 -21.6
17:54:39.203 0.0 0.0 -1.6 919.7 -25.2
17:54:39.250 0.0 0.0 -1.8 919.5 -29.0
17:54:39.296 0.0 0.0 -2.3 907.3 -35.9
17:54:39.343 0.0 0.0 -2.3 907.3 -35.9
17:54:39.390 0.0 0.0 -2.7 911.0 -43.7
17:54:39.437 0.0 0.0 -2.7 909.0 -43.6
17:54:39.484 0.0 0.0 -3.2 908.6 -50.9
17:54:39.531 0.0 0.0 -3.2 923.6 -51.7
17:54:39.578 0.0 0.0 -3.4 923.3 -55.4
17:54:39.625 0.0 0.0 -3.7 923.1 -59.3
17:54:39.671 0.0 0.0 -3.9 922.8 -63.1
17:54:39.718 0.0 0.0 -4.1 920.6 -66.8
17:54:39.765 0.0 0.0 -4.4 920.3 -70.6
17:54:39.812 0.0 0.0 -4.6 933.0 -75.3
17:54:39.859 0.0 0.0 -4.8 926.7 -78.6
17:54:39.906 0.0 0.0 -5.1 920.4 -81.8
17:54:39.953 0.0 0.0 -5.3 926.0 -86.2
17:54:40.000 0.0 0.0 -5.6 926.6 -90.1
17:54:40.046 0.0 0.0 -5.8 919.3 -93.3
17:54:40.093 0.0 0.0 -6.0 924.9 -97.6
17:54:40.140 0.0 0.0 -6.3 925.4 -101.6
17:54:40.187 0.0 0.0 -6.5 925.0 -105.3
17:54:40.234 0.0 0.0 -6.7 930.6 -109.6
17:54:40.281 0.0 0.0 -6.9 924.2 -112.6
17:54:40.328 0.0 0.0 -7.2 922.7 -116.5
17:54:40.375 0.0 0.0 -7.4 923.2 -120.3
17:54:40.421 0.0 0.0 -7.7 929.6 -125.1
17:54:40.468 0.0 0.0 -7.9 921.2 -127.7
17:54:40.515 0.0 0.0 -8.1 923.6 -131.8
17:54:40.562 0.0 0.0 -8.4 928.0 -136.5
17:54:40.609 0.0 0.0 -8.6 921.5 -139.3
17:54:40.656 0.0 0.0 -8.8 921.9 -143.2
17:54:40.703 0.0 0.0 -9.1 920.4 -146.9
17:54:40.750 0.0 0.0 -9.3 919.8 -150.5
17:54:40.796 0.0 0.0 -9.5 925.0 -155.4
17:54:40.843 0.0 0.0 -9.8 928.3 -159.8
17:54:40.890 0.0 0.0 -10.0 917.8 -161.8
17:54:40.937 0.0 0.0 -10.2 922.1 -166.7
17:54:40.984 0.0 0.0 -10.5 924.3 -170.9
17:54:41.031 0.0 0.0 -10.7 918.7 -173.7
17:54:41.078 0.0 0.0 -10.9 920.0 -177.8
17:54:41.125 0.0 0.0 -11.2 918.2 -181.5
17:54:41.171 0.0 0.0 -11.4 917.5 -185.2
17:54:41.218 0.0 0.0 -11.4 918.5 -185.4
17:54:41.265 0.0 0.0 -11.6 916.8 -188.8
17:54:41.312 0.0 0.0 -12.1 911.2 -195.6
17:54:41.359 0.0 0.0 -12.1 915.1 -196.5
17:54:41.406 0.0 0.0 -12.3 921.2 -201.7
17:54:41.453 0.0 0.0 -12.6 920.4 -205.3
17:54:41.500 0.0 0.0 -13.1 918.6 -213.0
17:54:41.546 0.0 0.0 -13.1 922.5 -213.9
17:54:41.593 0.0 0.0 -13.3 921.7 -217.5
17:54:41.640 0.0 0.0 -13.5 922.7 -222.0
17:54:41.687 0.0 0.0 -13.8 920.8 -225.4
17:54:41.734 0.0 0.0 -14.0 919.9 -229.2
17:54:41.781 0.0 0.0 -14.2 924.7 -234.4
17:54:41.828 0.0 0.0 -14.5 918.0 -236.7
17:54:41.875 0.0 0.0 -14.7 915.1 -239.8
17:54:41.921 0.0 0.0 -14.9 916.0 -244.1
17:54:41.968 0.0 0.0 -15.2 917.9 -248.6
17:54:42.015 0.0 0.0 -15.4 912.1 -251.0
17:54:42.062 0.0 0.0 -15.6 915.9 -256.1
17:54:42.109 0.0 0.0 -15.9 915.8 -260.1
17:54:42.156 0.0 0.0 -16.1 914.7 -263.9
17:54:42.203 0.0 0.0 -16.3 920.3 -269.7
17:54:42.250 0.0 0.0 -16.6 912.5 -271.5
17:54:42.296 0.0 0.0 -16.8 911.4 -275.1
17:54:42.343 0.0 0.0 -17.0 910.3 -278.8
17:54:42.390 0.0 0.0 -17.3 912.0 -283.4
17:54:42.437 0.0 0.0 -17.5 910.8 -287.1
17:54:42.484 0.0 0.0 -17.7 916.3 -293.1
17:54:42.531 0.0 0.0 -18.0 917.0 -297.5
17:54:42.578 0.0 0.0 -18.2 911.0 -299.6
17:54:42.625 0.0 0.0 -18.4 909.8 -303.3
17:54:42.671 0.0 0.0 -18.7 912.3 -308.2
17:54:42.718 0.0 0.0 -18.9 911.0 -312.1
17:54:42.765 0.0 0.0 -19.1 915.4 -317.7
17:54:42.812 0.0 0.0 -19.4 922.7 -324.3
17:54:42.859 0.0 0.0 -19.6 911.8 -324.9
17:54:42.906 0.0 0.0 -19.8 910.5 -328.6
17:54:42.953 0.0 0.0 -20.1 918.6 -335.7
17:54:43.000 0.0 0.0 -20.3 914.4 -338.4
17:54:43.046 0.0 0.0 -20.5 913.0 -342.2
17:54:43.093 0.0 0.0 -20.8 909.7 -345.2
17:54:43.140 0.0 0.0 -21.0 908.2 -349.1
17:54:43.187 0.0 0.0 -21.3 906.8 -352.8
17:54:43.234 0.0 0.0 -21.5 905.4 -356.4
17:54:43.281 0.0 0.0 -21.5 905.4 -356.4
17:54:43.328 0.0 0.0 -22.0 908.0 -366.0
17:54:43.375 0.0 0.0 -22.2 944.5 -385.1
17:54:43.421 0.0 0.0 -22.2 944.5 -385.1
17:54:43.468 0.0 0.0 -22.4 1143.5 -471.9
