Тестовая информация 0. Исходные сенсорные данные: Time, X_rob, Y_rob, Ang_rob, X_obj, Y_obj (мм, град)
17:55:29.000 0.0 0.0 14.4 931.9 238.8
17:55:29.093 0.0 0.0 13.9 933.8 231.1
17:55:29.187 0.0 0.0 13.4 935.7 223.6
17:55:29.281 0.0 0.0 13.0 929.7 214.1
17:55:29.375 0.0 0.0 12.5 930.4 206.2
17:55:29.468 0.0 0.0 12.3 932.2 202.7
17:55:29.562 0.0 0.0 11.8 932.9 194.8
17:55:29.656 0.0 0.0 11.3 930.5 186.4
17:55:29.750 0.0 0.0 10.9 932.0 178.7
17:55:29.843 0.0 0.0 10.4 925.6 169.7
17:55:29.937 0.0 0.0 9.9 922.0 161.3
17:55:30.031 0.0 0.0 9.4 928.2 154.5
17:55:30.125 0.0 0.0 9.0 924.5 146.3
17:55:30.171 0.0 0.0 8.7 925.1 142.3
17:55:30.218 0.0 0.0 8.5 925.7 138.7
17:55:30.312 0.0 0.0 8.1 921.8 130.5
17:55:30.406 0.0 0.0 7.6 922.9 122.8
17:55:30.500 0.0 0.0 7.1 932.8 116.3
17:55:30.593 0.0 0.0 6.6 924.8 107.6
17:55:30.687 0.0 0.0 6.2 924.6 99.8
17:55:30.781 0.0 0.0 5.7 925.4 92.5
17:55:30.875 0.0 0.0 5.2 927.1 85.0
17:55:30.968 0.0 0.0 4.8 921.8 77.0
17:55:31.062 0.0 0.0 4.3 927.4 69.8
17:55:31.109 0.0 0.0 4.1 923.7 65.8
17:55:31.156 0.0 0.0 3.8 922.9 61.9
17:55:31.250 0.0 0.0 3.4 923.4 54.2
17:55:31.343 0.0 0.0 2.9 913.8 46.3
17:55:31.390 0.0 0.0 2.7 912.0 42.3
17:55:31.437 0.0 0.0 2.4 914.2 38.8
17:55:31.531 0.0 0.0 2.2 928.3 35.6
17:55:31.625 0.0 0.0 1.7 928.6 27.9
17:55:31.718 0.0 0.0 1.3 928.8 20.4
17:55:31.812 0.0 0.0 0.8 910.9 12.5
17:55:31.906 0.0 0.0 0.3 911.0 5.0
17:55:32.000 0.0 0.0 -0.1 911.0 -2.4
17:55:32.093 0.0 0.0 -0.6 918.9 -10.0
17:55:32.187 0.0 0.0 -1.1 918.8 -17.5
17:55:32.281 0.0 0.0 -1.6 918.7 -25.0
17:55:32.375 0.0 0.0 -2.0 918.4 -32.4
17:55:32.468 0.0 0.0 -2.5 917.1 -39.9
17:55:32.515 0.0 0.0 -2.7 918.0 -43.8
17:55:32.562 0.0 0.0 -3.0 916.8 -47.4
17:55:32.656 0.0 0.0 -3.4 916.4 -55.0
17:55:32.750 0.0 0.0 -3.9 915.9 -62.5
17:55:32.796 0.0 0.0 -4.1 915.6 -66.2
17:55:32.843 0.0 0.0 -4.4 915.3 -69.9
17:55:32.937 0.0 0.0 -4.8 917.7 -77.8
17:55:33.031 0.0 0.0 -5.3 925.0 -85.9
17:55:33.125 0.0 0.0 -5.8 922.3 -93.3
17:55:33.218 0.0 0.0 -6.2 922.5 -101.0
17:55:33.312 0.0 0.0 -6.7 922.6 -108.5
17:55:33.406 0.0 0.0 -7.2 921.7 -116.1
17:55:33.500 0.0 0.0 -7.4 921.2 -119.8
17:55:33.593 0.0 0.0 -7.9 920.2 -127.5
17:55:33.687 0.0 0.0 -8.6 918.6 -138.7
17:55:33.734 0.0 0.0 -8.6 920.6 -139.0
17:55:33.781 0.0 0.0 -8.9 920.9 -143.4
17:55:33.875 0.0 0.0 -9.3 916.8 -150.1
17:55:33.968 0.0 0.0 -9.8 918.5 -157.8
17:55:34.062 0.0 0.0 -10.2 914.2 -165.0
17:55:34.156 0.0 0.0 -10.7 910.9 -172.2
17:55:34.250 0.0 0.0 -11.2 911.4 -179.9
17:55:34.343 0.0 0.0 -11.6 916.8 -188.6
17:55:34.437 0.0 0.0 -12.1 906.4 -194.4
17:55:34.531 0.0 0.0 -12.6 913.6 -203.7
17:55:34.625 0.0 0.0 -13.0 903.1 -209.2
17:55:34.718 0.0 0.0 -13.5 901.4 -216.5
17:55:34.812 0.0 0.0 -14.0 923.8 -230.0
17:55:34.859 0.0 0.0 -14.2 924.8 -234.2
17:55:34.906 0.0 0.0 -14.4 922.9 -237.6
17:55:35.000 0.0 0.0 -14.9 920.9 -245.1
17:55:35.093 0.0 0.0 -15.4 916.9 -252.2
17:55:35.187 0.0 0.0 -15.8 914.8 -259.7
17:55:35.281 0.0 0.0 -16.3 922.3 -270.0
17:55:35.375 0.0 0.0 -16.8 910.5 -274.6
17:55:35.468 0.0 0.0 -17.0 907.4 -277.9
17:55:35.562 0.0 0.0 -17.7 905.8 -289.6
17:55:35.656 0.0 0.0 -18.0 917.1 -297.1
17:55:35.750 0.0 0.0 -18.4 914.6 -304.7
17:55:35.843 0.0 0.0 -18.9 912.1 -312.1
17:55:35.937 0.0 0.0 -19.4 918.9 -322.9
17:55:36.031 0.0 0.0 -19.8 916.3 -330.4
17:55:36.125 0.0 0.0 -20.3 919.1 -340.1
17:55:36.218 0.0 0.0 -20.8 910.7 -345.3
17:55:36.312 0.0 0.0 -21.2 907.8 -352.8
17:55:36.406 0.0 0.0 -21.7 904.9 -360.3
17:55:36.500 0.0 0.0 -22.2 915.9 -373.2
17:55:36.593 0.0 0.0 -22.6 912.8 -380.8
