Тестовая информация 0. Исходные сенсорные данные: Time, X_rob, Y_rob, Ang_rob, X_obj, Y_obj (мм, град)
17:56:20.375 0.0 0.0 15.1 1113.4 299.6
17:56:20.468 0.0 0.0 14.6 943.5 245.7
17:56:20.562 0.0 0.0 14.1 945.5 238.1
17:56:20.609 0.0 0.0 13.9 927.1 229.3
17:56:20.656 0.0 0.0 13.7 928.0 225.5
17:56:20.750 0.0 0.0 13.2 929.8 218.0
17:56:20.843 0.0 0.0 12.7 945.2 213.4
17:56:20.937 0.0 0.0 12.3 925.4 201.1
17:56:21.031 0.0 0.0 12.0 926.3 197.1
17:56:21.125 0.0 0.0 11.5 928.8 189.8
17:56:21.218 0.0 0.0 11.1 924.4 181.0
17:56:21.312 0.0 0.0 10.6 931.8 174.7
17:56:21.406 0.0 0.0 10.1 927.3 165.9
17:56:21.500 0.0 0.0 9.7 928.6 158.3
17:56:21.593 0.0 0.0 9.2 929.8 150.9
17:56:21.687 0.0 0.0 8.7 932.1 143.2
17:56:21.781 0.0 0.0 8.3 922.3 134.2
17:56:21.875 0.0 0.0 7.8 924.3 126.8
17:56:21.968 0.0 0.0 7.3 924.4 119.0
17:56:22.015 0.0 0.0 7.1 923.9 115.0
17:56:22.062 0.0 0.0 6.9 924.3 111.3
17:56:22.156 0.0 0.0 6.4 913.3 102.4
17:56:22.203 0.0 0.0 6.2 913.7 98.7
17:56:22.250 0.0 0.0 5.9 914.1 94.8
17:56:22.343 0.0 0.0 5.6 916.5 90.6
17:56:22.437 0.0 0.0 5.1 912.3 82.2
17:56:22.531 0.0 0.0 4.6 918.0 74.5
17:56:22.625 0.0 0.0 4.2 917.5 67.5
17:56:22.718 0.0 0.0 3.7 914.1 59.7
17:56:22.812 0.0 0.0 3.3 914.5 52.1
17:56:22.906 0.0 0.0 2.8 914.9 44.7
17:56:23.000 0.0 0.0 2.3 915.2 37.3
17:56:23.093 0.0 0.0 1.9 928.5 30.4
17:56:23.187 0.0 0.0 1.4 915.7 22.5
17:56:23.281 0.0 0.0 0.9 915.9 14.8
17:56:23.375 0.0 0.0 0.5 916.0 7.5
17:56:23.468 0.0 0.0 0.2 916.0 3.6
17:56:23.562 0.0 0.0 -0.5 916.0 -7.5
17:56:23.656 0.0 0.0 -0.9 915.9 -15.0
17:56:23.703 0.0 0.0 -1.2 917.8 -18.9
17:56:23.750 0.0 0.0 -1.4 909.7 -22.4
17:56:23.843 0.0 0.0 -1.9 917.5 -30.1
17:56:23.937 0.0 0.0 -2.4 918.2 -37.7
17:56:24.031 0.0 0.0 -2.8 914.9 -44.9
17:56:24.078 0.0 0.0 -3.1 914.7 -48.9
17:56:24.125 0.0 0.0 -3.3 914.5 -52.7
17:56:24.218 0.0 0.0 -3.8 914.0 -60.0
17:56:24.312 0.0 0.0 -4.0 913.8 -63.6
17:56:24.406 0.0 0.0 -4.5 918.2 -71.6
17:56:24.500 0.0 0.0 -5.2 917.3 -82.9
17:56:24.593 0.0 0.0 -5.4 919.9 -86.9
17:56:24.687 0.0 0.0 -5.9 931.1 -95.7
17:56:24.781 0.0 0.0 -6.3 924.3 -102.6
17:56:24.875 0.0 0.0 -6.8 923.5 -110.2
17:56:24.968 0.0 0.0 -7.3 928.5 -118.5
17:56:25.062 0.0 0.0 -7.7 920.5 -125.2
17:56:25.156 0.0 0.0 -8.2 919.5 -132.6
17:56:25.250 0.0 0.0 -8.7 925.3 -141.3
17:56:25.343 0.0 0.0 -9.1 909.3 -146.4
17:56:25.437 0.0 0.0 -9.6 922.8 -156.4
17:56:25.484 0.0 0.0 -9.8 921.2 -159.9
17:56:25.531 0.0 0.0 -10.1 918.6 -163.3
17:56:25.625 0.0 0.0 -10.6 917.2 -170.9
17:56:25.718 0.0 0.0 -11.0 917.8 -178.7
17:56:25.812 0.0 0.0 -11.5 916.3 -186.1
17:56:25.906 0.0 0.0 -11.9 914.7 -193.6
17:56:26.000 0.0 0.0 -12.4 914.1 -201.4
17:56:26.093 0.0 0.0 -12.9 912.4 -208.8
17:56:26.187 0.0 0.0 -13.4 916.5 -217.7
17:56:26.281 0.0 0.0 -13.8 914.7 -225.3
17:56:26.375 0.0 0.0 -14.1 908.9 -227.8
17:56:26.421 0.0 0.0 -14.5 911.9 -236.3
17:56:26.468 0.0 0.0 -14.5 907.0 -235.1
17:56:26.562 0.0 0.0 -15.0 905.1 -242.4
17:56:26.656 0.0 0.0 -15.5 916.5 -253.8
17:56:26.703 0.0 0.0 -15.7 916.5 -257.7
17:56:26.750 0.0 0.0 -15.9 914.4 -261.2
17:56:26.843 0.0 0.0 -16.4 912.3 -268.7
17:56:26.890 0.0 0.0 -16.6 909.3 -271.8
17:56:26.937 0.0 0.0 -16.9 908.1 -275.6
17:56:27.031 0.0 0.0 -17.3 916.3 -286.2
17:56:27.125 0.0 0.0 -17.8 918.7 -295.2
17:56:27.218 0.0 0.0 -18.3 916.3 -302.6
17:56:27.312 0.0 0.0 -18.8 913.8 -310.3
17:56:27.406 0.0 0.0 -19.2 916.9 -319.7
17:56:27.500 0.0 0.0 -19.7 914.2 -327.2
17:56:27.593 0.0 0.0 -20.2 913.4 -335.4
17:56:27.687 0.0 0.0 -20.6 908.8 -342.1
17:56:27.781 0.0 0.0 -21.1 905.8 -349.8
17:56:27.875 0.0 0.0 -21.6 903.0 -357.0
17:56:27.968 0.0 0.0 -22.0 907.5 -367.3
17:56:28.062 0.0 0.0 -22.5 904.5 -374.6
