Тестовая информация 0. Исходные сенсорные данные: Time, X_rob, Y_rob, Ang_rob, X_obj, Y_obj (мм, град)
18:09:00.718 0.0 0.0 15.5 1165.8 324.1
18:09:00.765 0.0 0.0 15.3 1167.1 319.4
18:09:00.812 0.0 0.0 15.1 911.6 245.3
18:09:00.859 0.0 0.0 14.8 912.5 241.7
18:09:00.906 0.0 0.0 14.6 924.2 240.6
18:09:00.953 0.0 0.0 14.4 927.1 237.2
18:09:01.000 0.0 0.0 14.1 928.1 233.6
18:09:01.046 0.0 0.0 13.9 929.0 229.9
18:09:01.093 0.0 0.0 13.7 929.9 225.9
18:09:01.140 0.0 0.0 13.4 926.0 221.1
18:09:01.187 0.0 0.0 13.2 926.9 217.3
18:09:01.234 0.0 0.0 13.0 921.9 212.0
18:09:01.281 0.0 0.0 12.7 919.9 207.6
18:09:01.328 0.0 0.0 12.5 923.6 204.5
18:09:01.375 0.0 0.0 12.3 921.5 200.2
18:09:01.421 0.0 0.0 12.0 917.4 195.3
18:09:01.468 0.0 0.0 11.8 918.2 191.7
18:09:01.515 0.0 0.0 11.5 916.1 187.1
18:09:01.562 0.0 0.0 11.3 916.8 183.4
18:09:01.609 0.0 0.0 11.1 918.5 179.9
18:09:01.656 0.0 0.0 10.8 923.2 176.8
18:09:01.703 0.0 0.0 10.6 923.9 173.1
18:09:01.750 0.0 0.0 10.4 932.5 170.9
18:09:01.796 0.0 0.0 10.1 925.3 165.5
18:09:01.843 0.0 0.0 9.9 922.0 161.0
18:09:01.890 0.0 0.0 9.7 922.7 157.2
18:09:01.937 0.0 0.0 9.4 919.4 152.8
18:09:01.984 0.0 0.0 9.2 920.0 149.1
18:09:02.031 0.0 0.0 9.0 920.6 145.4
18:09:02.078 0.0 0.0 8.7 919.2 141.2
18:09:02.125 0.0 0.0 8.5 918.8 137.4
18:09:02.171 0.0 0.0 8.3 919.3 133.6
18:09:02.218 0.0 0.0 8.0 905.0 127.8
18:09:02.265 0.0 0.0 7.8 905.5 124.1
18:09:02.312 0.0 0.0 7.6 906.0 120.5
18:09:02.359 0.0 0.0 7.3 911.5 117.4
18:09:02.406 0.0 0.0 7.1 911.9 113.7
18:09:02.453 0.0 0.0 7.1 914.9 114.1
18:09:02.500 0.0 0.0 6.6 912.9 106.1
18:09:02.546 0.0 0.0 6.6 907.9 105.5
18:09:02.593 0.0 0.0 6.2 908.7 98.2
18:09:02.640 0.0 0.0 5.9 910.1 94.5
18:09:02.687 0.0 0.0 5.7 910.5 90.9
18:09:02.734 0.0 0.0 5.7 910.5 90.9
18:09:02.781 0.0 0.0 5.5 906.9 86.7
18:09:02.828 0.0 0.0 5.2 907.2 82.9
18:09:02.875 0.0 0.0 5.0 914.5 79.7
18:09:02.921 0.0 0.0 4.8 918.8 76.5
18:09:02.968 0.0 0.0 4.5 918.1 72.7
18:09:03.015 0.0 0.0 4.3 918.4 68.9
18:09:03.062 0.0 0.0 4.1 910.7 64.6
18:09:03.109 0.0 0.0 3.8 909.0 60.6
18:09:03.156 0.0 0.0 3.6 909.2 56.8
18:09:03.203 0.0 0.0 3.3 911.4 53.3
18:09:03.250 0.0 0.0 3.1 911.6 49.7
18:09:03.296 0.0 0.0 2.9 920.8 46.3
18:09:03.343 0.0 0.0 2.7 912.0 42.3
18:09:03.390 0.0 0.0 2.4 912.2 38.4
18:09:03.437 0.0 0.0 2.2 925.3 35.3
18:09:03.484 0.0 0.0 1.9 921.5 31.2
18:09:03.531 0.0 0.0 1.7 921.6 27.4
18:09:03.578 0.0 0.0 1.5 921.7 23.8
18:09:03.625 0.0 0.0 1.2 911.8 19.8
18:09:03.671 0.0 0.0 1.0 911.9 16.0
18:09:03.718 0.0 0.0 0.8 920.9 12.5
18:09:03.765 0.0 0.0 0.5 921.0 8.7
18:09:03.812 0.0 0.0 0.3 921.0 4.8
18:09:03.859 0.0 0.0 0.1 921.0 1.0
18:09:03.906 0.0 0.0 -0.2 910.0 -2.6
18:09:03.953 0.0 0.0 -0.4 910.0 -6.4
18:09:04.000 0.0 0.0 -0.6 914.9 -10.1
18:09:04.046 0.0 0.0 -0.9 909.9 -13.7
18:09:04.093 0.0 0.0 -1.1 909.8 -17.6
18:09:04.140 0.0 0.0 -1.3 913.8 -21.3
18:09:04.187 0.0 0.0 -1.6 909.7 -24.9
18:09:04.234 0.0 0.0 -1.8 909.5 -28.7
18:09:04.281 0.0 0.0 -2.0 914.4 -32.5
18:09:04.328 0.0 0.0 -2.3 914.3 -36.3
18:09:04.375 0.0 0.0 -2.5 914.1 -40.1
18:09:04.421 0.0 0.0 -2.8 913.9 -43.9
18:09:04.468 0.0 0.0 -3.0 906.8 -47.1
18:09:04.515 0.0 0.0 -3.2 906.6 -50.8
18:09:04.562 0.0 0.0 -3.5 911.3 -54.9
18:09:04.609 0.0 0.0 -3.5 919.3 -55.4
18:09:04.656 0.0 0.0 -3.9 918.9 -62.8
18:09:04.703 0.0 0.0 -3.9 918.9 -62.8
18:09:04.750 0.0 0.0 -4.1 911.6 -66.1
18:09:04.796 0.0 0.0 -4.4 911.3 -69.8
18:09:04.843 0.0 0.0 -4.8 922.7 -78.2
18:09:04.890 0.0 0.0 -4.8 932.7 -79.1
18:09:04.937 0.0 0.0 -5.1 922.4 -82.0
18:09:04.984 0.0 0.0 -5.3 922.0 -85.7
18:09:05.031 0.0 0.0 -5.6 916.7 -89.2
18:09:05.078 0.0 0.0 -5.8 916.3 -92.9
18:09:05.125 0.0 0.0 -6.0 919.9 -97.0
18:09:05.171 0.0 0.0 -6.2 915.5 -100.3
18:09:05.218 0.0 0.0 -6.5 915.1 -104.1
18:09:05.265 0.0 0.0 -6.7 915.7 -107.8
18:09:05.312 0.0 0.0 -7.0 914.2 -111.6
18:09:05.359 0.0 0.0 -7.2 913.7 -115.4
18:09:05.406 0.0 0.0 -7.4 914.3 -119.2
18:09:05.453 0.0 0.0 -7.7 916.7 -123.3
18:09:05.500 0.0 0.0 -7.9 916.2 -127.4
18:09:05.546 0.0 0.0 -8.1 915.7 -130.8
18:09:05.593 0.0 0.0 -8.4 920.1 -135.2
18:09:05.640 0.0 0.0 -8.6 919.6 -138.9
18:09:05.687 0.0 0.0 -8.8 924.9 -143.8
18:09:05.734 0.0 0.0 -9.1 918.4 -146.6
18:09:05.781 0.0 0.0 -9.3 909.9 -148.9
18:09:05.828 0.0 0.0 -9.5 909.2 -152.8
18:09:05.875 0.0 0.0 -9.8 913.6 -157.2
18:09:05.921 0.0 0.0 -10.0 912.9 -161.1
18:09:05.968 0.0 0.0 -10.2 924.0 -167.0
18:09:06.015 0.0 0.0 -10.5 914.5 -169.1
18:09:06.062 0.0 0.0 -10.7 913.8 -172.8
18:09:06.109 0.0 0.0 -10.9 915.0 -177.0
18:09:06.156 0.0 0.0 -11.2 912.4 -180.3
18:09:06.203 0.0 0.0 -11.4 911.6 -183.9
18:09:06.250 0.0 0.0 -11.6 920.6 -189.8
18:09:06.296 0.0 0.0 -11.9 910.1 -191.5
18:09:06.343 0.0 0.0 -12.1 909.3 -195.2
18:09:06.390 0.0 0.0 -12.3 910.5 -199.2
18:09:06.437 0.0 0.0 -12.6 912.5 -203.8
18:09:06.484 0.0 0.0 -12.8 911.7 -207.3
18:09:06.531 0.0 0.0 -13.0 915.7 -212.2
18:09:06.578 0.0 0.0 -13.3 910.0 -214.9
18:09:06.625 0.0 0.0 -13.5 909.1 -218.7
18:09:06.671 0.0 0.0 -13.8 908.2 -222.2
18:09:06.718 0.0 0.0 -13.8 908.2 -222.2
18:09:06.765 0.0 0.0 -14.2 906.3 -229.7
18:09:06.812 0.0 0.0 -14.2 921.9 -233.6
18:09:06.859 0.0 0.0 -14.5 905.4 -233.3
18:09:06.906 0.0 0.0 -14.7 904.4 -237.2
18:09:06.953 0.0 0.0 -14.9 914.1 -243.7
18:09:07.000 0.0 0.0 -15.2 914.0 -247.7
18:09:07.046 0.0 0.0 -15.4 913.0 -251.4
18:09:07.093 0.0 0.0 -15.6 919.7 -257.2
18:09:07.140 0.0 0.0 -15.9 910.9 -258.9
18:09:07.187 0.0 0.0 -16.1 909.9 -262.6
18:09:07.234 0.0 0.0 -16.3 908.8 -266.2
18:09:07.281 0.0 0.0 -16.6 914.4 -272.2
18:09:07.328 0.0 0.0 -16.8 913.2 -275.9
18:09:07.375 0.0 0.0 -17.0 912.1 -279.5
18:09:07.421 0.0 0.0 -17.3 911.9 -283.5
18:09:07.468 0.0 0.0 -17.5 910.8 -287.2
18:09:07.515 0.0 0.0 -17.7 909.6 -291.0
18:09:07.562 0.0 0.0 -18.0 915.1 -296.8
18:09:07.609 0.0 0.0 -18.2 913.8 -300.6
18:09:07.656 0.0 0.0 -18.4 912.6 -304.3
18:09:07.703 0.0 0.0 -18.7 909.5 -307.4
18:09:07.750 0.0 0.0 -18.9 908.2 -311.1
18:09:07.796 0.0 0.0 -19.1 921.1 -319.6
18:09:07.843 0.0 0.0 -19.4 913.2 -321.2
18:09:07.890 0.0 0.0 -19.6 909.0 -323.9
18:09:07.937 0.0 0.0 -19.8 907.7 -327.6
18:09:07.984 0.0 0.0 -20.1 909.2 -332.3
18:09:08.031 0.0 0.0 -20.3 905.0 -334.9
18:09:08.078 0.0 0.0 -20.6 903.6 -338.8
18:09:08.125 0.0 0.0 -20.8 896.6 -340.2
18:09:08.171 0.0 0.0 -21.0 895.3 -343.8
18:09:08.218 0.0 0.0 -21.3 900.3 -350.2
18:09:08.265 0.0 0.0 -21.5 906.3 -356.8
18:09:08.312 0.0 0.0 -21.7 904.9 -360.4
18:09:08.359 0.0 0.0 -21.9 1049.0 -422.7
