Тестовая информация 0. Исходные сенсорные данные: Time, X_rob, Y_rob, Ang_rob, X_obj, Y_obj (мм, град)
15:39:36.203 0.0 0.0 26.6 1073.1 537.2
15:39:36.250 0.0 0.0 26.3 797.7 394.7
15:39:36.296 0.0 0.0 26.1 799.1 391.8
15:39:36.328 0.0 0.0 25.9 701.7 340.5
15:39:36.375 0.0 0.0 25.7 649.0 311.7
15:39:36.421 0.0 0.0 25.4 659.3 313.4
15:39:36.453 0.0 0.0 25.2 651.6 306.3
15:39:36.500 0.0 0.0 25.0 652.8 303.8
15:39:36.546 0.0 0.0 24.7 654.0 301.1
15:39:36.578 0.0 0.0 24.7 635.9 292.7
15:39:36.625 0.0 0.0 24.5 637.2 289.9
15:39:36.671 0.0 0.0 24.2 638.2 287.5
15:39:36.718 0.0 0.0 24.0 630.3 280.8
15:39:36.750 0.0 0.0 23.8 622.2 274.3
15:39:36.796 0.0 0.0 23.5 623.4 271.7
15:39:36.843 0.0 0.0 23.3 624.5 269.0
15:39:36.875 0.0 0.0 23.1 625.6 266.5
15:39:36.921 0.0 0.0 22.8 626.6 264.1
15:39:36.968 0.0 0.0 22.8 617.4 260.2
15:39:37.015 0.0 0.0 22.6 609.2 253.8
15:39:37.046 0.0 0.0 22.4 619.6 255.0
15:39:37.093 0.0 0.0 22.1 620.6 252.4
15:39:37.140 0.0 0.0 21.9 621.6 250.0
15:39:37.171 0.0 0.0 21.7 622.6 247.5
15:39:37.218 0.0 0.0 21.4 614.3 241.3
15:39:37.265 0.0 0.0 21.2 615.3 238.7
15:39:37.296 0.0 0.0 21.2 615.3 238.7
15:39:37.343 0.0 0.0 21.0 616.3 236.3
15:39:37.390 0.0 0.0 20.7 617.2 233.8
15:39:37.421 0.0 0.0 20.5 618.2 231.3
15:39:37.468 0.0 0.0 20.3 619.1 228.7
15:39:37.515 0.0 0.0 20.0 620.0 226.2
15:39:37.562 0.0 0.0 19.8 620.9 223.7
15:39:37.593 0.0 0.0 19.6 621.9 221.1
15:39:37.640 0.0 0.0 19.3 622.7 218.6
15:39:37.687 0.0 0.0 19.1 623.7 216.0
15:39:37.734 0.0 0.0 19.1 623.7 216.0
15:39:37.765 0.0 0.0 18.9 615.1 210.2
15:39:37.812 0.0 0.0 18.6 615.9 207.8
15:39:37.859 0.0 0.0 18.4 616.8 205.1
15:39:37.906 0.0 0.0 18.2 617.6 202.5
15:39:37.937 0.0 0.0 17.9 618.4 200.2
15:39:37.984 0.0 0.0 17.7 619.2 197.6
15:39:38.031 0.0 0.0 17.5 620.0 195.1
15:39:38.078 0.0 0.0 17.2 620.8 192.6
15:39:38.109 0.0 0.0 17.2 620.8 192.6
15:39:38.156 0.0 0.0 17.0 621.6 189.9
15:39:38.203 0.0 0.0 16.8 622.4 187.5
15:39:38.250 0.0 0.0 16.5 623.1 185.0
15:39:38.281 0.0 0.0 16.3 623.9 182.3
15:39:38.328 0.0 0.0 16.1 624.6 179.8
15:39:38.375 0.0 0.0 15.8 625.4 177.3
15:39:38.421 0.0 0.0 15.6 626.1 174.7
15:39:38.468 0.0 0.0 15.4 636.4 174.9
15:39:38.515 0.0 0.0 15.1 627.5 169.6
15:39:38.546 0.0 0.0 14.9 628.2 167.0
15:39:38.593 0.0 0.0 14.9 637.8 169.6
15:39:38.640 0.0 0.0 14.7 628.9 164.5
15:39:38.687 0.0 0.0 14.4 629.5 162.0
15:39:38.718 0.0 0.0 14.2 639.9 161.7
15:39:38.765 0.0 0.0 14.0 640.5 159.1
15:39:38.812 0.0 0.0 13.7 641.2 156.5
15:39:38.859 0.0 0.0 13.5 651.5 156.2
15:39:38.890 0.0 0.0 13.3 652.2 153.6
15:39:38.937 0.0 0.0 13.0 643.0 148.8
15:39:38.984 0.0 0.0 12.8 643.6 146.0
15:39:39.015 0.0 0.0 12.8 643.6 146.0
15:39:39.062 0.0 0.0 12.6 644.2 143.5
15:39:39.109 0.0 0.0 12.3 644.8 140.9
15:39:39.156 0.0 0.0 12.1 655.1 140.4
15:39:39.203 0.0 0.0 11.8 655.7 137.6
15:39:39.234 0.0 0.0 11.6 656.3 134.9
15:39:39.281 0.0 0.0 11.3 657.0 131.1
15:39:39.328 0.0 0.0 11.3 657.0 131.1
15:39:39.359 0.0 0.0 11.1 657.5 128.6
15:39:39.406 0.0 0.0 10.8 658.0 126.0
15:39:39.468 0.0 0.0 10.6 658.6 123.3
15:39:39.484 0.0 0.0 10.4 659.0 120.7
15:39:39.531 0.0 0.0 10.1 659.6 117.8
15:39:39.578 0.0 0.0 9.9 660.0 115.2
15:39:39.625 0.0 0.0 9.7 680.2 115.9
15:39:39.671 0.0 0.0 9.7 680.2 115.9
15:39:39.703 0.0 0.0 9.4 680.7 113.2
15:39:39.750 0.0 0.0 9.2 681.1 110.4
15:39:39.796 0.0 0.0 9.0 681.6 107.6
15:39:39.843 0.0 0.0 8.7 682.0 104.8
15:39:39.875 0.0 0.0 8.5 692.3 103.3
15:39:39.921 0.0 0.0 8.3 712.5 103.5
15:39:39.968 0.0 0.0 8.0 712.9 100.5
15:39:40.000 0.0 0.0 7.8 782.7 107.2
15:39:40.078 0.0 0.0 7.6 852.5 113.2
15:39:40.093 0.0 0.0 7.6 852.5 113.2
15:39:40.140 0.0 0.0 7.3 853.0 109.7
15:39:40.421 0.0 0.0 5.9 1114.0 115.6
15:39:40.468 0.0 0.0 5.7 925.4 92.4
15:39:40.515 0.0 0.0 5.5 925.8 88.6
15:39:40.546 0.0 0.0 5.2 766.8 70.1
15:39:40.593 0.0 0.0 5.0 767.1 67.0
15:39:40.625 0.0 0.0 4.8 767.3 63.9
15:39:40.671 0.0 0.0 4.8 767.3 63.9
15:39:40.718 0.0 0.0 4.5 767.6 60.8
15:39:40.750 0.0 0.0 4.3 767.8 57.6
15:39:40.796 0.0 0.0 4.0 768.1 54.4
15:39:40.843 0.0 0.0 3.8 768.3 51.2
15:39:40.890 0.0 0.0 3.6 768.5 48.2
15:39:40.937 0.0 0.0 3.4 768.7 45.1
15:39:40.968 0.0 0.0 3.1 768.9 42.0
15:39:41.015 0.0 0.0 2.9 769.0 38.8
15:39:41.062 0.0 0.0 2.7 769.2 35.7
15:39:41.109 0.0 0.0 2.7 769.2 35.7
15:39:41.140 0.0 0.0 2.4 769.3 32.4
15:39:41.187 0.0 0.0 2.2 769.4 29.3
15:39:41.234 0.0 0.0 1.9 769.6 26.1
15:39:41.281 0.0 0.0 1.7 769.7 23.0
15:39:41.312 0.0 0.0 1.5 769.7 20.0
15:39:41.359 0.0 0.0 1.3 769.8 16.8
15:39:41.390 0.0 0.0 1.0 769.9 13.7
15:39:41.437 0.0 0.0 0.8 769.9 10.6
15:39:41.484 0.0 0.0 0.8 769.9 10.6
15:39:41.531 0.0 0.0 0.6 770.0 7.4
15:39:41.578 0.0 0.0 0.3 770.0 4.3
15:39:41.609 0.0 0.0 0.1 770.0 1.1
15:39:41.656 0.0 0.0 -0.2 770.0 -2.1
15:39:41.703 0.0 0.0 -0.4 750.0 -5.1
15:39:41.750 0.0 0.0 -0.6 750.0 -8.2
15:39:41.796 0.0 0.0 -0.9 749.9 -11.3
15:39:41.828 0.0 0.0 -1.1 749.9 -14.2
15:39:41.875 0.0 0.0 -1.3 749.8 -17.3
15:39:41.921 0.0 0.0 -1.6 769.7 -21.0
15:39:41.953 0.0 0.0 -1.6 749.7 -20.4
15:39:42.000 0.0 0.0 -1.8 699.7 -21.8
15:39:42.046 0.0 0.0 -2.0 699.6 -24.8
15:39:42.093 0.0 0.0 -2.3 699.4 -27.8
15:39:42.140 0.0 0.0 -2.5 699.3 -30.8
15:39:42.171 0.0 0.0 -2.5 719.3 -31.7
15:39:42.203 0.0 0.0 -2.8 719.1 -35.2
15:39:42.250 0.0 0.0 -3.0 709.0 -37.6
15:39:42.296 0.0 0.0 -3.3 708.8 -40.6
15:39:42.343 0.0 0.0 -3.5 698.7 -42.9
15:39:42.375 0.0 0.0 -3.7 698.5 -45.6
15:39:42.406 0.0 0.0 -3.7 698.5 -45.6
15:39:42.437 0.0 0.0 -4.0 698.3 -48.5
15:39:42.484 0.0 0.0 -4.2 688.1 -50.7
15:39:42.531 0.0 0.0 -4.4 687.9 -53.4
15:39:42.578 0.0 0.0 -4.7 697.7 -57.0
15:39:42.609 0.0 0.0 -4.9 687.5 -59.0
15:39:42.656 0.0 0.0 -5.1 687.2 -61.8
15:39:42.703 0.0 0.0 -5.4 677.0 -63.7
15:39:42.750 0.0 0.0 -5.4 667.1 -62.8
15:39:42.781 0.0 0.0 -5.6 666.8 -65.5
15:39:42.828 0.0 0.0 -5.8 666.5 -68.2
15:39:42.875 0.0 0.0 -6.1 666.2 -71.0
15:39:42.921 0.0 0.0 -6.3 665.9 -73.6
15:39:42.953 0.0 0.0 -6.6 665.5 -77.3
15:39:43.000 0.0 0.0 -6.6 665.5 -77.3
15:39:43.046 0.0 0.0 -6.9 665.2 -80.0
15:39:43.093 0.0 0.0 -7.1 654.9 -81.6
15:39:43.140 0.0 0.0 -7.3 654.6 -84.1
15:39:43.171 0.0 0.0 -7.6 654.3 -86.9
15:39:43.218 0.0 0.0 -7.8 653.9 -89.5
15:39:43.265 0.0 0.0 -8.0 643.6 -90.8
15:39:43.312 0.0 0.0 -8.3 643.3 -93.4
15:39:43.343 0.0 0.0 -8.3 653.2 -94.8
15:39:43.390 0.0 0.0 -8.6 652.7 -98.2
15:39:43.437 0.0 0.0 -8.8 652.2 -101.0
15:39:43.484 0.0 0.0 -9.0 641.9 -102.2
15:39:43.531 0.0 0.0 -9.3 641.5 -104.8
15:39:43.562 0.0 0.0 -9.5 641.1 -107.4
15:39:43.609 0.0 0.0 -9.8 640.6 -110.1
15:39:43.656 0.0 0.0 -10.0 640.2 -112.7
15:39:43.687 0.0 0.0 -10.2 639.7 -115.2
15:39:43.734 0.0 0.0 -10.2 639.7 -115.2
15:39:43.781 0.0 0.0 -10.4 639.2 -117.8
15:39:43.828 0.0 0.0 -10.7 638.7 -120.5
15:39:43.859 0.0 0.0 -10.9 638.2 -123.2
15:39:43.906 0.0 0.0 -11.2 637.7 -125.8
15:39:43.953 0.0 0.0 -11.4 637.2 -128.2
15:39:44.000 0.0 0.0 -11.6 636.7 -130.9
15:39:44.046 0.0 0.0 -11.8 636.2 -133.4
15:39:44.078 0.0 0.0 -12.1 635.6 -136.1
15:39:44.140 0.0 0.0 -12.3 635.0 -138.6
15:39:44.171 0.0 0.0 -12.3 635.0 -138.6
15:39:44.218 0.0 0.0 -12.5 634.5 -141.2
15:39:44.250 0.0 0.0 -12.8 643.6 -146.0
15:39:44.296 0.0 0.0 -13.0 633.3 -146.5
15:39:44.343 0.0 0.0 -13.3 632.7 -149.0
15:39:44.390 0.0 0.0 -13.5 632.1 -151.7
15:39:44.421 0.0 0.0 -13.7 631.4 -154.2
15:39:44.468 0.0 0.0 -14.0 630.8 -156.8
15:39:44.515 0.0 0.0 -14.2 630.2 -159.3
15:39:44.546 0.0 0.0 -14.2 630.2 -159.3
15:39:44.593 0.0 0.0 -14.4 629.5 -161.9
15:39:44.640 0.0 0.0 -14.7 628.9 -164.4
15:39:44.671 0.0 0.0 -14.9 628.2 -167.1
15:39:44.718 0.0 0.0 -15.1 627.5 -169.5
15:39:44.765 0.0 0.0 -15.4 626.6 -172.9
15:39:44.812 0.0 0.0 -15.7 625.8 -175.6
15:39:44.843 0.0 0.0 -15.7 625.8 -175.6
15:39:44.890 0.0 0.0 -15.9 625.1 -178.1
15:39:44.937 0.0 0.0 -16.1 624.4 -180.6
15:39:44.968 0.0 0.0 -16.4 623.4 -184.0
15:39:45.015 0.0 0.0 -16.7 622.6 -186.6
15:39:45.062 0.0 0.0 -16.7 622.6 -186.6
15:39:45.109 0.0 0.0 -16.9 621.9 -189.2
15:39:45.140 0.0 0.0 -17.1 621.1 -191.7
15:39:45.187 0.0 0.0 -17.4 620.3 -194.2
15:39:45.234 0.0 0.0 -17.6 619.5 -196.7
15:39:45.312 0.0 0.0 -18.1 617.9 -201.7
15:39:45.359 0.0 0.0 -18.3 617.1 -204.3
15:39:45.406 0.0 0.0 -18.6 616.2 -206.9
15:39:45.453 0.0 0.0 -18.8 615.3 -209.4
15:39:45.484 0.0 0.0 -18.8 615.3 -209.4
15:39:45.531 0.0 0.0 -19.0 614.5 -211.8
15:39:45.562 0.0 0.0 -19.3 613.4 -214.9
15:39:45.609 0.0 0.0 -19.6 612.5 -217.7
15:39:45.656 0.0 0.0 -19.6 612.5 -217.7
15:39:45.687 0.0 0.0 -19.8 611.6 -220.1
15:39:45.734 0.0 0.0 -20.0 610.6 -222.7
15:39:45.781 0.0 0.0 -20.3 609.7 -225.3
15:39:45.828 0.0 0.0 -20.5 608.8 -227.7
15:39:45.859 0.0 0.0 -20.7 607.9 -230.1
15:39:45.906 0.0 0.0 -21.0 616.3 -236.1
15:39:45.953 0.0 0.0 -21.2 615.3 -238.7
15:39:46.000 0.0 0.0 -21.4 614.3 -241.3
15:39:46.046 0.0 0.0 -21.7 613.3 -243.7
15:39:46.078 0.0 0.0 -21.7 613.3 -243.7
15:39:46.125 0.0 0.0 -21.9 612.3 -246.2
15:39:46.171 0.0 0.0 -22.1 620.6 -252.6
15:39:46.203 0.0 0.0 -22.4 619.6 -255.0
15:39:46.250 0.0 0.0 -22.6 618.5 -257.6
15:39:46.296 0.0 0.0 -22.8 617.5 -260.1
15:39:46.343 0.0 0.0 -23.1 616.4 -262.5
15:39:46.375 0.0 0.0 -23.3 615.3 -265.2
15:39:46.437 0.0 0.0 -23.5 623.4 -271.6
15:39:46.468 0.0 0.0 -23.8 622.3 -274.2
15:39:46.515 0.0 0.0 -23.8 622.3 -274.2
15:39:46.562 0.0 0.0 -24.0 621.1 -276.7
15:39:46.609 0.0 0.0 -24.2 620.0 -279.3
15:39:46.640 0.0 0.0 -24.5 618.9 -281.8
15:39:46.687 0.0 0.0 -24.7 626.8 -288.5
15:39:46.734 0.0 0.0 -24.9 634.7 -295.2
15:39:46.781 0.0 0.0 -25.2 633.5 -297.8
15:39:46.812 0.0 0.0 -25.4 632.2 -300.6
15:39:46.859 0.0 0.0 -25.6 640.1 -307.3
15:39:46.906 0.0 0.0 -25.9 638.8 -309.8
15:39:46.937 0.0 0.0 -25.9 647.8 -314.2
15:39:46.984 0.0 0.0 -26.1 655.5 -321.3
15:39:47.031 0.0 0.0 -26.4 654.1 -324.0
15:39:47.078 0.0 0.0 -26.6 679.6 -340.2
15:39:47.125 0.0 0.0 -26.8 687.2 -347.4
15:39:47.156 0.0 0.0 -27.1 685.7 -350.2
15:39:47.203 0.0 0.0 -27.3 862.1 -444.7
15:39:47.250 0.0 0.0 -27.5 940.0 -489.8
15:39:47.296 0.0 0.0 -27.8 938.0 -493.7
