Тестовая информация 0. Исходные сенсорные данные: Time, X_rob, Y_rob, Ang_rob, X_obj, Y_obj (мм, град)
15:46:06.375 0.0 0.0 22.1 963.8 390.7
15:46:06.421 0.0 0.0 21.8 928.2 372.0
15:46:06.468 0.0 0.0 21.6 929.7 368.2
15:46:06.515 0.0 0.0 21.4 689.1 269.7
15:46:06.546 0.0 0.0 21.1 652.9 252.4
15:46:06.593 0.0 0.0 20.9 663.3 253.4
15:46:06.640 0.0 0.0 20.7 654.9 247.1
15:46:06.687 0.0 0.0 20.4 656.0 244.4
15:46:06.734 0.0 0.0 20.4 656.0 244.4
15:46:06.765 0.0 0.0 20.2 657.0 241.7
15:46:06.812 0.0 0.0 20.0 648.5 235.6
15:46:06.859 0.0 0.0 19.7 649.5 233.0
15:46:06.890 0.0 0.0 19.5 631.6 223.7
15:46:06.937 0.0 0.0 19.3 632.5 221.1
15:46:06.984 0.0 0.0 19.0 633.4 218.5
15:46:07.015 0.0 0.0 18.8 634.2 215.9
15:46:07.062 0.0 0.0 18.8 634.2 215.9
15:46:07.109 0.0 0.0 18.6 635.2 213.3
15:46:07.140 0.0 0.0 18.3 636.0 210.7
15:46:07.187 0.0 0.0 18.1 636.9 208.1
15:46:07.234 0.0 0.0 17.9 637.7 205.5
15:46:07.265 0.0 0.0 17.6 629.0 200.0
15:46:07.312 0.0 0.0 17.4 629.8 197.3
15:46:07.359 0.0 0.0 17.2 630.6 194.8
15:46:07.406 0.0 0.0 17.2 630.6 194.8
15:46:07.453 0.0 0.0 16.9 631.5 192.0
15:46:07.484 0.0 0.0 16.7 632.2 189.6
15:46:07.531 0.0 0.0 16.5 633.0 186.9
15:46:07.578 0.0 0.0 16.2 633.7 184.4
15:46:07.625 0.0 0.0 16.0 634.5 181.8
15:46:07.656 0.0 0.0 15.8 625.5 176.6
15:46:07.703 0.0 0.0 15.5 626.3 174.1
15:46:07.750 0.0 0.0 15.3 627.0 171.4
15:46:07.796 0.0 0.0 15.1 627.7 168.8
15:46:07.828 0.0 0.0 15.1 627.7 168.8
15:46:07.875 0.0 0.0 14.8 628.4 166.3
15:46:07.921 0.0 0.0 14.6 629.0 163.8
15:46:07.968 0.0 0.0 14.4 629.7 161.2
15:46:08.000 0.0 0.0 14.1 630.4 158.6
15:46:08.046 0.0 0.0 13.9 631.0 155.9
15:46:08.093 0.0 0.0 13.6 631.7 153.3
15:46:08.140 0.0 0.0 13.4 632.2 150.9
15:46:08.187 0.0 0.0 13.2 632.9 148.3
15:46:08.218 0.0 0.0 12.9 633.5 145.6
15:46:08.265 0.0 0.0 12.7 634.2 142.6
15:46:08.281 0.0 0.0 12.7 634.2 142.6
15:46:08.312 0.0 0.0 12.5 634.6 140.5
15:46:08.359 0.0 0.0 12.5 634.6 140.5
15:46:08.406 0.0 0.0 12.2 635.2 137.8
15:46:08.453 0.0 0.0 12.0 635.8 135.3
15:46:08.500 0.0 0.0 11.7 636.4 132.3
15:46:08.531 0.0 0.0 11.5 637.0 129.2
15:46:08.578 0.0 0.0 11.2 637.5 126.7
15:46:08.625 0.0 0.0 11.0 638.1 124.0
15:46:08.671 0.0 0.0 10.8 648.4 123.3
15:46:08.703 0.0 0.0 10.8 648.4 123.3
15:46:08.750 0.0 0.0 10.5 648.9 120.6
15:46:08.796 0.0 0.0 10.3 639.5 116.2
15:46:08.843 0.0 0.0 10.1 640.0 113.5
15:46:08.875 0.0 0.0 9.8 640.4 111.0
15:46:08.921 0.0 0.0 9.6 650.7 110.1
15:46:08.968 0.0 0.0 9.4 651.2 107.4
15:46:09.015 0.0 0.0 9.1 651.6 104.7
15:46:09.062 0.0 0.0 8.9 652.1 102.0
15:46:09.093 0.0 0.0 8.7 652.5 99.5
15:46:09.140 0.0 0.0 8.7 652.5 99.5
15:46:09.187 0.0 0.0 8.4 652.9 96.8
15:46:09.218 0.0 0.0 8.2 653.2 94.2
15:46:09.265 0.0 0.0 8.0 653.6 91.4
15:46:09.312 0.0 0.0 7.7 654.0 88.7
15:46:09.359 0.0 0.0 7.5 654.4 86.1
15:46:09.390 0.0 0.0 7.3 664.6 84.6
15:46:09.437 0.0 0.0 7.0 665.0 81.9
15:46:09.484 0.0 0.0 7.0 665.0 81.9
15:46:09.531 0.0 0.0 6.7 665.4 78.6
15:46:09.562 0.0 0.0 6.5 665.7 75.6
15:46:09.609 0.0 0.0 6.2 666.0 72.9
15:46:09.671 0.0 0.0 6.0 676.3 71.3
15:46:09.703 0.0 0.0 5.7 676.6 67.9
15:46:09.734 0.0 0.0 5.5 676.8 65.7
15:46:09.781 0.0 0.0 5.3 687.0 63.8
15:46:09.828 0.0 0.0 5.3 677.1 62.9
15:46:09.875 0.0 0.0 5.1 677.3 60.1
15:46:09.921 0.0 0.0 4.8 697.5 59.0
15:46:09.953 0.0 0.0 4.6 697.7 56.1
15:46:10.000 0.0 0.0 4.4 698.0 53.4
15:46:10.031 0.0 0.0 4.1 708.1 51.3
15:46:10.078 0.0 0.0 3.9 738.3 50.5
15:46:10.125 0.0 0.0 3.7 738.5 47.4
15:46:10.156 0.0 0.0 3.7 828.3 53.2
15:46:10.203 0.0 0.0 3.4 898.4 54.1
15:46:10.250 0.0 0.0 3.2 898.6 50.2
15:46:10.296 0.0 0.0 3.0 938.7 48.7
15:46:10.343 0.0 0.0 2.7 938.9 44.6
15:46:10.375 0.0 0.0 2.5 929.1 40.7
15:46:10.421 0.0 0.0 2.3 929.3 36.8
15:46:10.484 0.0 0.0 2.0 929.4 33.1
15:46:10.515 0.0 0.0 1.8 929.5 29.3
15:46:10.562 0.0 0.0 1.6 929.7 25.4
15:46:10.593 0.0 0.0 1.3 919.7 21.5
15:46:10.640 0.0 0.0 1.3 919.7 21.5
15:46:10.687 0.0 0.0 1.1 919.8 17.7
15:46:10.734 0.0 0.0 0.9 929.9 14.1
15:46:10.765 0.0 0.0 0.6 919.9 10.1
15:46:10.812 0.0 0.0 0.4 920.0 6.5
15:46:10.859 0.0 0.0 0.2 920.0 2.7
15:46:10.890 0.0 0.0 -0.1 920.0 -1.1
15:46:10.937 0.0 0.0 -0.3 920.0 -4.8
15:46:10.984 0.0 0.0 -0.5 920.0 -8.6
15:46:11.031 0.0 0.0 -0.8 919.9 -12.4
15:46:11.078 0.0 0.0 -0.8 929.9 -12.5
15:46:11.109 0.0 0.0 -1.0 929.9 -16.3
15:46:11.156 0.0 0.0 -1.2 929.8 -20.2
15:46:11.203 0.0 0.0 -1.5 929.7 -23.9
15:46:11.234 0.0 0.0 -1.7 929.6 -27.7
15:46:11.281 0.0 0.0 -1.9 929.5 -31.5
15:46:11.296 0.0 0.0 -1.9 929.5 -31.5
15:46:11.343 0.0 0.0 -2.2 929.3 -35.3
15:46:11.390 0.0 0.0 -2.4 929.2 -39.2
15:46:11.437 0.0 0.0 -2.6 929.0 -42.8
15:46:11.484 0.0 0.0 -2.9 928.8 -46.6
15:46:11.531 0.0 0.0 -3.1 928.6 -50.5
15:46:11.562 0.0 0.0 -3.4 928.4 -54.4
15:46:11.609 0.0 0.0 -3.6 918.2 -57.5
15:46:11.656 0.0 0.0 -3.8 918.0 -61.0
15:46:11.687 0.0 0.0 -3.8 918.0 -61.0
15:46:11.734 0.0 0.0 -4.1 917.7 -65.0
15:46:11.781 0.0 0.0 -4.3 917.4 -68.6
15:46:11.828 0.0 0.0 -4.5 917.1 -72.4
15:46:11.875 0.0 0.0 -4.7 916.8 -76.1
15:46:11.906 0.0 0.0 -5.0 916.5 -79.9
15:46:11.953 0.0 0.0 -5.2 916.2 -83.6
15:46:11.984 0.0 0.0 -5.4 915.8 -87.4
15:46:12.031 0.0 0.0 -5.4 905.9 -86.4
15:46:12.078 0.0 0.0 -5.7 905.5 -90.2
15:46:12.125 0.0 0.0 -5.9 905.1 -93.8
15:46:12.171 0.0 0.0 -6.2 904.7 -97.6
15:46:12.203 0.0 0.0 -6.4 904.4 -101.1
15:46:12.250 0.0 0.0 -6.6 894.0 -103.7
15:46:12.296 0.0 0.0 -6.9 893.6 -107.4
15:46:12.343 0.0 0.0 -7.1 893.1 -111.1
15:46:12.390 0.0 0.0 -7.3 902.6 -116.1
15:46:12.421 0.0 0.0 -7.6 902.1 -119.6
15:46:12.468 0.0 0.0 -7.8 901.6 -123.3
15:46:12.531 0.0 0.0 -8.0 901.1 -127.1
15:46:12.562 0.0 0.0 -8.3 900.6 -130.8
15:46:12.609 0.0 0.0 -8.3 900.6 -130.8
15:46:12.640 0.0 0.0 -8.5 900.0 -134.3
15:46:12.687 0.0 0.0 -8.7 899.5 -138.0
15:46:12.734 0.0 0.0 -9.0 898.9 -141.7
15:46:12.781 0.0 0.0 -9.2 898.3 -145.5
15:46:12.812 0.0 0.0 -9.4 897.7 -149.1
15:46:12.875 0.0 0.0 -9.7 897.1 -152.7
15:46:12.906 0.0 0.0 -9.9 896.5 -156.4
15:46:12.937 0.0 0.0 -10.1 895.8 -160.2
15:46:12.984 0.0 0.0 -10.1 895.8 -160.2
15:46:13.031 0.0 0.0 -10.4 895.1 -163.7
15:46:13.078 0.0 0.0 -10.6 894.5 -167.4
15:46:13.125 0.0 0.0 -10.8 893.8 -171.0
15:46:13.156 0.0 0.0 -11.1 892.9 -175.5
15:46:13.203 0.0 0.0 -11.4 892.1 -179.6
15:46:13.250 0.0 0.0 -11.6 891.4 -183.2
15:46:13.296 0.0 0.0 -11.6 891.4 -183.2
15:46:13.328 0.0 0.0 -11.8 880.8 -184.8
15:46:13.375 0.0 0.0 -12.2 889.6 -191.7
15:46:13.421 0.0 0.0 -12.4 879.0 -193.1
15:46:13.468 0.0 0.0 -12.6 878.2 -196.7
15:46:13.515 0.0 0.0 -12.9 877.4 -200.4
15:46:13.546 0.0 0.0 -13.1 886.2 -206.6
15:46:13.593 0.0 0.0 -13.1 886.2 -206.6
15:46:13.640 0.0 0.0 -13.3 885.5 -209.7
15:46:13.687 0.0 0.0 -13.6 884.6 -213.5
15:46:13.734 0.0 0.0 -13.8 883.8 -217.0
15:46:13.765 0.0 0.0 -14.0 882.8 -220.8
15:46:13.796 0.0 0.0 -14.3 882.0 -224.0
15:46:13.812 0.0 0.0 -14.3 882.0 -224.0
15:46:13.859 0.0 0.0 -14.5 890.7 -230.3
15:46:13.906 0.0 0.0 -14.7 880.1 -231.3
15:46:13.937 0.0 0.0 -14.7 880.1 -231.3
15:46:13.984 0.0 0.0 -15.0 879.0 -235.4
15:46:14.031 0.0 0.0 -15.3 887.4 -242.8
15:46:14.078 0.0 0.0 -15.5 886.5 -246.0
15:46:14.109 0.0 0.0 -15.7 885.5 -249.6
15:46:14.156 0.0 0.0 -16.0 884.5 -253.2
15:46:14.203 0.0 0.0 -16.2 883.4 -256.8
15:46:14.250 0.0 0.0 -16.4 882.4 -260.3
15:46:14.281 0.0 0.0 -16.7 881.3 -264.0
15:46:14.343 0.0 0.0 -16.9 880.3 -267.5
15:46:14.375 0.0 0.0 -16.9 889.8 -270.4
15:46:14.421 0.0 0.0 -17.1 879.1 -271.2
15:46:14.468 0.0 0.0 -17.4 878.0 -274.9
15:46:14.500 0.0 0.0 -17.6 886.3 -281.7
15:46:14.546 0.0 0.0 -17.8 875.7 -282.0
15:46:14.593 0.0 0.0 -18.2 874.1 -286.8
15:46:14.640 0.0 0.0 -18.2 874.1 -286.8
15:46:14.671 0.0 0.0 -18.4 873.0 -290.4
15:46:14.718 0.0 0.0 -18.6 871.8 -294.0
15:46:14.765 0.0 0.0 -18.9 880.0 -300.8
15:46:14.812 0.0 0.0 -19.1 878.8 -304.3
15:46:14.843 0.0 0.0 -19.3 877.6 -307.8
15:46:14.890 0.0 0.0 -19.6 876.3 -311.4
15:46:14.937 0.0 0.0 -19.8 875.0 -315.0
15:46:14.984 0.0 0.0 -20.0 873.7 -318.7
15:46:15.015 0.0 0.0 -20.3 872.4 -322.1
15:46:15.062 0.0 0.0 -20.3 872.4 -322.1
15:46:15.109 0.0 0.0 -20.5 871.1 -325.6
15:46:15.156 0.0 0.0 -20.7 879.1 -332.8
15:46:15.187 0.0 0.0 -21.0 877.8 -336.3
15:46:15.234 0.0 0.0 -21.2 876.4 -339.9
15:46:15.281 0.0 0.0 -21.4 875.0 -343.4
15:46:15.328 0.0 0.0 -21.7 873.6 -347.1
15:46:15.375 0.0 0.0 -21.9 872.2 -350.6
15:46:15.406 0.0 0.0 -22.2 879.8 -358.3
15:46:15.453 0.0 0.0 -22.4 869.2 -357.8
15:46:15.500 0.0 0.0 -22.4 869.2 -357.8
15:46:15.531 0.0 0.0 -22.6 867.8 -361.3
15:46:15.593 0.0 0.0 -23.1 864.6 -368.8
15:46:15.625 0.0 0.0 -23.1 864.6 -368.8
15:46:15.671 0.0 0.0 -23.3 872.5 -375.9
15:46:15.718 0.0 0.0 -23.6 861.5 -376.1
15:46:15.750 0.0 0.0 -23.8 860.3 -378.9
15:46:15.796 0.0 0.0 -23.8 860.3 -378.9
15:46:15.843 0.0 0.0 -24.1 867.5 -387.2
15:46:15.875 0.0 0.0 -24.3 865.7 -391.2
15:46:15.921 0.0 0.0 -24.5 864.1 -394.6
15:46:15.968 0.0 0.0 -24.8 853.4 -394.2
15:46:16.015 0.0 0.0 -25.0 842.8 -393.3
15:46:16.062 0.0 0.0 -25.2 850.2 -401.0
15:46:16.093 0.0 0.0 -25.5 866.5 -413.2
15:46:16.125 0.0 0.0 -25.5 866.5 -413.2
15:46:16.171 0.0 0.0 -25.7 864.8 -416.8
15:46:16.203 0.0 0.0 -26.0 872.2 -424.5
15:46:16.250 0.0 0.0 -26.2 852.4 -419.4
15:46:16.296 0.0 0.0 -26.4 850.7 -422.8
15:46:16.343 0.0 0.0 -26.7 831.2 -417.2
15:46:16.390 0.0 0.0 -26.9 829.5 -420.5
15:46:16.421 0.0 0.0 -26.9 856.2 -434.1
15:46:16.468 0.0 0.0 -27.1 854.4 -437.7
15:46:16.515 0.0 0.0 -27.4 852.6 -441.3
15:46:16.546 0.0 0.0 -27.6 868.4 -454.1
15:46:16.593 0.0 0.0 -27.8 875.4 -462.3
15:46:16.640 0.0 0.0 -28.1 873.0 -466.9
15:46:16.671 0.0 0.0 -28.1 873.0 -466.9
15:46:16.718 0.0 0.0 -28.4 871.0 -470.6
15:46:16.765 0.0 0.0 -28.6 860.4 -469.2
15:46:16.812 0.0 0.0 -28.8 867.2 -477.5
15:46:16.843 0.0 0.0 -29.1 865.2 -481.1
15:46:16.890 0.0 0.0 -29.3 854.6 -479.6
15:46:16.937 0.0 0.0 -29.5 861.3 -488.1
15:46:17.000 0.0 0.0 -29.8 850.6 -486.7
15:46:17.031 0.0 0.0 -30.0 839.9 -485.2
15:46:17.062 0.0 0.0 -30.3 846.5 -493.8
15:46:17.109 0.0 0.0 -30.3 846.5 -493.8
15:46:17.140 0.0 0.0 -30.5 844.5 -497.2
15:46:17.187 0.0 0.0 -30.7 842.6 -500.4
15:46:17.218 0.0 0.0 -31.0 831.9 -498.9
15:46:17.265 0.0 0.0 -31.2 829.9 -502.2
15:46:17.312 0.0 0.0 -31.4 827.8 -505.6
15:46:17.359 0.0 0.0 -31.6 825.8 -508.9
15:46:17.390 0.0 0.0 -31.6 825.8 -508.9
15:46:17.437 0.0 0.0 -31.9 823.5 -512.5
15:46:17.484 0.0 0.0 -32.1 821.6 -515.6
15:46:17.531 0.0 0.0 -32.3 819.5 -519.0
15:46:17.562 0.0 0.0 -32.6 817.3 -522.4
15:46:17.609 0.0 0.0 -32.8 815.2 -525.6
15:46:17.656 0.0 0.0 -33.1 813.0 -529.1
15:46:17.703 0.0 0.0 -33.3 810.8 -532.5
15:46:17.750 0.0 0.0 -33.5 808.7 -535.7
15:46:17.812 0.0 0.0 -33.8 806.5 -539.0
15:46:17.828 0.0 0.0 -33.8 806.5 -539.0
15:46:17.859 0.0 0.0 -34.0 796.0 -536.6
15:46:17.906 0.0 0.0 -34.2 793.8 -539.9
15:46:17.953 0.0 0.0 -34.5 791.6 -543.2
15:46:18.000 0.0 0.0 -34.7 797.6 -552.0
15:46:18.031 0.0 0.0 -34.9 787.2 -549.5
15:46:18.078 0.0 0.0 -35.1 785.0 -552.7
15:46:18.125 0.0 0.0 -35.4 790.7 -561.9
15:46:18.171 0.0 0.0 -35.6 772.2 -553.4
15:46:18.203 0.0 0.0 -35.6 772.2 -553.4
15:46:18.250 0.0 0.0 -35.9 769.9 -556.6
15:46:18.296 0.0 0.0 -36.1 767.6 -559.7
15:46:18.343 0.0 0.0 -36.3 773.4 -568.7
15:46:18.375 0.0 0.0 -36.6 763.0 -565.9
15:46:18.421 0.0 0.0 -36.8 760.7 -569.1
15:46:18.468 0.0 0.0 -37.0 758.4 -572.1
15:46:18.500 0.0 0.0 -37.3 756.2 -575.1
15:46:18.546 0.0 0.0 -37.5 753.7 -578.3
15:46:18.593 0.0 0.0 -37.7 751.3 -581.4
15:46:18.640 0.0 0.0 -37.7 751.3 -581.4
15:46:18.671 0.0 0.0 -38.0 749.0 -584.4
15:46:18.718 0.0 0.0 -38.2 746.6 -587.5
15:46:18.765 0.0 0.0 -38.4 744.1 -590.6
15:46:18.812 0.0 0.0 -38.7 741.7 -593.6
15:46:18.859 0.0 0.0 -38.9 739.3 -596.6
15:46:18.890 0.0 0.0 -39.1 729.2 -593.1
15:46:18.937 0.0 0.0 -39.4 726.8 -596.2
15:46:18.984 0.0 0.0 -39.4 734.5 -602.5
15:46:19.015 0.0 0.0 -39.6 762.7 -631.1
15:46:19.062 0.0 0.0 -39.8 760.3 -634.1
15:46:19.109 0.0 0.0 -40.1 864.7 -727.5
15:46:19.156 0.0 0.0 -40.3 938.1 -795.6
15:46:19.203 0.0 0.0 -40.5 798.0 -682.4
15:46:19.234 0.0 0.0 -40.8 931.0 -803.8
