Тестовая информация 0. Исходные сенсорные данные: Time, X_rob, Y_rob, Ang_rob, X_obj, Y_obj (мм, град)
15:53:07.921 0.0 0.0 22.1 1047.3 424.3
15:53:07.968 0.0 0.0 21.6 939.3 371.3
15:53:08.046 0.0 0.0 21.1 942.4 363.4
15:53:08.046 0.0 0.0 21.1 867.7 334.6
15:53:08.187 0.0 0.0 20.4 871.9 323.6
15:53:08.187 0.0 0.0 20.4 871.9 323.6
15:53:08.203 0.0 0.0 20.4 871.9 323.6
15:53:08.203 0.0 0.0 20.4 871.9 323.6
15:53:08.281 0.0 0.0 20.1 873.5 319.2
15:53:08.359 0.0 0.0 19.6 866.9 308.1
15:53:08.531 0.0 0.0 18.7 871.4 294.9
15:53:08.703 0.0 0.0 17.8 875.9 281.4
15:53:08.718 0.0 0.0 17.8 875.9 281.4
15:53:08.718 0.0 0.0 17.8 875.9 281.4
15:53:08.718 0.0 0.0 17.8 885.4 284.5
15:53:08.718 0.0 0.0 17.8 885.4 284.5
15:53:08.718 0.0 0.0 17.8 875.9 281.4
15:53:08.718 0.0 0.0 17.8 885.4 284.5
15:53:08.734 0.0 0.0 17.8 885.4 284.5
15:53:08.734 0.0 0.0 17.8 875.9 281.4
15:53:08.859 0.0 0.0 17.2 888.5 274.6
15:53:08.859 0.0 0.0 17.2 888.5 274.6
15:53:08.859 0.0 0.0 17.2 888.5 274.6
15:53:08.890 0.0 0.0 16.8 909.3 275.1
15:53:08.953 0.0 0.0 16.8 899.7 272.2
15:53:08.984 0.0 0.0 16.8 899.7 272.2
15:53:09.062 0.0 0.0 16.4 901.6 265.8
15:53:09.062 0.0 0.0 16.4 901.6 265.8
15:53:09.125 0.0 0.0 16.0 903.5 259.4
15:53:09.156 0.0 0.0 16.0 903.5 259.4
15:53:09.218 0.0 0.0 15.5 915.3 254.5
15:53:09.281 0.0 0.0 15.5 915.3 254.5
15:53:09.281 0.0 0.0 15.5 915.3 254.5
15:53:09.328 0.0 0.0 15.2 916.6 249.6
15:53:09.421 0.0 0.0 14.6 919.5 238.8
15:53:09.453 0.0 0.0 14.6 919.5 238.8
15:53:09.484 0.0 0.0 14.1 930.9 234.7
15:53:09.531 0.0 0.0 14.1 921.2 232.2
15:53:09.546 0.0 0.0 13.7 922.8 225.5
15:53:09.593 0.0 0.0 13.7 922.8 225.5
15:53:09.734 0.0 0.0 13.5 914.1 219.2
15:53:09.734 0.0 0.0 13.5 914.1 219.2
15:53:09.734 0.0 0.0 13.5 923.8 221.5
15:53:09.765 0.0 0.0 13.5 923.8 221.5
15:53:09.859 0.0 0.0 12.5 937.2 208.1
15:53:09.859 0.0 0.0 12.5 946.9 210.3
15:53:09.906 0.0 0.0 12.0 929.2 197.7
15:53:09.937 0.0 0.0 12.0 948.8 201.9
15:53:10.031 0.0 0.0 11.7 949.7 197.4
15:53:10.031 0.0 0.0 11.7 949.7 197.4
15:53:10.078 0.0 0.0 11.7 949.7 197.4
15:53:10.156 0.0 0.0 11.7 969.3 201.4
15:53:10.156 0.0 0.0 11.7 969.3 201.4
15:53:10.187 0.0 0.0 11.0 972.0 188.1
15:53:10.234 0.0 0.0 10.4 973.7 178.8
15:53:10.281 0.0 0.0 10.2 974.3 175.6
15:53:10.343 0.0 0.0 9.9 975.2 170.6
15:53:10.359 0.0 0.0 9.9 965.3 168.9
15:53:10.421 0.0 0.0 9.6 966.1 164.2
15:53:10.500 0.0 0.0 9.3 967.2 158.0
15:53:10.500 0.0 0.0 9.3 967.2 158.0
15:53:10.546 0.0 0.0 8.9 968.2 151.4
15:53:10.625 0.0 0.0 8.9 978.1 153.0
15:53:10.625 0.0 0.0 8.9 988.0 154.5
15:53:10.703 0.0 0.0 8.9 978.1 153.0
15:53:10.703 0.0 0.0 8.9 988.0 154.5
15:53:10.750 0.0 0.0 8.9 997.9 156.1
15:53:10.796 0.0 0.0 7.8 980.8 134.8
15:53:10.859 0.0 0.0 7.4 1001.6 130.0
15:53:10.890 0.0 0.0 7.2 1002.1 126.2
15:53:10.968 0.0 0.0 7.2 1002.1 126.2
15:53:10.968 0.0 0.0 7.2 1012.0 127.4
15:53:11.062 0.0 0.0 6.3 1023.7 113.3
15:53:11.062 0.0 0.0 6.3 1003.9 111.1
15:53:11.093 0.0 0.0 6.3 1023.7 113.3
15:53:11.156 0.0 0.0 6.1 1004.4 106.5
15:53:11.187 0.0 0.0 6.1 1004.4 106.5
15:53:11.250 0.0 0.0 5.6 1005.2 98.7
15:53:11.265 0.0 0.0 5.3 1015.6 94.2
15:53:11.359 0.0 0.0 5.3 1015.6 94.2
15:53:11.359 0.0 0.0 5.3 1045.5 96.9
15:53:11.406 0.0 0.0 4.9 1036.3 87.9
15:53:11.437 0.0 0.0 4.5 1036.8 81.7
15:53:11.484 0.0 0.0 4.5 1036.8 81.7
15:53:11.546 0.0 0.0 4.5 1036.8 81.7
15:53:11.562 0.0 0.0 4.5 1016.8 80.1
15:53:11.656 0.0 0.0 3.6 1018.0 63.4
15:53:11.671 0.0 0.0 3.6 978.1 61.0
15:53:11.703 0.0 0.0 3.2 968.5 54.0
15:53:11.750 0.0 0.0 3.2 968.5 54.0
15:53:11.781 0.0 0.0 2.9 978.7 49.8
15:53:11.843 0.0 0.0 2.9 958.8 48.8
15:53:11.906 0.0 0.0 2.7 959.0 44.5
15:53:11.921 0.0 0.0 2.2 899.4 33.9
15:53:11.984 0.0 0.0 2.2 889.4 33.5
15:53:12.015 0.0 0.0 2.2 899.4 33.9
15:53:12.046 0.0 0.0 1.6 909.6 25.6
15:53:12.078 0.0 0.0 1.3 889.8 20.6
15:53:12.328 0.0 0.0 1.3 889.8 20.6
15:53:12.328 0.0 0.0 1.3 909.8 21.0
15:53:12.328 0.0 0.0 1.3 899.8 20.8
15:53:12.328 0.0 0.0 1.3 899.8 20.8
15:53:12.328 0.0 0.0 1.3 869.8 20.1
15:53:12.343 0.0 0.0 1.3 869.8 20.1
15:53:12.406 0.0 0.0 -0.1 870.0 -1.1
15:53:12.437 0.0 0.0 -0.4 850.0 -5.9
15:53:12.468 0.0 0.0 -0.6 850.0 -9.2
15:53:12.671 0.0 0.0 -1.4 849.8 -20.1
15:53:12.687 0.0 0.0 -1.6 839.7 -24.0
15:53:12.687 0.0 0.0 -1.6 839.7 -24.0
15:53:12.703 0.0 0.0 -1.6 839.7 -24.0
15:53:12.703 0.0 0.0 -1.6 839.7 -24.0
15:53:12.703 0.0 0.0 -1.6 819.7 -23.5
15:53:12.765 0.0 0.0 -1.9 829.6 -27.2
15:53:12.796 0.0 0.0 -1.9 819.6 -26.9
15:53:12.843 0.0 0.0 -2.4 819.3 -33.8
15:53:12.875 0.0 0.0 -2.4 819.3 -33.8
15:53:12.937 0.0 0.0 -2.6 809.1 -37.2
15:53:12.968 0.0 0.0 -2.9 809.0 -40.7
15:53:13.015 0.0 0.0 -3.1 808.8 -44.0
15:53:13.062 0.0 0.0 -3.4 808.6 -47.4
15:53:13.093 0.0 0.0 -3.6 798.4 -49.9
15:53:13.140 0.0 0.0 -3.8 808.2 -53.8
15:53:13.187 0.0 0.0 -4.0 818.0 -57.8
15:53:13.218 0.0 0.0 -4.3 817.7 -61.1
15:53:13.265 0.0 0.0 -4.3 817.7 -61.1
15:53:13.312 0.0 0.0 -4.5 827.4 -65.4
15:53:13.359 0.0 0.0 -4.7 827.2 -68.6
15:53:13.390 0.0 0.0 -5.0 826.9 -72.1
15:53:13.437 0.0 0.0 -5.2 836.5 -76.4
15:53:13.484 0.0 0.0 -5.4 826.3 -78.7
15:53:13.531 0.0 0.0 -5.7 835.9 -83.2
15:53:13.562 0.0 0.0 -5.9 855.4 -88.6
15:53:13.625 0.0 0.0 -6.2 855.0 -92.3
15:53:13.656 0.0 0.0 -6.4 874.6 -97.8
15:53:13.703 0.0 0.0 -6.6 854.3 -99.2
15:53:13.750 0.0 0.0 -6.6 854.3 -99.2
15:53:13.796 0.0 0.0 -7.1 853.4 -106.3
15:53:13.828 0.0 0.0 -7.1 853.4 -106.3
15:53:13.875 0.0 0.0 -7.3 853.0 -109.5
15:53:13.921 0.0 0.0 -7.6 872.4 -115.7
15:53:13.953 0.0 0.0 -7.8 891.7 -122.1
15:53:14.000 0.0 0.0 -8.0 891.2 -125.6
15:53:14.046 0.0 0.0 -8.3 910.4 -132.2
15:53:14.093 0.0 0.0 -8.5 919.8 -137.2
15:53:14.125 0.0 0.0 -8.7 909.4 -139.5
15:53:14.187 0.0 0.0 -8.9 908.8 -143.1
15:53:14.218 0.0 0.0 -8.9 908.8 -143.1
15:53:14.265 0.0 0.0 -9.2 908.2 -146.9
15:53:14.312 0.0 0.0 -9.4 907.6 -150.5
15:53:14.343 0.0 0.0 -9.7 936.5 -159.6
15:53:14.406 0.0 0.0 -9.9 935.9 -163.3
15:53:14.437 0.0 0.0 -10.1 964.7 -172.2
15:53:14.468 0.0 0.0 -10.4 973.9 -178.0
15:53:14.515 0.0 0.0 -10.6 973.1 -182.1
15:53:14.562 0.0 0.0 -10.8 972.4 -185.9
15:53:14.609 0.0 0.0 -10.8 972.4 -185.9
15:53:14.656 0.0 0.0 -11.1 971.5 -190.6
15:53:14.687 0.0 0.0 -11.3 980.6 -195.8
15:53:14.734 0.0 0.0 -11.5 970.0 -197.9
15:53:14.796 0.0 0.0 -11.8 959.4 -199.7
15:53:14.828 0.0 0.0 -12.0 958.5 -204.2
15:53:14.875 0.0 0.0 -12.2 948.0 -205.5
15:53:14.906 0.0 0.0 -12.5 947.2 -209.3
15:53:14.953 0.0 0.0 -12.7 946.3 -213.2
15:53:15.000 0.0 0.0 -12.9 906.4 -208.4
15:53:15.046 0.0 0.0 -12.9 906.4 -208.4
15:53:15.078 0.0 0.0 -13.2 905.5 -211.9
15:53:15.125 0.0 0.0 -13.4 914.4 -217.9
15:53:15.171 0.0 0.0 -13.6 913.5 -221.6
15:53:15.218 0.0 0.0 -13.9 922.3 -227.7
15:53:15.250 0.0 0.0 -14.1 921.4 -231.4
15:53:15.296 0.0 0.0 -14.3 920.4 -235.4
15:53:15.343 0.0 0.0 -14.6 919.5 -239.0
15:53:15.390 0.0 0.0 -14.8 918.5 -242.8
15:53:15.421 0.0 0.0 -15.0 917.4 -246.6
15:53:15.468 0.0 0.0 -15.0 917.4 -246.6
15:53:15.515 0.0 0.0 -15.3 906.7 -247.8
15:53:15.562 0.0 0.0 -15.5 896.1 -248.7
15:53:15.593 0.0 0.0 -15.7 904.7 -255.0
15:53:15.625 0.0 0.0 -16.0 903.7 -258.6
15:53:15.671 0.0 0.0 -16.2 893.0 -259.7
15:53:15.718 0.0 0.0 -16.4 892.0 -263.2
15:53:15.765 0.0 0.0 -16.7 881.3 -263.9
15:53:15.812 0.0 0.0 -16.7 871.8 -261.0
15:53:15.843 0.0 0.0 -16.9 880.2 -267.7
15:53:15.890 0.0 0.0 -17.1 888.7 -274.1
15:53:15.937 0.0 0.0 -17.4 868.5 -271.8
15:53:15.968 0.0 0.0 -17.6 867.3 -275.4
15:53:16.015 0.0 0.0 -17.8 866.2 -278.9
15:53:16.062 0.0 0.0 -18.1 865.1 -282.4
15:53:16.109 0.0 0.0 -18.3 864.0 -285.8
15:53:16.140 0.0 0.0 -18.6 862.7 -289.5
15:53:16.203 0.0 0.0 -18.8 842.7 -286.4
15:53:16.234 0.0 0.0 -18.8 842.7 -286.4
15:53:16.281 0.0 0.0 -19.0 850.9 -293.2
15:53:16.328 0.0 0.0 -19.3 840.2 -293.4
15:53:16.359 0.0 0.0 -19.5 839.0 -297.0
15:53:16.406 0.0 0.0 -19.7 819.0 -293.4
15:53:16.453 0.0 0.0 -20.0 817.8 -296.9
15:53:16.484 0.0 0.0 -20.2 816.5 -300.3
15:53:16.531 0.0 0.0 -20.4 815.3 -303.6
15:53:16.578 0.0 0.0 -20.7 814.1 -306.9
15:53:16.609 0.0 0.0 -20.7 832.8 -314.0
15:53:16.640 0.0 0.0 -20.9 840.9 -320.8
15:53:16.687 0.0 0.0 -21.1 820.9 -317.2
15:53:16.718 0.0 0.0 -21.4 819.5 -320.5
15:53:16.765 0.0 0.0 -21.6 809.0 -320.1
15:53:16.796 0.0 0.0 -21.6 809.0 -320.1
15:53:16.843 0.0 0.0 -21.8 807.6 -323.5
15:53:16.890 0.0 0.0 -22.1 815.6 -330.4
15:53:16.937 0.0 0.0 -22.3 814.3 -333.7
15:53:16.968 0.0 0.0 -22.5 822.1 -341.0
15:53:17.015 0.0 0.0 -22.8 839.1 -352.1
15:53:17.046 0.0 0.0 -22.8 839.1 -352.1
15:53:17.093 0.0 0.0 -23.0 837.7 -355.4
15:53:17.140 0.0 0.0 -23.2 836.3 -358.7
15:53:17.187 0.0 0.0 -23.5 834.8 -362.3
15:53:17.234 0.0 0.0 -23.7 833.3 -365.7
15:53:17.265 0.0 0.0 -23.9 831.8 -369.0
15:53:17.312 0.0 0.0 -24.2 830.3 -372.5
15:53:17.359 0.0 0.0 -24.4 828.8 -375.8
15:53:17.390 0.0 0.0 -24.6 845.4 -387.5
15:53:17.453 0.0 0.0 -24.9 843.8 -391.0
15:53:17.468 0.0 0.0 -24.9 852.9 -395.2
15:53:17.500 0.0 0.0 -25.1 851.3 -398.7
15:53:17.546 0.0 0.0 -25.3 840.6 -397.9
15:53:17.593 0.0 0.0 -25.6 838.9 -401.4
15:53:17.640 0.0 0.0 -25.8 828.3 -400.5
15:53:17.671 0.0 0.0 -25.8 828.3 -400.5
15:53:17.718 0.0 0.0 -26.0 862.6 -421.4
15:53:17.765 0.0 0.0 -26.3 834.0 -411.6
15:53:17.796 0.0 0.0 -26.5 832.3 -414.8
15:53:17.843 0.0 0.0 -26.7 848.5 -427.3
15:53:17.890 0.0 0.0 -27.0 882.3 -449.0
15:53:17.921 0.0 0.0 -27.2 880.5 -452.6
15:53:17.968 0.0 0.0 -27.4 878.6 -456.3
15:53:18.015 0.0 0.0 -27.7 867.9 -455.2
15:53:18.062 0.0 0.0 -27.7 867.9 -455.2
15:53:18.109 0.0 0.0 -27.9 918.8 -487.2
15:53:18.140 0.0 0.0 -28.1 908.2 -485.8
15:53:18.187 0.0 0.0 -28.4 906.2 -489.5
15:53:18.234 0.0 0.0 -28.6 983.3 -536.2
15:53:18.265 0.0 0.0 -28.9 997.8 -551.3
15:53:18.296 0.0 0.0 -28.9 901.5 -498.1
15:53:18.343 0.0 0.0 -29.2 978.1 -545.6
15:53:18.390 0.0 0.0 -29.4 941.0 -530.0
15:53:18.421 0.0 0.0 -29.6 895.4 -509.1
15:53:18.468 0.0 0.0 -29.8 893.4 -512.6
15:53:18.515 0.0 0.0 -30.1 908.5 -526.5
15:53:18.562 0.0 0.0 -30.3 906.4 -530.1
15:53:18.593 0.0 0.0 -30.3 932.3 -545.2
15:53:18.656 0.0 0.0 -30.5 955.9 -564.2
15:53:18.687 0.0 0.0 -30.8 953.6 -568.0
15:53:18.734 0.0 0.0 -31.1 1036.1 -625.0
