Тестовая информация 0. Исходные сенсорные данные: Time, X_rob, Y_rob, Ang_rob, X_obj, Y_obj (мм, град)
16:09:21.656 0.0 0.0 39.7 795.0 659.6
16:09:21.703 0.0 0.0 39.4 797.7 656.3
16:09:21.750 0.0 0.0 39.2 719.7 587.4
16:09:21.796 0.0 0.0 39.0 712.9 576.8
16:09:21.843 0.0 0.0 38.7 715.3 573.8
16:09:21.890 0.0 0.0 38.5 714.4 568.5
16:09:21.937 0.0 0.0 38.3 716.7 565.6
16:09:21.984 0.0 0.0 38.0 719.1 562.6
16:09:22.031 0.0 0.0 37.8 717.4 556.6
16:09:22.078 0.0 0.0 37.6 718.8 553.1
16:09:22.125 0.0 0.0 37.3 721.1 550.2
16:09:22.171 0.0 0.0 37.1 719.4 544.1
16:09:22.218 0.0 0.0 36.9 714.4 535.8
16:09:22.265 0.0 0.0 36.6 716.6 532.8
16:09:22.312 0.0 0.0 36.4 716.3 528.2
16:09:22.359 0.0 0.0 36.2 718.6 525.1
16:09:22.406 0.0 0.0 35.9 722.2 523.5
16:09:22.453 0.0 0.0 35.7 729.4 523.9
16:09:22.500 0.0 0.0 35.5 728.2 518.6
16:09:22.546 0.0 0.0 35.2 730.2 515.7
16:09:22.593 0.0 0.0 35.0 727.5 509.2
16:09:22.640 0.0 0.0 34.8 729.5 506.3
16:09:22.687 0.0 0.0 34.5 732.5 503.8
16:09:22.734 0.0 0.0 34.3 738.7 503.6
16:09:22.781 0.0 0.0 34.1 735.7 497.2
16:09:22.828 0.0 0.0 33.8 737.7 494.3
16:09:22.875 0.0 0.0 33.6 742.3 492.8
16:09:22.921 0.0 0.0 33.4 744.2 489.9
16:09:22.968 0.0 0.0 33.1 747.1 487.3
16:09:23.015 0.0 0.0 32.9 750.8 485.4
16:09:23.062 0.0 0.0 32.6 750.2 480.7
16:09:23.109 0.0 0.0 32.4 752.1 477.7
16:09:23.156 0.0 0.0 32.2 749.1 471.3
16:09:23.203 0.0 0.0 31.9 748.4 466.7
16:09:23.250 0.0 0.0 31.7 752.8 465.2
16:09:23.296 0.0 0.0 31.5 752.2 460.5
16:09:23.343 0.0 0.0 31.2 744.7 451.8
16:09:23.390 0.0 0.0 31.0 750.8 451.3
16:09:23.437 0.0 0.0 30.8 756.1 450.3
16:09:23.484 0.0 0.0 30.5 757.9 447.2
16:09:23.531 0.0 0.0 30.3 759.7 444.1
16:09:23.578 0.0 0.0 30.1 761.5 441.0
16:09:23.625 0.0 0.0 30.1 756.3 438.0
16:09:23.671 0.0 0.0 29.8 763.4 437.8
16:09:23.718 0.0 0.0 29.6 765.2 434.6
16:09:23.765 0.0 0.0 29.4 766.9 431.5
16:09:23.812 0.0 0.0 29.1 770.4 429.5
16:09:23.859 0.0 0.0 28.9 772.1 426.3
16:09:23.906 0.0 0.0 28.7 773.9 423.1
16:09:24.015 0.0 0.0 28.0 779.1 413.5
16:09:24.109 0.0 0.0 27.7 786.0 413.1
16:09:24.203 0.0 0.0 27.0 781.2 398.6
16:09:24.296 0.0 0.0 26.6 789.9 394.7
16:09:24.390 0.0 0.0 26.3 795.0 393.3
16:09:24.484 0.0 0.0 25.9 796.4 385.9
16:09:24.578 0.0 0.0 25.4 801.4 380.2
16:09:24.671 0.0 0.0 24.9 807.2 374.9
16:09:24.765 0.0 0.0 24.5 805.6 366.3
16:09:24.859 0.0 0.0 24.0 813.2 361.7
16:09:24.953 0.0 0.0 23.5 811.6 353.0
16:09:25.046 0.0 0.0 23.0 814.4 346.3
16:09:25.093 0.0 0.0 22.8 826.9 347.7
16:09:25.140 0.0 0.0 22.6 831.1 345.5
16:09:25.234 0.0 0.0 22.1 826.4 335.8
16:09:25.328 0.0 0.0 21.6 829.1 329.0
16:09:25.421 0.0 0.0 21.2 825.3 319.6
16:09:25.515 0.0 0.0 20.7 826.9 312.6
16:09:25.609 0.0 0.0 20.2 829.5 305.6
16:09:25.703 0.0 0.0 19.8 832.9 299.3
16:09:25.796 0.0 0.0 19.3 835.3 292.4
16:09:25.906 0.0 0.0 18.8 841.5 286.8
16:09:25.984 0.0 0.0 18.4 845.6 280.7
16:09:26.078 0.0 0.0 17.9 845.0 272.8
16:09:26.171 0.0 0.0 17.7 849.1 270.2
16:09:26.265 0.0 0.0 17.2 856.0 264.6
16:09:26.359 0.0 0.0 16.7 857.2 257.5
16:09:26.453 0.0 0.0 16.3 860.2 250.8
16:09:26.546 0.0 0.0 15.8 861.3 243.3
16:09:26.593 0.0 0.0 15.5 853.6 237.4
16:09:26.640 0.0 0.0 15.3 863.2 236.4
16:09:26.734 0.0 0.0 14.8 874.8 231.9
16:09:26.828 0.0 0.0 14.4 860.2 220.4
16:09:26.875 0.0 0.0 14.1 864.0 217.5
16:09:26.921 0.0 0.0 13.9 878.5 217.6
16:09:27.015 0.0 0.0 13.4 880.2 210.3
16:09:27.109 0.0 0.0 13.0 883.9 203.5
16:09:27.156 0.0 0.0 12.7 889.6 201.0
16:09:27.203 0.0 0.0 12.5 890.4 197.4
16:09:27.296 0.0 0.0 12.0 892.9 190.4
16:09:27.390 0.0 0.0 11.6 902.3 184.6
16:09:27.484 0.0 0.0 11.1 903.8 176.9
16:09:27.578 0.0 0.0 10.6 905.2 169.8
16:09:27.671 0.0 0.0 10.2 910.5 163.2
16:09:27.765 0.0 0.0 9.7 911.8 155.7
16:09:27.859 0.0 0.0 9.2 913.1 148.1
16:09:27.906 0.0 0.0 9.0 916.6 144.9
16:09:27.953 0.0 0.0 8.7 917.2 141.1
16:09:28.046 0.0 0.0 8.3 922.3 134.2
16:09:28.140 0.0 0.0 7.8 920.4 126.3
16:09:28.187 0.0 0.0 7.8 920.4 126.3
16:09:28.234 0.0 0.0 7.4 926.3 119.5
16:09:28.328 0.0 0.0 6.9 922.3 111.3
16:09:28.375 0.0 0.0 6.9 921.3 111.2
16:09:28.421 0.0 0.0 6.6 922.8 107.4
16:09:28.515 0.0 0.0 6.2 927.6 100.3
16:09:28.609 0.0 0.0 5.7 923.4 92.2
16:09:28.703 0.0 0.0 5.2 929.1 85.1
16:09:28.796 0.0 0.0 4.8 932.8 77.7
16:09:28.843 0.0 0.0 4.5 933.1 74.0
16:09:28.890 0.0 0.0 4.3 937.4 70.4
16:09:28.984 0.0 0.0 3.8 949.9 63.5
16:09:29.078 0.0 0.0 3.4 950.4 55.7
16:09:29.171 0.0 0.0 2.9 951.8 48.2
16:09:29.265 0.0 0.0 2.4 957.1 40.5
16:09:29.359 0.0 0.0 2.0 951.4 32.5
16:09:29.453 0.0 0.0 1.5 957.7 25.0
16:09:29.546 0.0 0.0 1.0 997.8 17.9
16:09:29.593 0.0 0.0 0.8 997.9 13.6
16:09:29.640 0.0 0.0 0.5 998.0 9.6
16:09:29.734 0.0 0.0 0.1 993.0 1.3
16:09:29.828 0.0 0.0 -0.4 992.0 -6.6
16:09:29.921 0.0 0.0 -0.8 991.9 -14.7
16:09:30.015 0.0 0.0 -1.3 990.7 -23.0
16:09:30.062 0.0 0.0 -1.6 990.6 -26.9
16:09:30.109 0.0 0.0 -1.8 990.5 -31.1
16:09:30.203 0.0 0.0 -2.3 970.2 -38.4
16:09:30.296 0.0 0.0 -2.7 960.9 -45.9
16:09:30.390 0.0 0.0 -3.0 960.7 -49.8
16:09:30.484 0.0 0.0 -3.4 954.3 -57.2
16:09:30.578 0.0 0.0 -3.9 953.8 -65.1
16:09:30.671 0.0 0.0 -4.4 953.2 -72.9
16:09:30.765 0.0 0.0 -4.8 953.6 -80.6
16:09:30.859 0.0 0.0 -5.3 939.9 -87.4
16:09:30.953 0.0 0.0 -5.8 939.2 -95.1
16:09:31.046 0.0 0.0 -6.2 941.4 -103.0
16:09:31.140 0.0 0.0 -6.7 935.6 -110.0
16:09:31.234 0.0 0.0 -7.2 934.6 -117.7
16:09:31.328 0.0 0.0 -7.6 938.6 -126.0
16:09:31.421 0.0 0.0 -8.1 930.6 -132.8
16:09:31.468 0.0 0.0 -8.3 930.0 -136.5
16:09:31.515 0.0 0.0 -8.6 936.4 -141.5
16:09:31.609 0.0 0.0 -9.1 927.3 -147.8
16:09:31.703 0.0 0.0 -9.5 926.0 -155.5
16:09:31.796 0.0 0.0 -10.0 921.8 -162.5
16:09:31.890 0.0 0.0 -10.5 916.5 -169.3
16:09:32.000 0.0 0.0 -10.9 915.1 -176.6
16:09:32.078 0.0 0.0 -11.4 905.8 -182.6
16:09:32.171 0.0 0.0 -11.9 890.6 -187.1
16:09:32.265 0.0 0.0 -12.3 889.0 -194.3
16:09:32.359 0.0 0.0 -12.6 901.8 -201.1
16:09:32.406 0.0 0.0 -12.8 879.6 -199.9
16:09:32.453 0.0 0.0 -13.0 878.7 -203.5
16:09:32.546 0.0 0.0 -13.5 866.3 -208.2
16:09:32.656 0.0 0.0 -14.2 863.7 -218.7
16:09:32.703 0.0 0.0 -14.4 864.8 -222.7
16:09:32.750 0.0 0.0 -14.7 861.9 -225.9
16:09:32.812 0.0 0.0 -14.9 861.0 -229.2
16:09:32.843 0.0 0.0 -15.1 863.9 -233.8
16:09:32.890 0.0 0.0 -15.4 880.3 -242.3
16:09:32.937 0.0 0.0 -15.4 866.8 -238.6
16:09:32.984 0.0 0.0 -15.6 865.8 -242.0
16:09:33.031 0.0 0.0 -16.1 855.2 -246.5
16:09:33.078 0.0 0.0 -16.1 855.2 -246.5
16:09:33.125 0.0 0.0 -16.3 858.0 -251.2
16:09:33.171 0.0 0.0 -16.5 853.1 -253.5
16:09:33.218 0.0 0.0 -16.8 844.4 -254.8
16:09:33.265 0.0 0.0 -17.0 847.1 -259.6
16:09:33.312 0.0 0.0 -17.3 849.9 -264.0
16:09:33.359 0.0 0.0 -17.5 843.1 -265.7
16:09:33.406 0.0 0.0 -17.7 842.1 -269.0
16:09:33.453 0.0 0.0 -18.0 830.4 -269.3
16:09:33.500 0.0 0.0 -18.2 829.4 -272.6
16:09:33.546 0.0 0.0 -18.4 836.8 -278.8
16:09:33.593 0.0 0.0 -18.7 836.6 -282.5
16:09:33.640 0.0 0.0 -18.9 835.4 -286.0
16:09:33.687 0.0 0.0 -19.1 834.2 -289.4
16:09:33.734 0.0 0.0 -19.4 831.2 -292.1
16:09:33.781 0.0 0.0 -19.6 830.0 -295.5
16:09:33.828 0.0 0.0 -19.8 840.9 -303.5
16:09:33.875 0.0 0.0 -20.1 847.2 -309.6
16:09:33.921 0.0 0.0 -20.3 830.0 -307.1
16:09:33.968 0.0 0.0 -20.5 828.7 -310.5
16:09:34.015 0.0 0.0 -20.8 821.0 -311.3
16:09:34.062 0.0 0.0 -21.0 816.8 -313.7
16:09:34.109 0.0 0.0 -21.2 818.4 -318.0
16:09:34.156 0.0 0.0 -21.5 817.9 -321.9
16:09:34.203 0.0 0.0 -21.7 812.9 -323.7
16:09:34.250 0.0 0.0 -21.9 813.5 -327.7
16:09:34.296 0.0 0.0 -22.2 813.1 -331.3
16:09:34.343 0.0 0.0 -22.4 811.7 -334.8
16:09:34.390 0.0 0.0 -22.7 813.1 -339.3
16:09:34.437 0.0 0.0 -22.9 808.9 -341.4
16:09:34.484 0.0 0.0 -23.1 800.2 -341.6
16:09:34.531 0.0 0.0 -23.3 801.5 -345.9
16:09:34.578 0.0 0.0 -23.6 804.7 -351.2
16:09:34.625 0.0 0.0 -23.8 803.2 -354.6
16:09:34.671 0.0 0.0 -24.0 801.8 -357.8
16:09:34.718 0.0 0.0 -24.3 799.4 -360.8
16:09:34.765 0.0 0.0 -24.5 795.1 -362.8
16:09:34.812 0.0 0.0 -24.8 793.7 -366.0
16:09:34.859 0.0 0.0 -25.0 792.2 -369.2
16:09:34.906 0.0 0.0 -25.2 788.9 -371.6
16:09:34.953 0.0 0.0 -25.5 787.4 -374.8
16:09:35.000 0.0 0.0 -25.5 777.4 -370.0
16:09:35.046 0.0 0.0 -25.9 774.4 -376.4
16:09:35.093 0.0 0.0 -26.2 777.3 -381.8
16:09:35.140 0.0 0.0 -26.2 788.1 -387.0
16:09:35.187 0.0 0.0 -26.4 780.2 -387.1
16:09:35.234 0.0 0.0 -26.9 777.0 -393.5
16:09:35.281 0.0 0.0 -26.9 783.3 -396.7
16:09:35.328 0.0 0.0 -27.1 781.7 -399.8
16:09:35.375 0.0 0.0 -27.3 796.0 -411.4
16:09:35.421 0.0 0.0 -27.6 789.9 -412.3
16:09:35.468 0.0 0.0 -27.8 785.4 -414.3
16:09:35.515 0.0 0.0 -28.0 786.5 -418.7
16:09:35.562 0.0 0.0 -28.3 786.5 -422.9
16:09:35.609 0.0 0.0 -28.5 784.7 -426.2
16:09:35.656 0.0 0.0 -28.7 790.0 -433.2
16:09:35.703 0.0 0.0 -29.0 789.1 -436.9
16:09:35.750 0.0 0.0 -29.2 779.5 -435.8
16:09:35.796 0.0 0.0 -29.4 777.7 -438.9
16:09:35.843 0.0 0.0 -29.7 776.8 -442.5
16:09:35.890 0.0 0.0 -29.9 768.0 -441.8
16:09:35.937 0.0 0.0 -30.1 766.2 -444.8
16:09:35.984 0.0 0.0 -30.4 766.1 -449.1
16:09:36.031 0.0 0.0 -30.6 762.5 -451.1
16:09:36.078 0.0 0.0 -30.8 762.4 -455.3
16:09:36.125 0.0 0.0 -31.1 761.4 -458.9
16:09:36.171 0.0 0.0 -31.3 756.9 -460.5
16:09:36.218 0.0 0.0 -31.6 755.0 -463.6
16:09:36.265 0.0 0.0 -31.8 743.0 -460.3
16:09:36.312 0.0 0.0 -32.0 741.1 -463.3
16:09:36.359 0.0 0.0 -32.3 740.0 -467.0
16:09:36.406 0.0 0.0 -32.5 737.3 -469.4
16:09:36.453 0.0 0.0 -32.7 729.4 -468.7
16:09:36.500 0.0 0.0 -33.0 727.5 -471.6
16:09:36.546 0.0 0.0 -33.2 731.4 -478.5
16:09:36.593 0.0 0.0 -33.4 729.4 -481.5
16:09:36.640 0.0 0.0 -33.7 733.3 -488.3
16:09:36.687 0.0 0.0 -33.9 738.0 -495.7
16:09:36.734 0.0 0.0 -34.1 730.9 -495.4
16:09:36.781 0.0 0.0 -34.4 733.9 -501.7
16:09:36.828 0.0 0.0 -34.6 745.0 -513.8
16:09:36.875 0.0 0.0 -34.8 742.9 -516.8
16:09:36.921 0.0 0.0 -35.1 740.7 -520.0
16:09:36.968 0.0 0.0 -35.3 741.0 -524.8
16:09:37.015 0.0 0.0 -35.5 738.9 -527.8
16:09:37.062 0.0 0.0 -35.8 848.7 -611.4
