Тестовая информация 0. Исходные сенсорные данные: Time, X_rob, Y_rob, Ang_rob, X_obj, Y_obj (мм, град)
16:14:15.640 0.0 0.0 23.3 1073.0 461.5
16:14:15.703 0.0 0.0 23.0 1062.9 451.9
16:14:15.750 0.0 0.0 22.8 1076.7 452.6
16:14:15.843 0.0 0.0 22.3 1068.4 438.9
16:14:15.890 0.0 0.0 22.1 1070.1 434.5
16:14:15.937 0.0 0.0 21.9 1011.7 405.8
16:14:15.984 0.0 0.0 21.6 960.2 380.8
16:14:16.031 0.0 0.0 21.4 961.8 376.7
16:14:16.078 0.0 0.0 21.2 977.3 378.3
16:14:16.125 0.0 0.0 20.9 962.1 367.7
16:14:16.171 0.0 0.0 20.7 963.5 364.0
16:14:16.218 0.0 0.0 20.5 954.8 356.0
16:14:16.265 0.0 0.0 20.2 942.1 347.0
16:14:16.312 0.0 0.0 20.0 943.5 343.3
16:14:16.359 0.0 0.0 19.8 959.0 344.5
16:14:16.406 0.0 0.0 19.5 960.4 340.6
16:14:16.453 0.0 0.0 19.3 961.9 336.5
16:14:16.500 0.0 0.0 19.1 925.4 319.6
16:14:16.546 0.0 0.0 18.8 920.0 313.6
16:14:16.593 0.0 0.0 18.6 922.3 310.1
16:14:16.640 0.0 0.0 18.4 922.5 306.1
16:14:16.687 0.0 0.0 18.1 919.1 300.6
16:14:16.734 0.0 0.0 18.1 921.9 301.5
16:14:16.781 0.0 0.0 17.6 921.5 293.1
16:14:16.828 0.0 0.0 17.6 899.6 286.1
16:14:16.875 0.0 0.0 17.4 900.7 282.5
16:14:16.921 0.0 0.0 17.2 904.7 279.8
16:14:16.968 0.0 0.0 16.9 905.9 275.9
16:14:17.015 0.0 0.0 16.7 907.0 272.3
16:14:17.062 0.0 0.0 16.5 878.4 259.9
16:14:17.109 0.0 0.0 16.2 863.1 251.4
16:14:17.156 0.0 0.0 16.0 868.9 249.3
16:14:17.203 0.0 0.0 15.8 881.5 248.9
16:14:17.250 0.0 0.0 15.5 866.1 240.9
16:14:17.296 0.0 0.0 15.3 867.1 237.2
16:14:17.343 0.0 0.0 15.1 865.2 232.9
16:14:17.390 0.0 0.0 14.8 861.3 228.1
16:14:17.437 0.0 0.0 14.6 862.2 224.5
16:14:17.484 0.0 0.0 14.4 852.5 218.3
16:14:17.531 0.0 0.0 14.1 853.3 214.9
16:14:17.578 0.0 0.0 13.9 854.2 211.4
16:14:17.625 0.0 0.0 13.7 836.6 203.5
16:14:17.671 0.0 0.0 13.4 836.5 199.6
16:14:17.718 0.0 0.0 13.2 837.3 196.2
16:14:17.765 0.0 0.0 13.0 829.3 190.8
16:14:17.812 0.0 0.0 12.7 830.1 187.5
16:14:17.859 0.0 0.0 12.5 830.8 184.1
16:14:17.906 0.0 0.0 12.3 821.8 178.6
16:14:17.953 0.0 0.0 12.0 820.6 174.9
16:14:18.000 0.0 0.0 11.8 821.3 171.3
16:14:18.046 0.0 0.0 11.6 815.2 166.6
16:14:18.093 0.0 0.0 11.3 815.8 163.2
16:14:18.140 0.0 0.0 11.1 816.5 160.0
16:14:18.187 0.0 0.0 10.8 817.1 156.6
16:14:18.234 0.0 0.0 10.6 807.9 151.5
16:14:18.281 0.0 0.0 10.4 808.5 148.2
16:14:18.328 0.0 0.0 10.1 809.2 144.7
16:14:18.375 0.0 0.0 9.9 808.7 141.3
16:14:18.421 0.0 0.0 9.7 809.3 138.1
16:14:18.468 0.0 0.0 9.4 804.0 133.7
16:14:18.515 0.0 0.0 9.2 799.5 129.7
16:14:18.562 0.0 0.0 9.0 800.1 126.3
16:14:18.609 0.0 0.0 8.7 793.7 122.0
16:14:18.656 0.0 0.0 8.5 793.2 118.6
16:14:18.703 0.0 0.0 8.3 794.6 115.5
16:14:18.750 0.0 0.0 8.0 797.1 112.6
16:14:18.796 0.0 0.0 8.0 794.1 112.2
16:14:18.843 0.0 0.0 7.6 795.0 105.6
16:14:18.890 0.0 0.0 7.6 781.1 103.8
16:14:18.937 0.0 0.0 7.3 780.5 100.6
16:14:19.015 0.0 0.0 6.9 781.4 94.0
16:14:19.109 0.0 0.0 6.3 777.2 86.2
16:14:19.203 0.0 0.0 5.9 774.9 79.4
16:14:19.296 0.0 0.0 5.6 775.3 76.3
16:14:19.390 0.0 0.0 5.2 769.9 69.4
16:14:19.484 0.0 0.0 4.7 758.5 62.1
16:14:19.578 0.0 0.0 4.2 758.9 55.9
16:14:19.671 0.0 0.0 3.8 756.4 49.6
16:14:19.765 0.0 0.0 3.3 744.8 42.7
16:14:19.859 0.0 0.0 2.8 745.1 36.4
16:14:19.953 0.0 0.0 2.3 733.4 30.0
16:14:20.046 0.0 0.0 1.9 733.6 24.0
16:14:20.140 0.0 0.0 1.4 739.8 18.1
16:14:20.234 0.0 0.0 0.9 740.9 12.0
16:14:20.328 0.0 0.0 0.5 741.0 6.0
16:14:20.375 0.0 0.0 0.2 755.0 3.0
16:14:20.421 0.0 0.0 0.0 757.0 -0.1
16:14:20.515 0.0 0.0 -0.5 757.0 -6.2
16:14:20.609 0.0 0.0 -0.9 756.9 -12.4
16:14:20.703 0.0 0.0 -1.4 758.8 -18.7
16:14:20.796 0.0 0.0 -1.9 758.6 -24.9
16:14:20.890 0.0 0.0 -2.4 758.4 -31.2
16:14:20.984 0.0 0.0 -2.8 766.1 -37.6
16:14:21.078 0.0 0.0 -3.3 765.7 -44.0
16:14:21.171 0.0 0.0 -3.8 769.3 -50.4
16:14:21.265 0.0 0.0 -4.2 771.9 -56.9
16:14:21.312 0.0 0.0 -4.5 771.7 -60.1
16:14:21.359 0.0 0.0 -4.5 781.6 -60.9
16:14:21.453 0.0 0.0 -5.2 780.8 -70.4
16:14:21.546 0.0 0.0 -5.4 780.5 -73.7
16:14:21.593 0.0 0.0 -5.6 785.2 -77.2
16:14:21.640 0.0 0.0 -5.9 781.9 -80.3
16:14:21.734 0.0 0.0 -6.3 781.2 -86.7
16:14:21.828 0.0 0.0 -6.8 780.5 -93.0
16:14:21.921 0.0 0.0 -7.3 783.7 -99.8
16:14:22.015 0.0 0.0 -7.7 782.8 -106.4
16:14:22.062 0.0 0.0 -8.0 786.3 -110.2
16:14:22.109 0.0 0.0 -8.2 788.8 -113.8
16:14:22.203 0.0 0.0 -8.7 786.9 -120.0
16:14:22.250 0.0 0.0 -8.9 787.4 -123.4
16:14:22.296 0.0 0.0 -9.1 794.8 -127.8
16:14:22.390 0.0 0.0 -9.6 792.7 -134.3
16:14:22.484 0.0 0.0 -10.1 792.6 -140.8
16:14:22.578 0.0 0.0 -10.5 797.3 -148.4
16:14:22.671 0.0 0.0 -11.0 796.0 -155.0
16:14:22.765 0.0 0.0 -11.5 796.7 -161.8
16:14:22.859 0.0 0.0 -12.0 800.3 -169.4
16:14:22.953 0.0 0.0 -12.4 798.8 -176.0
16:14:23.046 0.0 0.0 -12.9 800.3 -183.2
16:14:23.140 0.0 0.0 -13.4 807.6 -191.7
16:14:23.234 0.0 0.0 -13.8 806.0 -198.3
16:14:23.328 0.0 0.0 -14.3 807.2 -205.8
16:14:23.421 0.0 0.0 -14.5 809.3 -209.7
16:14:23.515 0.0 0.0 -15.2 806.6 -219.7
16:14:23.609 0.0 0.0 -15.7 824.1 -231.7
16:14:23.703 0.0 0.0 -15.9 826.9 -236.2
16:14:23.796 0.0 0.0 -16.4 824.0 -242.5
16:14:23.890 0.0 0.0 -16.9 822.0 -249.3
16:14:23.984 0.0 0.0 -17.3 820.0 -256.0
16:14:24.078 0.0 0.0 -17.8 817.9 -262.6
16:14:24.171 0.0 0.0 -18.3 833.7 -275.2
16:14:24.265 0.0 0.0 -18.7 833.3 -282.9
16:14:24.359 0.0 0.0 -19.2 820.6 -286.0
16:14:24.453 0.0 0.0 -19.7 828.6 -296.4
16:14:24.546 0.0 0.0 -20.2 838.3 -307.8
16:14:24.640 0.0 0.0 -20.6 835.8 -314.4
16:14:24.734 0.0 0.0 -21.1 841.6 -324.5
16:14:24.828 0.0 0.0 -21.6 844.5 -333.7
16:14:24.921 0.0 0.0 -22.0 833.3 -337.3
16:14:25.015 0.0 0.0 -22.5 838.9 -347.3
16:14:25.109 0.0 0.0 -23.0 850.8 -360.4
16:14:25.203 0.0 0.0 -23.4 847.8 -367.5
16:14:25.296 0.0 0.0 -23.9 865.8 -383.6
16:14:25.343 0.0 0.0 -24.1 860.5 -385.7
16:14:25.390 0.0 0.0 -24.4 859.0 -389.0
16:14:25.484 0.0 0.0 -24.6 862.8 -395.2
16:14:25.578 0.0 0.0 -25.1 869.5 -406.9
16:14:25.671 0.0 0.0 -25.5 860.8 -411.3
16:14:25.765 0.0 0.0 -26.0 862.8 -421.0
16:14:25.859 0.0 0.0 -26.5 875.4 -436.1
16:14:25.953 0.0 0.0 -26.9 861.1 -437.7
16:14:26.046 0.0 0.0 -27.4 868.2 -450.3
16:14:26.140 0.0 0.0 -27.9 868.0 -459.3
16:14:26.234 0.0 0.0 -28.4 864.1 -466.5
16:14:26.328 0.0 0.0 -28.8 876.1 -482.2
16:14:26.421 0.0 0.0 -29.3 891.4 -499.9
16:14:26.515 0.0 0.0 -29.8 887.2 -507.3
16:14:26.609 0.0 0.0 -30.2 888.3 -517.5
16:14:26.703 0.0 0.0 -30.7 988.0 -586.6
16:14:26.796 0.0 0.0 -31.2 983.1 -594.7
