Тестовая информация 0. Исходные сенсорные данные: Time, X_rob, Y_rob, Ang_rob, X_obj, Y_obj (мм, град)
16:16:49.796 0.0 0.0 34.6 839.6 579.1
16:16:49.890 0.0 0.0 34.1 822.9 557.5
16:16:49.984 0.0 0.0 33.6 829.1 551.9
16:16:50.078 0.0 0.0 33.2 835.3 546.2
16:16:50.171 0.0 0.0 32.7 836.3 537.3
16:16:50.265 0.0 0.0 32.2 840.7 530.4
16:16:50.359 0.0 0.0 31.8 845.0 523.4
16:16:50.453 0.0 0.0 31.3 846.6 515.1
16:16:50.546 0.0 0.0 30.8 853.5 509.5
16:16:50.640 0.0 0.0 30.4 858.5 503.1
16:16:50.734 0.0 0.0 29.9 862.4 496.2
16:16:50.828 0.0 0.0 29.4 866.6 489.0
16:16:50.921 0.0 0.0 29.0 870.5 481.9
16:16:50.968 0.0 0.0 28.7 863.6 473.6
16:16:51.015 0.0 0.0 28.5 871.8 473.3
16:16:51.109 0.0 0.0 28.0 872.1 464.4
16:16:51.203 0.0 0.0 27.6 875.9 457.2
16:16:51.250 0.0 0.0 27.3 877.7 453.7
16:16:51.296 0.0 0.0 27.1 883.2 451.8
16:16:51.390 0.0 0.0 26.6 886.8 444.5
16:16:51.437 0.0 0.0 26.4 888.6 440.9
16:16:51.484 0.0 0.0 26.2 894.9 439.5
16:16:51.578 0.0 0.0 25.7 893.9 430.1
16:16:51.671 0.0 0.0 25.2 897.5 422.7
16:16:51.765 0.0 0.0 24.8 905.4 417.4
16:16:51.859 0.0 0.0 24.5 900.7 410.9
16:16:51.953 0.0 0.0 24.0 904.1 403.4
16:16:52.046 0.0 0.0 23.6 913.7 398.9
16:16:52.140 0.0 0.0 23.1 906.9 387.0
16:16:52.234 0.0 0.0 22.6 910.0 379.7
16:16:52.328 0.0 0.0 22.2 923.3 376.3
16:16:52.421 0.0 0.0 21.7 914.2 364.0
16:16:52.515 0.0 0.0 21.2 929.3 361.1
16:16:52.609 0.0 0.0 20.8 936.0 354.9
16:16:52.703 0.0 0.0 20.3 927.6 343.0
16:16:52.796 0.0 0.0 19.8 941.7 339.5
16:16:52.843 0.0 0.0 19.6 947.7 337.5
16:16:52.890 0.0 0.0 19.4 949.1 333.4
16:16:52.937 0.0 0.0 19.1 951.4 330.0
16:16:52.984 0.0 0.0 18.9 951.8 325.8
16:16:53.078 0.0 0.0 18.4 947.8 315.8
16:16:53.171 0.0 0.0 18.0 952.3 308.5
16:16:53.265 0.0 0.0 17.5 952.8 300.2
16:16:53.359 0.0 0.0 17.0 955.2 292.4
16:16:53.453 0.0 0.0 16.6 978.7 290.9
16:16:53.500 0.0 0.0 16.3 985.6 288.6
16:16:53.546 0.0 0.0 16.1 976.3 281.3
16:16:53.640 0.0 0.0 15.6 978.5 273.4
16:16:53.734 0.0 0.0 15.1 981.7 265.7
16:16:53.828 0.0 0.0 14.7 977.1 255.8
16:16:53.921 0.0 0.0 14.2 983.0 249.0
16:16:54.015 0.0 0.0 14.0 983.0 244.6
16:16:54.109 0.0 0.0 13.5 982.1 235.9
16:16:54.203 0.0 0.0 13.0 984.0 227.9
16:16:54.296 0.0 0.0 12.6 981.9 218.8
16:16:54.390 0.0 0.0 12.1 947.5 203.2
16:16:54.484 0.0 0.0 11.6 949.1 195.3
16:16:54.578 0.0 0.0 11.2 800.6 157.9
16:16:54.671 0.0 0.0 10.7 783.2 147.8
16:16:54.765 0.0 0.0 10.2 797.1 143.8
16:16:54.859 0.0 0.0 9.8 803.2 138.1
16:16:54.953 0.0 0.0 9.3 789.5 129.0
16:16:55.046 0.0 0.0 8.8 797.5 123.7
16:16:55.140 0.0 0.0 8.3 806.4 118.3
16:16:55.234 0.0 0.0 7.9 792.4 109.7
16:16:55.328 0.0 0.0 7.4 797.3 103.8
16:16:55.421 0.0 0.0 6.9 794.1 96.8
16:16:55.468 0.0 0.0 6.7 790.6 92.9
16:16:55.515 0.0 0.0 6.5 790.9 89.8
16:16:55.609 0.0 0.0 6.0 785.7 82.6
16:16:55.703 0.0 0.0 5.5 786.3 76.4
16:16:55.796 0.0 0.0 5.1 786.9 69.9
16:16:55.890 0.0 0.0 4.6 783.5 63.0
16:16:55.937 0.0 0.0 4.4 779.7 59.6
16:16:55.984 0.0 0.0 4.1 784.0 56.6
16:16:56.078 0.0 0.0 3.9 780.2 53.2
16:16:56.171 0.0 0.0 3.4 778.6 46.8
16:16:56.265 0.0 0.0 3.0 781.0 40.4
16:16:56.359 0.0 0.0 2.5 782.3 34.1
16:16:56.453 0.0 0.0 2.0 779.5 27.6
16:16:56.546 0.0 0.0 1.5 782.7 21.1
16:16:56.640 0.0 0.0 1.1 780.9 14.8
16:16:56.734 0.0 0.0 0.6 780.0 8.4
16:16:56.781 0.0 0.0 0.4 780.0 5.3
16:16:56.828 0.0 0.0 0.1 781.0 2.0
16:16:56.921 0.0 0.0 -0.3 781.0 -4.4
16:16:57.015 0.0 0.0 -0.8 780.9 -10.7
16:16:57.062 0.0 0.0 -1.0 780.9 -14.0
16:16:57.109 0.0 0.0 -1.3 778.8 -17.1
16:16:57.156 0.0 0.0 -1.5 780.7 -20.4
16:16:57.203 0.0 0.0 -1.7 781.6 -23.6
16:16:57.296 0.0 0.0 -2.2 779.4 -29.8
16:16:57.390 0.0 0.0 -2.7 781.2 -36.4
16:16:57.484 0.0 0.0 -3.1 788.8 -43.2
16:16:57.578 0.0 0.0 -3.6 784.5 -49.3
16:16:57.671 0.0 0.0 -4.1 788.0 -56.0
16:16:57.718 0.0 0.0 -4.3 792.8 -59.6
16:16:57.765 0.0 0.0 -4.5 791.5 -62.9
16:16:57.859 0.0 0.0 -4.8 791.2 -66.1
16:16:57.953 0.0 0.0 -5.2 791.7 -72.6
16:16:58.000 0.0 0.0 -5.7 791.1 -79.1
16:16:58.046 0.0 0.0 -5.7 807.0 -80.7
16:16:58.140 0.0 0.0 -6.2 796.3 -86.3
16:16:58.234 0.0 0.0 -6.6 795.6 -92.7
16:16:58.328 0.0 0.0 -7.1 794.9 -99.1
16:16:58.421 0.0 0.0 -7.6 794.0 -105.7
16:16:58.468 0.0 0.0 -7.8 793.6 -108.9
16:16:58.515 0.0 0.0 -8.0 798.1 -112.9
16:16:58.609 0.0 0.0 -8.5 829.7 -124.3
16:16:58.703 0.0 0.0 -9.0 828.7 -131.0
16:16:58.796 0.0 0.0 -9.5 964.7 -160.7
16:16:58.890 0.0 0.0 -9.9 983.1 -171.9
16:16:58.937 0.0 0.0 -10.2 982.4 -176.0
16:16:58.984 0.0 0.0 -10.4 988.5 -181.2
16:16:59.078 0.0 0.0 -10.9 997.8 -191.5
16:16:59.171 0.0 0.0 -11.3 996.2 -199.6
16:16:59.265 0.0 0.0 -11.8 994.5 -207.8
16:16:59.359 0.0 0.0 -12.3 991.8 -215.8
16:16:59.453 0.0 0.0 -12.7 990.0 -223.7
16:16:59.546 0.0 0.0 -13.2 988.2 -231.8
16:16:59.640 0.0 0.0 -13.7 969.7 -236.2
16:16:59.734 0.0 0.0 -14.1 967.8 -243.8
16:16:59.828 0.0 0.0 -14.6 965.7 -251.7
16:16:59.921 0.0 0.0 -14.8 962.8 -255.2
16:17:00.015 0.0 0.0 -15.6 958.5 -266.9
16:17:00.109 0.0 0.0 -15.8 957.5 -270.6
16:17:00.203 0.0 0.0 -16.3 956.2 -278.8
16:17:00.296 0.0 0.0 -16.7 953.9 -286.4
16:17:00.390 0.0 0.0 -17.2 955.3 -295.6
16:17:00.484 0.0 0.0 -17.7 949.1 -302.0
16:17:00.578 0.0 0.0 -18.1 946.5 -309.9
16:17:00.671 0.0 0.0 -18.6 944.0 -317.6
16:17:00.765 0.0 0.0 -19.1 931.9 -322.0
16:17:00.859 0.0 0.0 -19.5 929.3 -329.7
16:17:00.953 0.0 0.0 -20.0 932.1 -339.4
16:17:01.046 0.0 0.0 -20.5 935.0 -349.0
16:17:01.140 0.0 0.0 -20.9 931.2 -356.2
16:17:01.234 0.0 0.0 -21.4 928.2 -363.9
16:17:01.281 0.0 0.0 -21.6 922.1 -365.7
16:17:01.328 0.0 0.0 -21.9 920.6 -369.7
16:17:01.421 0.0 0.0 -22.3 917.6 -377.0
16:17:01.515 0.0 0.0 -22.8 916.3 -385.3
16:17:01.609 0.0 0.0 -23.3 911.2 -392.1
16:17:01.656 0.0 0.0 -23.5 911.5 -396.6
16:17:01.703 0.0 0.0 -23.7 913.5 -401.8
16:17:01.796 0.0 0.0 -24.2 910.2 -409.3
16:17:01.890 0.0 0.0 -24.7 906.8 -416.9
16:17:01.984 0.0 0.0 -24.9 904.1 -420.2
16:17:02.078 0.0 0.0 -25.6 899.0 -431.1
16:17:02.171 0.0 0.0 -25.8 897.2 -434.7
16:17:02.265 0.0 0.0 -26.3 893.6 -442.2
16:17:02.359 0.0 0.0 -26.8 886.4 -447.7
16:17:02.453 0.0 0.0 -27.3 886.2 -456.8
16:17:02.546 0.0 0.0 -27.7 884.3 -464.8
16:17:02.640 0.0 0.0 -28.2 875.1 -469.3
16:17:02.734 0.0 0.0 -28.7 871.2 -476.5
16:17:02.828 0.0 0.0 -29.1 872.6 -486.3
16:17:02.921 0.0 0.0 -29.6 862.5 -490.1
16:17:03.015 0.0 0.0 -30.1 858.5 -497.0
16:17:03.109 0.0 0.0 -30.5 859.6 -507.1
16:17:03.203 0.0 0.0 -31.0 842.4 -506.5
16:17:03.296 0.0 0.0 -31.5 838.3 -513.3
16:17:03.390 0.0 0.0 -31.9 842.6 -525.5
16:17:03.484 0.0 0.0 -32.4 828.9 -526.5
16:17:03.578 0.0 0.0 -32.9 833.9 -539.1
16:17:03.625 0.0 0.0 -33.1 832.5 -543.2
16:17:03.671 0.0 0.0 -33.4 830.3 -546.5
16:17:03.765 0.0 0.0 -33.8 837.4 -561.1
16:17:03.859 0.0 0.0 -34.3 821.2 -560.1
16:17:03.953 0.0 0.0 -34.8 816.7 -566.6
16:17:04.046 0.0 0.0 -35.2 851.2 -601.0
