Лабораторная работа 1. Анализ сенсорных данных об объекте

Маршрут: квадрат
Направление движения: против часовой стрелки
Скорость движения: 50.0 мм/с
Рабочий дальномер: левый (Rf_L)
Матрица положения дальномера Rf_L:
   0.000  -1.000   0.000  -120.0
   1.000   0.000   0.000   241.0
   0.000   0.000   1.000   229.5
       0       0       0       1

Выходная информация: положение робота, данные дальномера об объекте

          Time   X_rob   Y_rob  Ang_rob    Rf_L
  чч:мм:сс.ссс      мм      мм     град      мм
  10:20:00.968   557.8    -3.7      0.2  1040.0
  10:20:01.015   560.0    -3.7      0.2  1040.0
  10:20:05.937   798.7    -3.0      0.2   810.0
  10:20:05.953   802.0    -2.9      0.2   760.0
  10:20:06.000   804.1    -2.9      0.2   760.0
  10:20:06.046   806.4    -2.9      0.2   610.0
  10:20:06.093   808.8    -2.9      0.2   580.0
  10:20:06.140   808.8    -2.9      0.2   580.0
  10:20:06.171   811.1    -2.9      0.2   490.0
  10:20:06.218   813.4    -2.9      0.2   480.0
  10:20:06.265   815.9    -2.9      0.2   480.0
  10:20:06.296   818.2    -2.9      0.2   490.0
  10:20:06.343   820.4    -2.9      0.2   480.0
  10:20:06.390   822.8    -2.9      0.2   480.0
  10:20:06.437   825.2    -2.9      0.2   480.0
  10:20:06.468   827.5    -2.9      0.2   480.0
  10:20:06.515   829.8    -2.9      0.2   480.0
  10:20:06.546   829.8    -2.9      0.2   480.0
  10:20:06.593   832.2    -2.9      0.2   480.0
  10:20:06.640   834.5    -2.8      0.2   480.0
  10:20:06.671   836.8    -2.8      0.2   480.0
  10:20:06.718   839.2    -2.8      0.2   480.0
  10:20:06.765   841.6    -2.8      0.2   480.0
  10:20:06.812   843.9    -2.8      0.2   480.0
  10:20:06.843   843.9    -2.8      0.2   480.0
  10:20:06.890   846.2    -2.8      0.2   480.0
  10:20:06.937   848.5    -2.8      0.2   480.0
  10:20:06.984   850.8    -2.8      0.2   480.0
  10:20:07.015   853.3    -2.8      0.2   480.0
  10:20:07.078   855.6    -2.8      0.2   480.0
  10:20:07.109   857.9    -2.8      0.2   480.0
  10:20:07.156   860.2    -2.8      0.2   480.0
  10:20:07.203   862.5    -2.8      0.2   470.0
  10:20:07.234   864.8    -2.8      0.2   470.0
  10:20:07.281   867.2    -2.7      0.2   480.0
  10:20:07.328   867.2    -2.7      0.2   480.0
  10:20:07.375   869.5    -2.7      0.2   470.0
  10:20:07.406   872.0    -2.7      0.2   470.0
  10:20:07.453   874.4    -2.7      0.2   470.0
  10:20:07.500   876.5    -2.7      0.2   470.0
  10:20:07.546   878.9    -2.7      0.2   470.0
  10:20:07.593   881.3    -2.7      0.2   470.0
  10:20:07.625   883.5    -2.7      0.2   470.0
  10:20:07.671   885.9    -2.7      0.2   470.0
  10:20:07.718   888.3    -2.7      0.2   470.0
  10:20:07.750   888.3    -2.7      0.2   470.0
  10:20:07.796   890.6    -2.7      0.2   470.0
  10:20:07.843   893.0    -2.7      0.2   470.0
  10:20:07.890   895.3    -2.7      0.2   470.0
  10:20:07.921   897.7    -2.7      0.2   470.0
  10:20:07.968   900.1    -2.6      0.2   470.0
  10:20:08.015   902.4    -2.6      0.2   470.0
  10:20:08.062   904.6    -2.6      0.2   470.0
  10:20:08.093   907.0    -2.6      0.2   470.0
  10:20:08.140   907.0    -2.6      0.2   470.0
  10:20:08.187   909.3    -2.6      0.2   470.0
  10:20:08.234   911.6    -2.6      0.2   470.0
  10:20:08.265   914.0    -2.6      0.2   470.0
  10:20:08.312   916.4    -2.6      0.2   470.0
  10:20:08.343   918.7    -2.6      0.2   470.0
  10:20:08.390   921.1    -2.6      0.2   470.0
  10:20:08.437   923.4    -2.6      0.2   470.0
  10:20:08.484   923.4    -2.6      0.2   470.0
  10:20:08.515   925.8    -2.6      0.2   470.0
  10:20:08.562   928.1    -2.6      0.2   470.0
  10:20:08.609   930.4    -2.6      0.2   460.0
  10:20:08.656   932.8    -2.5      0.2   460.0
  10:20:08.687   935.1    -2.5      0.2   460.0
  10:20:08.734   937.4    -2.5      0.2   460.0
  10:20:08.781   939.7    -2.5      0.2   460.0
  10:20:08.828   939.7    -2.5      0.2   460.0
  10:20:08.859   942.8    -2.5      0.2   460.0
  10:20:08.906   945.2    -2.5      0.2   460.0
  10:20:08.953   947.6    -2.5      0.2   460.0
  10:20:09.000   949.8    -2.5      0.2   460.0
  10:20:09.031   952.2    -2.5      0.2   460.0
  10:20:09.078   954.6    -2.5      0.2   460.0
  10:20:09.125   956.9    -2.5      0.2   460.0
  10:20:09.171   959.2    -2.5      0.2   460.0
  10:20:09.218   959.2    -2.5      0.2   460.0
  10:20:09.250   961.6    -2.5      0.2   460.0
  10:20:09.296   964.0    -2.5      0.2   460.0
  10:20:09.343   966.2    -2.4      0.2   460.0
  10:20:09.390   968.6    -2.4      0.2   460.0
  10:20:09.437   970.9    -2.4      0.2   460.0
  10:20:09.468   973.4    -2.4      0.2   460.0
  10:20:09.515   975.6    -2.4      0.2   460.0
  10:20:09.562   978.0    -2.4      0.2   460.0
  10:20:09.609   978.0    -2.4      0.2   460.0
  10:20:09.640   981.2    -2.4      0.2   460.0
  10:20:09.687   983.5    -2.4      0.2   460.0
  10:20:09.734   985.7    -2.4      0.2   460.0
  10:20:09.781   988.1    -2.4      0.2   460.0
  10:20:09.812   990.4    -2.4      0.2   460.0
  10:20:09.859   992.8    -2.4      0.2   460.0
  10:20:09.906   995.2    -2.4      0.2   460.0
  10:20:09.953   995.2    -2.4      0.2   460.0
  10:20:10.000   997.4    -2.4      0.2   460.0
  10:20:10.031  1000.3    -2.3      0.2   450.0
  10:20:10.062  1003.1    -2.3      0.2   450.0
  10:20:10.109  1005.2    -2.3      0.2   450.0
  10:20:10.156  1005.2    -2.3      0.2   450.0
  10:20:10.203  1007.6    -2.3      0.2   450.0
  10:20:10.250  1009.9    -2.3      0.2   450.0
  10:20:10.281  1012.2    -2.3      0.2   450.0
  10:20:10.328  1014.7    -2.3      0.2   450.0
  10:20:10.359  1016.9    -2.3      0.2   450.0
  10:20:10.390  1016.9    -2.3      0.2   450.0
  10:20:10.437  1019.3    -2.3      0.2   450.0
  10:20:10.484  1021.7    -2.3      0.2   450.0
  10:20:10.531  1023.9    -2.3      0.2   450.0
  10:20:10.562  1026.3    -2.3      0.2   450.0
  10:20:10.609  1028.6    -2.3      0.2   450.0
  10:20:10.656  1031.1    -2.2      0.2   450.0
  10:20:10.703  1033.3    -2.2      0.2   450.0
  10:20:10.734  1035.7    -2.2      0.2   450.0
  10:20:10.796  1035.7    -2.2      0.2   450.0
  10:20:10.828  1038.0    -2.2      0.2   450.0
  10:20:10.875  1040.3    -2.2      0.2   450.0
  10:20:10.906  1042.6    -2.2      0.2   450.0
  10:20:10.953  1045.1    -2.2      0.2   450.0
  10:20:11.000  1047.4    -2.2      0.2   450.0
  10:20:11.046  1049.7    -2.2      0.2   450.0
  10:20:11.093  1052.0    -2.2      0.2   450.0
  10:20:11.125  1054.4    -2.2      0.2   450.0
  10:20:11.171  1056.7    -2.2      0.2   450.0
  10:20:11.218  1059.0    -2.2      0.2   440.0
  10:20:11.265  1059.0    -2.2      0.2   440.0
  10:20:11.296  1061.4    -2.2      0.2   440.0
  10:20:11.343  1063.8    -2.1      0.2   440.0
  10:20:11.390  1066.1    -2.1      0.2   440.0
  10:20:11.437  1068.5    -2.1      0.2   440.0
  10:20:11.468  1070.8    -2.1      0.2   440.0
  10:20:11.515  1073.1    -2.1      0.2   440.0
  10:20:11.562  1075.5    -2.1      0.2   440.0
  10:20:11.593  1077.9    -2.1      0.2   440.0
  10:20:11.640  1080.1    -2.1      0.2   440.0
  10:20:11.687  1080.1    -2.1      0.2   440.0
  10:20:11.734  1082.4    -2.1      0.2   440.0
  10:20:11.781  1084.8    -2.1      0.2   440.0
  10:20:11.812  1087.1    -2.1      0.2   440.0
  10:20:11.859  1089.4    -2.1      0.2   440.0
  10:20:11.906  1091.9    -2.1      0.2   440.0
  10:20:11.953  1094.2    -2.1      0.2   440.0
  10:20:11.984  1096.6    -2.0      0.2   440.0
  10:20:12.031  1098.8    -2.0      0.2   440.0
  10:20:12.078  1101.1    -2.0      0.2   440.0
  10:20:12.109  1101.1    -2.0      0.2   440.0
  10:20:12.156  1103.5    -2.0      0.2   440.0
  10:20:12.203  1105.9    -2.0      0.2   440.0
  10:20:12.250  1108.1    -2.0      0.2   440.0
  10:20:12.296  1110.4    -2.0      0.2   440.0
  10:20:12.328  1112.9    -2.0      0.2   440.0
  10:20:12.375  1115.2    -2.0      0.2   430.0
  10:20:12.421  1117.5    -2.0      0.2   440.0
  10:20:12.453  1119.8    -2.0      0.2   440.0
  10:20:12.500  1119.8    -2.0      0.2   440.0
  10:20:12.546  1122.3    -2.0      0.2   440.0
  10:20:12.593  1124.6    -2.0      0.2   440.0
  10:20:12.625  1127.0    -2.0      0.2   430.0
  10:20:12.671  1129.3    -1.9      0.2   430.0
  10:20:12.718  1131.5    -1.9      0.2   430.0
  10:20:12.765  1133.9    -1.9      0.2   430.0
  10:20:12.796  1136.3    -1.9      0.2   430.0
  10:20:12.843  1136.3    -1.9      0.2   430.0
  10:20:12.890  1139.2    -1.9      0.2   430.0
  10:20:12.937  1141.7    -1.9      0.2   430.0
  10:20:12.968  1144.1    -1.9      0.2   430.0
  10:20:13.031  1146.4    -1.9      0.2   430.0
  10:20:13.062  1148.8    -1.9      0.2   430.0
  10:20:13.109  1151.1    -1.9      0.2   430.0
  10:20:13.156  1153.3    -1.9      0.2   430.0
  10:20:13.187  1153.3    -1.9      0.2   430.0
  10:20:13.234  1158.1    -1.9      0.2   430.0
  10:20:13.281  1158.1    -1.9      0.2   430.0
  10:20:13.328  1160.4    -1.9      0.2   430.0
  10:20:13.375  1162.7    -1.8      0.2   430.0
  10:20:13.406  1165.0    -1.8      0.2   430.0
  10:20:13.453  1167.5    -1.8      0.2   430.0
  10:20:13.500  1169.9    -1.8      0.2   430.0
  10:20:13.546  1172.1    -1.8      0.2   430.0
  10:20:13.578  1174.5    -1.8      0.2   430.0
  10:20:13.640  1176.8    -1.8      0.2   430.0
  10:20:13.671  1176.8    -1.8      0.2   430.0
  10:20:13.718  1179.1    -1.8      0.2   430.0
  10:20:13.750  1181.6    -1.8      0.2   430.0
  10:20:13.796  1183.8    -1.8      0.2   430.0
  10:20:13.843  1186.2    -1.8      0.2   430.0
  10:20:13.890  1188.5    -1.8      0.2   430.0
  10:20:13.937  1190.8    -1.8      0.2   430.0
  10:20:13.968  1193.2    -1.8      0.2   430.0
  10:20:14.015  1195.5    -1.7      0.2   430.0
  10:20:14.062  1195.5    -1.7      0.2   430.0
  10:20:14.109  1198.5    -1.7      0.2   430.0
  10:20:14.140  1201.0    -1.7      0.2   420.0
  10:20:14.187  1203.3    -1.7      0.2   420.0
  10:20:14.234  1205.7    -1.7      0.2   430.0
  10:20:14.281  1208.0    -1.7      0.2   420.0
  10:20:14.312  1210.4    -1.7      0.2   420.0
  10:20:14.359  1212.7    -1.7      0.2   420.0
  10:20:14.406  1212.7    -1.7      0.2   420.0
  10:20:14.453  1215.0    -1.7      0.2   420.0
  10:20:14.484  1217.4    -1.7      0.2   420.0
  10:20:14.531  1219.7    -1.7      0.2   420.0
  10:20:14.578  1222.0    -1.7      0.2   420.0
  10:20:14.625  1224.4    -1.7      0.2   420.0
  10:20:14.671  1226.8    -1.7      0.2   420.0
  10:20:14.703  1229.1    -1.6      0.2   420.0
  10:20:14.750  1231.3    -1.6      0.2   420.0
  10:20:14.796  1233.7    -1.6      0.2   420.0
  10:20:14.859  1236.0    -1.6      0.2   420.0
  10:20:14.875  1236.0    -1.6      0.2   420.0
  10:20:14.921  1238.4    -1.6      0.2   420.0
  10:20:14.968  1240.7    -1.6      0.2   420.0
  10:20:15.015  1243.1    -1.6      0.2   420.0
  10:20:15.046  1245.5    -1.6      0.2   420.0
  10:20:15.093  1247.7    -1.6      0.2   420.0
  10:20:15.109  1247.7    -1.6      0.2   420.0
  10:20:15.156  1250.1    -1.6      0.2   420.0
  10:20:15.203  1252.4    -1.6      0.2   420.0
  10:20:15.250  1254.8    -1.6      0.2   420.0
  10:20:15.281  1257.2    -1.6      0.2   420.0
  10:20:15.328  1259.5    -1.6      0.2   420.0
  10:20:15.375  1261.8    -1.5      0.2   420.0
  10:20:15.421  1264.1    -1.5      0.2   420.0
  10:20:15.453  1264.1    -1.5      0.2   420.0
  10:20:15.500  1266.4    -1.5      0.2   430.0
  10:20:15.546  1268.8    -1.5      0.2   430.0
  10:20:15.593  1271.1    -1.5      0.2   430.0
  10:20:15.625  1273.5    -1.5      0.2   440.0
  10:20:15.671  1275.9    -1.5      0.2   450.0
  10:20:15.718  1278.2    -1.5      0.2   450.0
  10:20:15.765  1280.5    -1.5      0.2   480.0
  10:20:15.796  1282.8    -1.5      0.2   510.0
  10:20:15.843  1285.1    -1.5      0.2   510.0
  10:20:15.890  1287.4    -1.5      0.2   510.0
  10:20:15.937  1287.4    -1.5      0.2   510.0
  10:20:15.984  1289.8    -1.5      0.2   510.0
  10:20:16.015  1292.1    -1.5      0.2   550.0
  10:20:16.062  1294.5    -1.4      0.2   520.0
  10:20:16.109  1296.9    -1.4      0.2   520.0
  10:20:16.156  1299.2    -1.4      0.2   560.0
  10:20:16.203  1301.6    -1.4      0.2   580.0
  10:20:16.234  1303.9    -1.4      0.2   580.0
  10:20:16.296  1306.3    -1.4      0.2   600.0
  10:20:16.328  1308.5    -1.4      0.2   580.0
  10:20:16.375  1308.5    -1.4      0.2   580.0
  10:20:16.406  1310.9    -1.4      0.2   650.0
  10:20:16.453  1313.3    -1.4      0.2   690.0
  10:20:16.500  1315.6    -1.4      0.2   670.0
  10:20:16.546  1318.0    -1.4      0.2   690.0
  10:20:18.625  1418.6    -1.1      0.2   940.0
  10:20:18.656  1420.8    -1.1      0.2   940.0
  10:20:19.640  1470.0    -0.9      0.2  1030.0
  10:20:19.687  1472.3    -0.9      0.2  1030.0
  10:20:50.406  1838.5   796.1     90.0   730.0
  10:20:50.437  1838.5   796.1     90.0   530.0
  10:20:50.468  1838.5   798.5     90.0   530.0
  10:20:50.515  1838.5   800.7     90.0   440.0
  10:20:50.562  1838.5   803.0     90.0   440.0
  10:20:50.609  1838.5   805.4     90.0   440.0
  10:20:50.656  1838.5   807.9     90.0   420.0
  10:20:50.687  1838.5   810.1     90.0   420.0
  10:20:50.734  1838.5   812.4     90.0   430.0
  10:20:50.781  1838.5   812.4     90.0   430.0
  10:20:50.828  1838.5   814.8     90.0   430.0
  10:20:50.859  1838.5   817.5     90.0   430.0
  10:20:50.906  1838.5   819.5     90.0   430.0
  10:20:50.953  1838.4   821.8     90.0   430.0
  10:20:51.000  1838.4   824.0     90.0   430.0
  10:20:51.031  1838.4   826.4     90.0   430.0
  10:20:51.078  1838.4   828.8     90.0   430.0
  10:20:51.125  1838.4   831.2     90.0   430.0
  10:20:51.171  1838.4   833.5     90.0   420.0
  10:20:51.203  1838.4   833.5     90.0   420.0
  10:20:51.250  1838.4   835.8     90.0   430.0
  10:20:51.281  1838.4   838.1     90.0   430.0
  10:20:51.328  1838.4   840.5     90.0   430.0
  10:20:51.375  1838.4   842.8     90.0   430.0
  10:20:51.437  1838.4   845.2     90.0   430.0
  10:20:51.468  1838.4   847.6     90.0   430.0
  10:20:51.515  1838.4   849.8     90.0   430.0
  10:20:51.562  1838.4   852.3     90.0   420.0
  10:20:51.593  1838.4   854.5     90.0   420.0
  10:20:51.640  1838.4   856.8     90.0   420.0
  10:20:51.687  1838.4   856.8     90.0   420.0
  10:20:51.734  1838.4   859.2     90.0   420.0
  10:20:51.765  1838.4   861.6     90.0   420.0
  10:20:51.812  1838.4   863.8     90.0   420.0
  10:20:51.859  1838.4   866.3     90.0   420.0
  10:20:51.906  1838.4   868.6     90.0   420.0
  10:20:51.937  1838.4   870.9     90.0   420.0
  10:20:51.984  1838.4   873.2     90.0   420.0
  10:20:52.046  1838.4   875.6     90.0   420.0
  10:20:52.078  1838.4   875.6     90.0   420.0
  10:20:52.109  1838.4   878.7     90.0   420.0
  10:20:52.156  1838.4   881.0     90.0   420.0
  10:20:52.203  1838.4   883.4     90.0   420.0
  10:20:52.250  1838.4   883.4     90.0   420.0
  10:20:52.296  1838.4   886.6     90.0   420.0
  10:20:52.328  1838.4   888.8     90.0   420.0
  10:20:52.375  1838.4   891.2     90.0   420.0
  10:20:52.421  1838.4   893.6     90.0   420.0
  10:20:52.468  1838.4   895.8     90.0   420.0
  10:20:52.500  1838.4   898.1     90.0   420.0
  10:20:52.546  1838.4   900.5     90.0   420.0
  10:20:52.578  1838.4   900.5     90.0   410.0
  10:20:52.625  1838.4   903.0     90.0   410.0
  10:20:52.656  1838.4   905.2     90.0   410.0
  10:20:52.703  1838.4   907.5     90.0   410.0
  10:20:52.734  1838.4   909.9     90.0   410.0
  10:20:52.781  1838.4   912.2     90.0   410.0
  10:20:52.812  1838.4   912.2     90.0   410.0
  10:20:52.859  1838.4   914.6     90.0   410.0
  10:20:52.906  1838.4   917.0     90.0   410.0
  10:20:52.953  1838.4   919.3     90.0   410.0
  10:20:53.000  1838.4   921.6     90.0   410.0
  10:20:53.031  1838.4   923.9     90.0   410.0
  10:20:53.078  1838.4   926.2     90.0   410.0
  10:20:53.125  1838.4   928.6     90.0   410.0
  10:20:53.171  1838.4   930.9     90.0   410.0
  10:20:53.203  1838.4   933.2     90.0   410.0
  10:20:53.250  1838.4   933.2     90.0   410.0
  10:20:53.296  1838.4   935.6     90.0   410.0
  10:20:53.343  1838.4   938.0     90.0   410.0
  10:20:53.390  1838.4   940.3     90.0   410.0
  10:20:53.421  1838.4   942.7     90.0   410.0
  10:20:53.468  1838.4   945.1     90.0   410.0
  10:20:53.515  1838.4   947.3     90.0   400.0
  10:20:53.562  1838.4   949.6     90.0   410.0
  10:20:53.593  1838.4   952.0     90.0   400.0
  10:20:53.640  1838.4   954.3     90.0   400.0
  10:20:53.687  1838.4   954.3     90.0   400.0
  10:20:53.734  1838.4   956.7     90.0   400.0
  10:20:53.765  1838.4   959.0     90.0   400.0
  10:20:53.812  1838.4   961.4     90.0   400.0
  10:20:53.859  1838.4   963.7     90.0   400.0
  10:20:53.906  1838.4   966.0     90.0   400.0
  10:20:53.937  1838.4   968.4     90.0   400.0
  10:20:53.984  1838.4   970.7     90.0   400.0
  10:20:54.031  1838.4   973.1     90.0   400.0
  10:20:54.078  1838.4   973.1     90.0   400.0
  10:20:54.109  1838.4   975.3     90.0   400.0
  10:20:54.156  1838.4   977.8     90.0   400.0
  10:20:54.203  1838.4   980.0     90.0   400.0
  10:20:54.250  1838.4   982.4     90.0   400.0
  10:20:54.281  1838.4   984.9     90.0   400.0
  10:20:54.328  1838.4   987.1     90.0   400.0
  10:20:54.359  1838.4   989.5     90.0   390.0
  10:20:54.406  1838.4   991.8     90.0   390.0
  10:20:54.453  1838.4   991.8     90.0   400.0
  10:20:54.484  1838.4   994.2     90.0   400.0
  10:20:54.531  1838.4   996.4     90.0   400.0
  10:20:54.578  1838.4   998.8     90.0   400.0
  10:20:54.625  1838.4  1001.1     90.0   400.0
  10:20:54.656  1838.4  1003.5     90.0   400.0
  10:20:54.703  1838.4  1006.0     90.0   400.0
  10:20:54.750  1838.4  1008.1     90.0   400.0
  10:20:54.796  1838.4  1010.5     90.0   400.0
  10:20:54.828  1838.4  1010.5     90.0   400.0
  10:20:54.890  1838.4  1012.9     90.0   400.0
  10:20:54.906  1838.4  1016.2     90.0   390.0
  10:20:54.953  1838.4  1018.2     90.0   390.0
  10:20:55.000  1838.4  1018.2     90.0   400.0
  10:20:55.031  1838.4  1020.7     90.0   390.0
  10:20:55.078  1838.4  1022.9     90.0   390.0
  10:20:55.125  1838.4  1025.2     90.0   400.0
  10:20:55.171  1838.4  1027.6     90.0   390.0
  10:20:55.203  1838.4  1030.0     90.0   390.0
  10:20:55.250  1838.4  1032.3     90.0   390.0
  10:20:55.296  1838.4  1034.6     90.0   390.0
  10:20:55.343  1838.4  1037.0     90.0   390.0
  10:20:55.390  1838.4  1039.3     90.0   390.0
  10:20:55.421  1838.4  1039.3     90.0   390.0
  10:20:55.468  1838.4  1041.6     90.0   390.0
  10:20:55.515  1838.4  1044.0     90.0   390.0
  10:20:55.562  1838.4  1046.4     90.0   390.0
  10:20:55.593  1838.4  1048.6     90.0   390.0
  10:20:55.640  1838.4  1050.9     90.0   390.0
  10:20:55.687  1838.4  1053.3     90.0   390.0
  10:20:55.718  1838.4  1055.6     90.0   400.0
  10:20:55.765  1838.4  1058.0     90.0   400.0
  10:20:55.812  1838.4  1060.4     90.0   400.0
  10:20:55.859  1838.4  1060.4     90.0   420.0
  10:20:55.890  1838.4  1062.7     90.0   420.0
  10:20:55.937  1838.4  1065.2     90.0   420.0
  10:20:55.968  1838.4  1067.4     90.0   440.0
  10:20:56.015  1838.4  1069.7     90.0   440.0
  10:20:56.062  1838.4  1072.1     90.0   440.0
  10:20:56.109  1838.4  1074.3     90.0   450.0
  10:20:56.140  1838.4  1076.7     90.0   440.0
  10:20:56.187  1838.4  1076.7     90.0   440.0
  10:20:56.234  1838.4  1079.1     90.0   450.0
  10:20:56.296  1838.4  1083.8     90.0   450.0
  10:20:56.328  1838.4  1083.8     90.0   450.0
  10:20:56.359  1838.4  1086.1     90.0   460.0
  10:20:56.406  1838.4  1088.4     90.0   460.0
  10:20:56.453  1838.4  1090.8     90.0   460.0
  10:20:56.500  1838.4  1093.1     90.0   460.0
  10:20:56.546  1838.4  1095.4     90.0   450.0
  10:20:56.578  1838.4  1097.8     90.0   450.0
  10:20:56.625  1838.4  1100.1     90.0   450.0
  10:20:56.671  1838.4  1100.1     90.0   450.0
  10:20:56.718  1838.4  1102.5     90.0   450.0
  10:20:56.750  1838.4  1104.9     90.0   450.0
  10:20:56.796  1838.4  1107.2     90.0   450.0
  10:20:56.843  1838.4  1109.5     90.0   450.0
  10:20:56.875  1838.4  1111.8     90.0   450.0
  10:20:56.921  1838.4  1114.3     90.0   450.0
  10:20:56.968  1838.4  1116.5     90.0   450.0
  10:20:57.015  1838.3  1118.9     90.0   450.0
  10:20:57.046  1838.3  1118.9     90.0   450.0
  10:20:57.093  1838.3  1121.2     90.0   440.0
  10:20:57.140  1838.3  1123.5     90.0   440.0
  10:20:57.187  1838.3  1125.8     90.0   440.0
  10:20:57.234  1838.3  1128.1     90.0   440.0
  10:20:57.265  1838.3  1130.5     90.0   440.0
  10:20:57.312  1838.3  1132.9     90.0   440.0
  10:20:57.359  1838.3  1135.2     90.0   440.0
  10:20:57.406  1838.3  1137.6     90.0   440.0
  10:20:57.453  1838.3  1139.9     90.0   440.0
  10:20:57.484  1838.3  1142.3     90.0   440.0
  10:20:57.531  1838.3  1144.6     90.0   440.0
  10:20:57.578  1838.3  1144.6     90.0   440.0
  10:20:57.625  1838.3  1146.9     90.0   440.0
  10:20:57.656  1838.3  1149.2     90.0   440.0
  10:20:57.703  1838.3  1151.5     90.0   440.0
  10:20:57.750  1838.3  1154.0     90.0   440.0
  10:20:57.796  1838.3  1156.3     90.0   440.0
  10:20:57.828  1838.3  1158.6     90.0   440.0
  10:20:57.875  1838.3  1161.0     90.0   440.0
  10:20:57.921  1838.3  1163.3     90.0   440.0
  10:20:57.968  1838.3  1163.3     90.0   440.0
  10:20:58.015  1838.3  1165.7     90.0   440.0
  10:20:58.046  1838.3  1167.9     90.0   440.0
  10:20:58.093  1838.3  1170.4     90.0   440.0
  10:20:58.140  1838.3  1172.7     90.0   440.0
  10:20:58.171  1838.3  1175.0     90.0   440.0
  10:20:58.218  1838.3  1177.4     90.0   440.0
  10:20:58.265  1838.3  1179.8     90.0   440.0
  10:20:58.312  1838.3  1182.1     90.0   440.0
  10:20:58.359  1838.3  1184.3     90.0   440.0
  10:20:58.390  1838.3  1184.3     90.0   440.0
  10:20:58.437  1838.3  1186.8     90.0   440.0
  10:20:58.484  1838.3  1189.1     90.0   440.0
  10:20:58.531  1838.3  1191.4     90.0   440.0
  10:20:58.562  1838.3  1193.7     90.0   440.0
  10:20:58.609  1838.3  1196.1     90.0   440.0
  10:20:58.656  1838.3  1198.5     90.0   440.0
  10:20:58.703  1838.3  1200.7     90.0   440.0
  10:20:58.734  1838.3  1203.2     90.0   440.0
  10:20:58.781  1838.3  1205.4     90.0   430.0
  10:20:58.828  1838.3  1207.9     90.0   430.0
  10:20:58.875  1838.3  1207.9     90.0   430.0
  10:20:58.921  1838.3  1210.1     90.0   430.0
  10:20:58.953  1838.3  1212.4     90.0   430.0
  10:20:59.000  1838.3  1214.7     90.0   430.0
  10:20:59.046  1838.3  1217.1     90.0   430.0
  10:20:59.093  1838.3  1219.4     90.0   430.0
  10:20:59.125  1838.3  1221.9     90.0   430.0
  10:20:59.171  1838.3  1224.1     90.0   430.0
  10:20:59.218  1838.3  1226.4     90.0   430.0
  10:20:59.250  1838.3  1226.4     90.0   430.0
  10:20:59.296  1838.3  1228.7     90.0   430.0
  10:20:59.343  1838.3  1231.2     90.0   430.0
  10:20:59.390  1838.3  1233.5     90.0   430.0
  10:20:59.437  1838.3  1235.8     90.0   430.0
  10:20:59.484  1838.3  1238.2     90.0   430.0
  10:20:59.515  1838.3  1240.6     90.0   430.0
  10:20:59.562  1838.3  1242.8     90.0   420.0
  10:20:59.593  1838.3  1245.2     90.0   430.0
  10:20:59.640  1838.3  1247.5     90.0   430.0
  10:20:59.687  1838.3  1247.5     90.0   430.0
  10:20:59.734  1838.3  1249.9     90.0   430.0
  10:20:59.781  1838.3  1252.2     90.0   430.0
  10:20:59.812  1838.3  1254.5     90.0   430.0
  10:20:59.859  1838.3  1256.8     90.0   430.0
  10:20:59.906  1838.3  1259.2     90.0   430.0
  10:20:59.937  1838.3  1261.5     90.0   430.0
  10:20:59.984  1838.3  1261.5     90.0   430.0
  10:21:00.031  1838.3  1264.7     90.0   430.0
  10:21:00.078  1838.3  1267.1     90.0   430.0
  10:21:00.109  1838.3  1269.3     90.0   430.0
  10:21:00.171  1838.3  1271.6     90.0   430.0
  10:21:00.203  1838.3  1274.0     90.0   430.0
  10:21:00.234  1838.3  1276.4     90.0   430.0
  10:21:00.296  1838.3  1278.7     90.0   430.0
  10:21:00.328  1838.3  1281.1     90.0   430.0
  10:21:00.375  1838.3  1281.1     90.0   430.0
  10:21:00.406  1838.3  1283.4     90.0   430.0
  10:21:00.437  1838.3  1285.8     90.0   420.0
  10:21:00.484  1838.3  1288.1     90.0   430.0
  10:21:00.531  1838.3  1290.3     90.0   420.0
  10:21:00.578  1838.3  1292.8     90.0   420.0
  10:21:00.609  1838.3  1292.8     90.0   420.0
  10:21:00.656  1838.3  1295.0     90.0   420.0
  10:21:00.703  1838.3  1297.3     90.0   420.0
  10:21:00.734  1838.3  1299.9     90.0   420.0
  10:21:00.781  1838.3  1302.0     90.0   420.0
  10:21:00.828  1838.3  1305.2     90.0   420.0
  10:21:00.875  1838.3  1305.2     90.0   420.0
  10:21:00.906  1838.3  1307.6     90.0   420.0
  10:21:00.968  1838.3  1309.8     90.0   420.0
  10:21:01.000  1838.3  1312.8     90.0   420.0
  10:21:01.031  1838.3  1315.4     90.0   420.0
  10:21:01.062  1838.3  1315.4     90.0   420.0
  10:21:01.109  1838.3  1317.6     90.0   420.0
  10:21:01.156  1838.3  1320.0     90.0   420.0
  10:21:01.203  1838.3  1322.4     90.0   420.0
  10:21:01.250  1838.3  1324.6     90.0   420.0
  10:21:01.281  1838.3  1327.0     90.0   410.0
  10:21:01.328  1838.3  1329.4     90.0   410.0
  10:21:01.359  1838.3  1329.4     90.0   410.0
  10:21:01.406  1838.3  1331.7     90.0   420.0
  10:21:01.453  1838.3  1334.1     90.0   410.0
  10:21:01.500  1838.3  1336.4     90.0   410.0
  10:21:01.531  1838.3  1338.7     90.0   410.0
  10:21:01.578  1838.3  1341.0     90.0   410.0
  10:21:01.625  1838.3  1343.4     90.0   410.0
  10:21:01.671  1838.3  1345.7     90.0   410.0
  10:21:01.703  1838.3  1348.1     90.0   410.0
  10:21:01.750  1838.3  1350.3     90.0   410.0
  10:21:01.796  1838.3  1350.3     90.0   410.0
  10:21:01.843  1838.3  1352.7     90.0   410.0
  10:21:01.875  1838.3  1355.1     90.0   410.0
  10:21:01.921  1838.3  1357.5     90.0   410.0
  10:21:01.968  1838.3  1359.8     90.0   400.0
  10:21:02.015  1838.3  1362.2     90.0   410.0
  10:21:02.062  1838.3  1364.6     90.0   410.0
  10:21:02.078  1838.3  1364.6     90.0   410.0
  10:21:02.125  1838.3  1366.9     90.0   410.0
  10:21:02.156  1838.3  1369.1     90.0   410.0
  10:21:02.187  1838.3  1371.4     90.0   410.0
  10:21:02.234  1838.3  1373.9     90.0   420.0
  10:21:02.281  1838.3  1376.2     90.0   430.0
  10:21:02.328  1838.3  1376.2     90.0   430.0
  10:21:02.359  1838.3  1378.5     90.0   430.0
  10:21:02.406  1838.3  1380.9     90.0   440.0
  10:21:02.437  1838.3  1383.1     90.0   440.0
  10:21:02.484  1838.3  1385.5     90.0   470.0
  10:21:02.515  1838.3  1387.9     90.0   470.0
  10:21:02.562  1838.3  1390.3     90.0   470.0
  10:21:02.609  1838.3  1390.3     90.0   500.0
  10:21:02.656  1838.3  1392.5     90.0   510.0
  10:21:02.687  1838.3  1394.9     90.0   510.0
  10:21:02.734  1838.3  1397.3     90.0   520.0
  10:21:02.781  1838.3  1399.5     90.0   510.0
  10:21:02.828  1838.3  1401.9     90.0   510.0
  10:21:02.859  1838.3  1404.2     90.0   560.0
  10:21:02.906  1838.3  1406.6     90.0   570.0
  10:21:02.953  1838.3  1409.0     90.0   570.0
  10:21:03.000  1838.3  1411.2     90.0   590.0
  10:21:03.046  1838.3  1411.2     90.0   610.0
  10:21:03.078  1838.3  1413.6     90.0   610.0
  10:21:03.125  1838.3  1415.9     90.0   610.0
  10:21:03.156  1838.3  1418.3     90.0   620.0
  10:21:03.203  1838.2  1420.6     90.0   620.0
  10:21:03.250  1838.2  1422.9     90.0   690.0
  10:21:03.281  1838.2  1422.9     90.0   690.0
  10:21:03.296  1838.2  1425.3     90.0   690.0
  10:21:03.343  1838.2  1427.6     90.0   860.0
  10:21:03.390  1838.2  1430.0     90.0   910.0
  10:21:03.437  1838.2  1430.0     90.0   910.0
  10:21:35.000  1070.9  1838.5   -180.0   780.0
  10:21:35.031  1068.5  1838.5   -180.0   710.0
  10:21:35.062  1066.3  1838.5   -180.0   710.0
  10:21:35.109  1064.0  1838.5   -180.0   630.0
  10:21:35.156  1064.0  1838.5   -180.0   620.0
  10:21:35.187  1061.6  1838.5   -180.0   620.0
  10:21:35.234  1059.2  1838.5   -180.0   600.0
  10:21:35.296  1056.9  1838.5   -180.0   590.0
  10:21:35.328  1053.8  1838.5   -180.0   590.0
  10:21:35.359  1051.5  1838.5   -180.0   560.0
  10:21:35.390  1051.5  1838.5   -180.0   520.0
  10:21:35.437  1049.2  1838.5   -180.0   520.0
  10:21:35.500  1046.8  1838.5   -180.0   450.0
  10:21:35.531  1044.3  1838.5   -180.0   450.0
  10:21:35.578  1042.2  1838.5   -180.0   450.0
  10:21:35.625  1039.8  1838.5   -180.0   340.0
  10:21:35.656  1037.5  1838.5   -180.0   330.0
  10:21:35.703  1035.1  1838.5   -180.0   330.0
  10:21:35.750  1035.1  1838.5   -180.0   330.0
  10:21:35.781  1032.8  1838.5   -180.0   330.0
  10:21:35.828  1030.4  1838.5   -180.0   330.0
  10:21:35.875  1028.1  1838.5   -180.0   330.0
  10:21:35.906  1025.7  1838.5   -180.0   330.0
  10:21:35.953  1023.5  1838.5   -180.0   330.0
  10:21:35.984  1021.0  1838.5   -180.0   330.0
  10:21:36.031  1018.6  1838.5   -180.0   330.0
  10:21:36.078  1018.6  1838.5   -180.0   330.0
  10:21:36.109  1016.3  1838.5   -180.0   330.0
  10:21:36.156  1014.0  1838.5   -180.0   330.0
  10:21:36.203  1011.7  1838.5   -180.0   330.0
  10:21:36.250  1009.4  1838.5   -180.0   330.0
  10:21:36.281  1007.0  1838.5   -180.0   330.0
  10:21:36.328  1004.6  1838.5   -180.0   330.0
  10:21:36.375  1002.3  1838.5   -180.0   330.0
  10:21:36.406  1002.3  1838.5   -180.0   330.0
  10:21:36.453  1000.0  1838.5   -180.0   330.0
  10:21:36.500   997.6  1838.5   -180.0   320.0
  10:21:36.546   995.3  1838.5   -180.0   320.0
  10:21:36.593   992.9  1838.5   -180.0   320.0
  10:21:36.625   990.7  1838.5   -180.0   320.0
  10:21:36.671   988.3  1838.5   -180.0   320.0
  10:21:36.718   985.9  1838.5   -180.0   320.0
  10:21:36.765   983.5  1838.5   -180.0   320.0
  10:21:36.781   983.5  1838.5   -180.0   320.0
  10:21:36.828   981.3  1838.5   -180.0   320.0
  10:21:36.875   978.9  1838.5   -180.0   320.0
  10:21:36.921   976.6  1838.5   -180.0   320.0
  10:21:36.953   974.3  1838.5   -180.0   320.0
  10:21:37.000   971.9  1838.5   -180.0   320.0
  10:21:37.046   969.5  1838.5   -180.0   320.0
  10:21:37.093   967.2  1838.5   -180.0   320.0
  10:21:37.125   967.2  1838.5   -180.0   320.0
  10:21:37.171   964.9  1838.5   -180.0   320.0
  10:21:37.218   962.5  1838.5   -180.0   320.0
  10:21:37.250   960.1  1838.5   -180.0   320.0
  10:21:37.296   957.9  1838.5   -180.0   320.0
  10:21:37.343   955.5  1838.5   -180.0   320.0
  10:21:37.390   953.3  1838.5   -180.0   320.0
  10:21:37.421   950.9  1838.5   -180.0   320.0
  10:21:37.468   948.6  1838.5   -180.0   320.0
  10:21:37.515   948.6  1838.5   -180.0   320.0
  10:21:37.562   946.2  1838.5   -180.0   320.0
  10:21:37.593   943.9  1838.4   -180.0   320.0
  10:21:37.640   941.6  1838.4   -180.0   320.0
  10:21:37.687   939.2  1838.4   -180.0   320.0
  10:21:37.734   936.8  1838.4   -180.0   320.0
  10:21:37.765   934.3  1838.4   -180.0   320.0
  10:21:37.828   932.1  1838.4   -180.0   320.0
  10:21:37.859   929.8  1838.4   -180.0   320.0
  10:21:37.906   927.5  1838.4   -180.0   310.0
  10:21:37.953   927.5  1838.4   -180.0   310.0
  10:21:37.984   925.1  1838.4   -180.0   310.0
  10:21:38.031   922.7  1838.4   -180.0   310.0
  10:21:38.078   920.5  1838.4   -180.0   310.0
  10:21:38.125   918.1  1838.4   -180.0   310.0
  10:21:38.156   915.8  1838.4   -180.0   310.0
  10:21:38.203   913.5  1838.4   -180.0   310.0
  10:21:38.250   911.2  1838.4   -180.0   310.0
  10:21:38.296   908.8  1838.4   -180.0   310.0
  10:21:38.343   906.4  1838.4   -180.0   310.0
  10:21:38.375   906.4  1838.4   -180.0   310.0
  10:21:38.406   904.1  1838.4   -180.0   310.0
  10:21:38.453   901.8  1838.4   -180.0   310.0
  10:21:38.500   899.4  1838.4   -180.0   310.0
  10:21:38.531   897.0  1838.4   -180.0   310.0
  10:21:38.578   894.3  1838.4   -180.0   310.0
  10:21:38.609   894.3  1838.4   -180.0   310.0
  10:21:38.640   892.3  1838.4   -180.0   300.0
  10:21:38.687   890.0  1838.4   -180.0   300.0
  10:21:38.734   887.6  1838.4   -180.0   310.0
  10:21:38.765   884.9  1838.4   -180.0   300.0
  10:21:38.812   883.0  1838.4   -180.0   300.0
  10:21:38.859   883.0  1838.4   -180.0   300.0
  10:21:38.906   880.7  1838.4   -180.0   300.0
  10:21:38.953   878.4  1838.4   -180.0   300.0
  10:21:38.968   875.5  1838.4   -180.0   300.0
  10:21:39.015   873.7  1838.4   -180.0   300.0
  10:21:39.062   871.3  1838.4   -180.0   300.0
  10:21:39.109   869.0  1838.4   -180.0   300.0
  10:21:39.156   866.6  1838.4   -180.0   300.0
  10:21:39.203   864.4  1838.4   -180.0   300.0
  10:21:39.234   864.4  1838.4   -180.0   300.0
  10:21:39.281   861.9  1838.4   -180.0   300.0
  10:21:39.328   859.7  1838.4   -180.0   300.0
  10:21:39.375   857.2  1838.4   -180.0   300.0
  10:21:39.406   854.9  1838.4   -180.0   300.0
  10:21:39.453   852.6  1838.4   -180.0   300.0
  10:21:39.500   850.3  1838.4   -180.0   300.0
  10:21:39.562   848.0  1838.4   -180.0   300.0
  10:21:39.578   845.7  1838.4   -180.0   300.0
  10:21:39.625   843.3  1838.4   -180.0   300.0
  10:21:39.671   841.0  1838.4   -180.0   300.0
  10:21:39.718   841.0  1838.4   -180.0   300.0
  10:21:39.750   838.6  1838.4   -180.0   300.0
  10:21:39.796   836.3  1838.4   -180.0   300.0
  10:21:39.843   833.9  1838.4   -180.0   300.0
  10:21:39.890   831.7  1838.4   -180.0   300.0
  10:21:39.921   829.2  1838.4   -180.0   300.0
  10:21:39.968   826.9  1838.4   -180.0   300.0
  10:21:40.015   824.6  1838.4   -180.0   300.0
  10:21:40.046   824.6  1838.4   -180.0   300.0
  10:21:40.093   822.2  1838.4   -180.0   290.0
  10:21:40.140   819.7  1838.4   -180.0   290.0
  10:21:40.187   817.5  1838.4   -180.0   290.0
  10:21:40.218   815.1  1838.4   -180.0   290.0
  10:21:40.265   812.8  1838.4   -180.0   300.0
  10:21:40.312   810.5  1838.4   -180.0   290.0
  10:21:40.343   808.2  1838.4   -180.0   290.0
  10:21:40.390   805.8  1838.4   -180.0   290.0
  10:21:40.437   805.8  1838.4   -180.0   290.0
  10:21:40.484   803.5  1838.4   -180.0   290.0
  10:21:40.531   801.2  1838.4   -180.0   290.0
  10:21:40.578   798.8  1838.4   -180.0   290.0
  10:21:40.609   796.5  1838.4   -180.0   290.0
  10:21:40.656   794.2  1838.4   -180.0   290.0
  10:21:40.703   791.7  1838.4   -180.0   290.0
  10:21:40.734   789.5  1838.4   -180.0   290.0
  10:21:40.781   787.2  1838.4   -180.0   290.0
  10:21:40.828   784.8  1838.4   -180.0   290.0
  10:21:40.875   784.8  1838.4   -180.0   290.0
  10:21:40.921   782.4  1838.4   -180.0   290.0
  10:21:40.953   780.0  1838.4   -180.0   290.0
  10:21:41.000   777.7  1838.4   -180.0   290.0
  10:21:41.046   775.4  1838.4   -180.0   290.0
  10:21:41.093   773.2  1838.4   -180.0   290.0
  10:21:41.125   770.7  1838.4   -180.0   290.0
  10:21:41.171   768.4  1838.4   -180.0   290.0
  10:21:41.218   766.1  1838.4   -180.0   290.0
  10:21:41.265   763.7  1838.3   -180.0   280.0
  10:21:41.296   761.3  1838.3   -180.0   280.0
  10:21:41.343   761.3  1838.3   -180.0   280.0
  10:21:41.406   756.7  1838.3   -180.0   280.0
  10:21:41.437   756.7  1838.3   -180.0   280.0
  10:21:41.468   754.3  1838.3   -180.0   280.0
  10:21:41.515   752.1  1838.3   -180.0   280.0
  10:21:41.562   749.7  1838.3   -180.0   300.0
  10:21:41.609   747.4  1838.3   -180.0   310.0
  10:21:41.656   745.0  1838.3   -180.0   310.0
  10:21:41.703   742.7  1838.3   -180.0   340.0
  10:21:41.734   740.4  1838.3   -180.0   350.0
  10:21:41.781   738.1  1838.3   -180.0   350.0
  10:21:41.828   738.1  1838.3   -180.0   380.0
  10:21:41.875   735.5  1838.3   -180.0   390.0
  10:21:41.906   733.2  1838.3   -180.0   390.0
  10:21:41.953   731.0  1838.3   -180.0   410.0
  10:21:42.000   728.6  1838.3   -180.0   420.0
  10:21:42.046   725.8  1838.3   -180.0   420.0
  10:21:42.078   725.8  1838.3   -180.0   440.0
  10:21:42.125   723.2  1838.3   -180.0   450.0
  10:21:42.171   720.9  1838.3   -180.0   450.0
  10:21:42.218   718.5  1838.3   -180.0   470.0
  10:21:42.250   715.4  1838.3   -180.0   480.0
  10:21:42.296   713.1  1838.3   -180.0   480.0
  10:21:42.343   710.7  1838.3   -180.0   510.0
  10:21:42.390   710.7  1838.3   -180.0   520.0
  10:21:42.421   708.3  1838.3   -180.0   520.0
  10:21:42.468   706.0  1838.3   -180.0   520.0
  10:21:42.515   703.7  1838.3   -180.0   530.0
  10:21:42.562   701.4  1838.3   -180.0   530.0
  10:21:42.593   699.0  1838.3   -180.0   540.0
  10:21:42.640   699.0  1838.3   -180.0   540.0
  10:21:42.687   696.1  1838.3   -180.0   540.0
  10:21:42.734   693.6  1838.3   -180.0   550.0
  10:21:42.765   691.2  1838.3   -180.0   550.0
  10:21:42.812   688.9  1838.3   -180.0   540.0
  10:21:42.859   686.2  1838.3   -180.0   540.0
  10:21:42.906   684.2  1838.3   -180.0   550.0
  10:21:42.937   681.8  1838.3   -180.0   550.0
  10:21:42.984   679.4  1838.3   -180.0   550.0
  10:21:43.031   676.8  1838.3   -180.0   550.0
  10:21:43.078   674.9  1838.3   -180.0   550.0
  10:21:43.125   672.6  1838.3   -180.0   550.0
  10:21:43.156   672.6  1838.3   -180.0   550.0
  10:21:43.203   670.2  1838.3   -180.0   550.0
  10:21:43.250   667.8  1838.3   -180.0   550.0
  10:21:43.296   665.4  1838.3   -180.0   550.0
  10:21:43.328   663.0  1838.3   -180.0   550.0
  10:21:43.375   660.8  1838.3   -180.0   550.0
  10:21:43.437   658.5  1838.3   -180.0   550.0
  10:21:43.468   656.1  1838.3   -180.0   550.0
  10:21:43.500   653.7  1838.3   -180.0   550.0
  10:21:43.546   653.7  1838.3   -180.0   550.0
  10:21:43.578   651.5  1838.3   -180.0   550.0
  10:21:43.625   649.1  1838.3   -180.0   550.0
  10:21:43.671   646.8  1838.3   -180.0   550.0
  10:21:43.703   644.4  1838.3   -180.0   550.0
  10:21:43.750   642.2  1838.3   -180.0   550.0
  10:21:43.796   642.2  1838.3   -180.0   540.0
  10:21:43.828   639.8  1838.3   -180.0   540.0
  10:21:43.875   637.4  1838.3   -180.0   540.0
  10:21:43.921   635.0  1838.3   -180.0   540.0
  10:21:43.968   632.6  1838.3   -180.0   540.0
  10:21:44.000   630.3  1838.3   -180.0   550.0
  10:21:44.046   628.1  1838.3   -180.0   540.0
  10:21:44.093   625.8  1838.3   -180.0   540.0
  10:21:44.140   623.4  1838.3   -180.0   540.0
  10:21:44.171   621.0  1838.3   -180.0   550.0
  10:21:44.234   618.8  1838.3   -180.0   550.0
  10:21:44.265   618.8  1838.3   -180.0   550.0
  10:21:44.312   616.3  1838.3   -180.0   550.0
  10:21:44.343   614.0  1838.3   -180.0   550.0
  10:21:44.390   611.6  1838.3   -180.0   550.0
  10:21:44.421   609.4  1838.3   -180.0   550.0
  10:21:44.468   609.4  1838.3   -180.0   550.0
  10:21:44.500   607.0  1838.3   -180.0   560.0
  10:21:44.546   604.6  1838.3   -180.0   560.0
  10:21:44.578   602.3  1838.3   -180.0   560.0
  10:21:44.625   600.0  1838.3   -180.0   580.0
  10:21:44.671   597.6  1838.3   -180.0   570.0
  10:21:44.718   595.4  1838.3   -180.0   570.0
  10:21:44.765   593.0  1838.3   -180.0   570.0
  10:21:44.796   590.6  1838.3   -180.0   590.0
  10:21:44.843   588.3  1838.3   -180.0   590.0
  10:21:44.890   588.3  1838.3   -180.0   600.0
  10:21:44.937   585.9  1838.3   -180.0   620.0
  10:21:44.968   583.6  1838.3   -180.0   620.0
  10:21:45.015   581.2  1838.2   -180.0   690.0
  10:21:45.062   578.7  1838.2   -180.0   710.0
  10:21:45.109   576.6  1838.2   -180.0   700.0
  10:21:45.140   574.2  1838.2   -180.0   710.0
  10:21:45.187   571.9  1838.2   -180.0   850.0
  10:21:45.234   571.9  1838.2   -180.0   840.0
  10:21:45.265   569.5  1838.2   -180.0   850.0
  10:21:45.312   567.3  1838.2   -180.0   890.0
  10:21:45.359   564.9  1838.2   -180.0   890.0
  10:21:45.406   562.6  1838.2   -180.0  1040.0
  10:21:45.437   560.2  1838.2   -180.0  1050.0
  10:21:45.484   557.6  1838.2   -180.0  1050.0
  10:22:17.640    -0.1  1194.8    -90.0  1090.0
  10:22:17.687    -0.1  1192.5    -90.0  1040.0
  10:22:17.734    -0.1  1190.2    -90.0  1040.0
  10:22:17.812    -0.1  1185.5    -90.0   790.0
  10:22:17.859    -0.1  1183.2    -90.0   640.0
  10:22:17.906    -0.1  1180.8    -90.0   640.0
  10:22:17.953    -0.1  1178.5    -90.0   590.0
  10:22:17.984    -0.1  1178.5    -90.0   580.0
  10:22:18.031    -0.1  1176.1    -90.0   580.0
  10:22:18.078    -0.1  1173.8    -90.0   580.0
  10:22:18.109    -0.1  1171.5    -90.0   580.0
  10:22:18.156    -0.1  1169.1    -90.0   580.0
  10:22:18.203    -0.1  1166.8    -90.0   580.0
  10:22:18.250    -0.1  1164.4    -90.0   580.0
  10:22:18.281    -0.1  1162.2    -90.0   580.0
  10:22:18.328    -0.1  1159.9    -90.0   580.0
  10:22:18.375    -0.1  1159.9    -90.0   580.0
  10:22:18.421    -0.1  1157.5    -90.0   580.0
  10:22:18.468    -0.1  1155.1    -90.0   580.0
  10:22:18.500    -0.1  1152.8    -90.0   570.0
  10:22:18.546    -0.1  1150.5    -90.0   580.0
  10:22:18.593    -0.1  1148.0    -90.0   580.0
  10:22:18.640    -0.1  1145.7    -90.0   580.0
  10:22:18.671    -0.1  1143.4    -90.0   580.0
  10:22:18.718    -0.1  1141.0    -90.0   580.0
  10:22:18.765    -0.1  1138.6    -90.0   580.0
  10:22:18.812    -0.1  1138.6    -90.0   580.0
  10:22:18.843    -0.1  1136.4    -90.0   570.0
  10:22:18.890    -0.1  1134.0    -90.0   570.0
  10:22:18.937    -0.1  1131.7    -90.0   580.0
  10:22:18.984    -0.1  1129.4    -90.0   580.0
  10:22:19.031    -0.1  1127.1    -90.0   580.0
  10:22:19.062    -0.1  1124.7    -90.0   580.0
  10:22:19.109    -0.1  1122.3    -90.0   580.0
  10:22:19.156    -0.1  1120.0    -90.0   580.0
  10:22:19.203    -0.1  1117.6    -90.0   580.0
  10:22:19.234    -0.1  1117.6    -90.0   580.0
  10:22:19.281    -0.1  1115.3    -90.0   580.0
  10:22:19.328    -0.1  1113.0    -90.0   580.0
  10:22:19.375    -0.1  1110.6    -90.0   580.0
  10:22:19.406    -0.1  1108.3    -90.0   570.0
  10:22:19.453    -0.1  1106.0    -90.0   580.0
  10:22:19.500    -0.1  1103.6    -90.0   580.0
  10:22:19.546    -0.1  1101.2    -90.0   580.0
  10:22:19.578     0.0  1099.0    -90.0   580.0
  10:22:19.625     0.0  1096.6    -90.0   580.0
  10:22:19.656     0.0  1096.6    -90.0   570.0
  10:22:19.703     0.0  1094.2    -90.0   570.0
  10:22:19.750     0.0  1092.0    -90.0   570.0
  10:22:19.781     0.0  1089.6    -90.0   570.0
  10:22:19.828     0.0  1087.2    -90.0   570.0
  10:22:19.843     0.0  1087.2    -90.0   570.0
  10:22:19.890     0.0  1084.8    -90.0   570.0
  10:22:19.937     0.0  1082.6    -90.0   570.0
  10:22:19.984     0.0  1080.3    -90.0   570.0
  10:22:20.015     0.0  1077.7    -90.0   570.0
  10:22:20.062     0.0  1075.6    -90.0   580.0
  10:22:20.109     0.0  1073.2    -90.0   570.0
  10:22:20.156     0.0  1073.2    -90.0   570.0
  10:22:20.203     0.0  1070.9    -90.0   570.0
  10:22:20.234     0.0  1068.5    -90.0   560.0
  10:22:20.281     0.0  1066.2    -90.0   560.0
  10:22:20.328     0.0  1063.7    -90.0   560.0
  10:22:20.375     0.0  1061.6    -90.0   570.0
  10:22:20.406     0.0  1059.1    -90.0   570.0
  10:22:20.453     0.0  1056.9    -90.0   570.0
  10:22:20.500     0.0  1054.4    -90.0   560.0
  10:22:20.546     0.0  1052.2    -90.0   560.0
  10:22:20.578     0.0  1049.9    -90.0   570.0
  10:22:20.625     0.0  1049.9    -90.0   570.0
  10:22:20.671     0.0  1047.5    -90.0   570.0
  10:22:20.718     0.0  1045.1    -90.0   570.0
  10:22:20.765     0.0  1042.8    -90.0   570.0
  10:22:20.796     0.0  1040.5    -90.0   570.0
  10:22:20.843     0.0  1038.1    -90.0   570.0
  10:22:20.890     0.0  1035.8    -90.0   570.0
  10:22:20.937     0.0  1033.4    -90.0   570.0
  10:22:20.968     0.0  1031.1    -90.0   570.0
  10:22:21.015     0.0  1028.8    -90.0   570.0
  10:22:21.062     0.0  1028.8    -90.0   570.0
  10:22:21.109     0.0  1026.4    -90.0   570.0
  10:22:21.140     0.0  1024.2    -90.0   560.0
  10:22:21.187     0.0  1021.7    -90.0   560.0
  10:22:21.234     0.0  1019.4    -90.0   560.0
  10:22:21.265     0.0  1017.1    -90.0   560.0
  10:22:21.312     0.0  1014.7    -90.0   560.0
  10:22:21.343     0.0  1012.3    -90.0   570.0
  10:22:21.421     0.0  1010.1    -90.0   560.0
  10:22:21.437     0.0  1010.1    -90.0   560.0
  10:22:21.484     0.0  1007.8    -90.0   560.0
  10:22:21.531     0.0  1005.4    -90.0   560.0
  10:22:21.562     0.0  1002.9    -90.0   560.0
  10:22:21.609     0.0  1000.8    -90.0   560.0
  10:22:21.656     0.0   998.4    -90.0   560.0
  10:22:21.703     0.0   995.9    -90.0   550.0
  10:22:21.734     0.0   993.6    -90.0   560.0
  10:22:21.781     0.0   991.4    -90.0   550.0
  10:22:21.828     0.0   989.0    -90.0   550.0
  10:22:21.859     0.0   989.0    -90.0   550.0
  10:22:21.906     0.0   986.6    -90.0   560.0
  10:22:21.953     0.0   984.3    -90.0   560.0
  10:22:21.984     0.0   982.0    -90.0   560.0
  10:22:22.031     0.0   979.4    -90.0   560.0
  10:22:22.078     0.0   977.3    -90.0   560.0
  10:22:22.125     0.0   975.0    -90.0   560.0
  10:22:22.156     0.0   975.0    -90.0   560.0
  10:22:22.203     0.0   972.6    -90.0   550.0
  10:22:22.250     0.1   970.0    -90.0   550.0
  10:22:22.296     0.1   968.0    -90.0   550.0
  10:22:22.328     0.1   965.6    -90.0   550.0
  10:22:22.375     0.1   963.3    -90.0   550.0
  10:22:22.421     0.1   961.0    -90.0   550.0
  10:22:22.468     0.1   958.6    -90.0   550.0
  10:22:22.500     0.1   956.2    -90.0   550.0
  10:22:22.546     0.1   956.2    -90.0   550.0
  10:22:22.593     0.1   953.8    -90.0   550.0
  10:22:22.625     0.1   951.6    -90.0   550.0
  10:22:22.671     0.1   949.2    -90.0   550.0
  10:22:22.718     0.1   947.0    -90.0   550.0
  10:22:22.765     0.1   944.6    -90.0   550.0
  10:22:22.812     0.1   942.2    -90.0   550.0
  10:22:22.843     0.1   939.9    -90.0   550.0
  10:22:22.890     0.1   937.5    -90.0   550.0
  10:22:22.937     0.1   935.3    -90.0   550.0
  10:22:22.968     0.1   935.3    -90.0   550.0
  10:22:23.015     0.1   932.8    -90.0   550.0
  10:22:23.062     0.1   930.6    -90.0   550.0
  10:22:23.109     0.1   928.2    -90.0   550.0
  10:22:23.156     0.1   925.8    -90.0   550.0
  10:22:23.187     0.1   923.6    -90.0   540.0
  10:22:23.234     0.1   921.2    -90.0   540.0
  10:22:23.281     0.1   918.9    -90.0   550.0
  10:22:23.328     0.1   916.4    -90.0   540.0
  10:22:23.359     0.1   914.2    -90.0   540.0
  10:22:23.406     0.1   914.2    -90.0   540.0
  10:22:23.453     0.1   911.9    -90.0   540.0
  10:22:23.500     0.1   909.2    -90.0   540.0
  10:22:23.531     0.1   907.1    -90.0   540.0
  10:22:23.578     0.1   904.7    -90.0   540.0
  10:22:23.625     0.1   902.5    -90.0   540.0
  10:22:23.671     0.1   900.1    -90.0   540.0
  10:22:23.703     0.1   897.8    -90.0   530.0
  10:22:23.750     0.1   895.4    -90.0   510.0
  10:22:23.796     0.1   895.4    -90.0   510.0
  10:22:23.843     0.1   893.2    -90.0   480.0
  10:22:23.875     0.1   890.7    -90.0   470.0
  10:22:23.921     0.1   888.4    -90.0   470.0
  10:22:23.968     0.1   886.0    -90.0   460.0
  10:22:24.015     0.1   883.8    -90.0   460.0
  10:22:24.062     0.1   881.5    -90.0   460.0
  10:22:24.093     0.1   878.9    -90.0   460.0
  10:22:24.140     0.1   876.7    -90.0   460.0
  10:22:24.187     0.1   874.4    -90.0   460.0
  10:22:24.218     0.1   872.1    -90.0   460.0
  10:22:24.265     0.1   872.1    -90.0   460.0
  10:22:24.312     0.1   869.6    -90.0   460.0
  10:22:24.359     0.1   867.3    -90.0   450.0
  10:22:24.390     0.1   865.1    -90.0   450.0
  10:22:24.437     0.1   862.7    -90.0   450.0
  10:22:24.484     0.1   860.3    -90.0   450.0
  10:22:24.531     0.1   858.0    -90.0   450.0
  10:22:24.562     0.1   855.7    -90.0   450.0
  10:22:24.609     0.1   853.3    -90.0   450.0
  10:22:24.671     0.1   850.9    -90.0   450.0
  10:22:24.703     0.1   850.9    -90.0   450.0
  10:22:24.734     0.1   847.9    -90.0   450.0
  10:22:24.781     0.1   845.6    -90.0   450.0
  10:22:24.828     0.1   843.2    -90.0   450.0
  10:22:24.875     0.1   840.5    -90.0   450.0
  10:22:24.921     0.2   838.6    -90.0   450.0
  10:22:24.953     0.2   838.6    -90.0   450.0
  10:22:25.015     0.2   833.8    -90.0   450.0
  10:22:25.062     0.2   831.6    -90.0   450.0
  10:22:25.093     0.2   831.6    -90.0   450.0
  10:22:25.125     0.2   829.1    -90.0   450.0
  10:22:25.171     0.2   826.9    -90.0   450.0
  10:22:25.218     0.2   824.6    -90.0   450.0
  10:22:25.265     0.2   822.2    -90.0   450.0
  10:22:25.296     0.2   819.6    -90.0   450.0
  10:22:25.343     0.2   817.4    -90.0   450.0
  10:22:25.390     0.2   817.4    -90.0   450.0
  10:22:25.437     0.2   815.1    -90.0   450.0
  10:22:25.468     0.2   812.7    -90.0   450.0
  10:22:25.515     0.2   810.5    -90.0   440.0
  10:22:25.562     0.2   808.1    -90.0   440.0
  10:22:25.609     0.2   805.7    -90.0   440.0
  10:22:25.640     0.2   803.4    -90.0   440.0
  10:22:25.687     0.2   800.9    -90.0   440.0
  10:22:25.734     0.2   798.7    -90.0   440.0
  10:22:25.781     0.2   796.5    -90.0   440.0
  10:22:25.828     0.2   794.1    -90.0   440.0
  10:22:25.859     0.2   794.1    -90.0   440.0
  10:22:25.906     0.2   791.7    -90.0   440.0
  10:22:25.953     0.2   789.4    -90.0   440.0
  10:22:26.000     0.2   787.0    -90.0   440.0
  10:22:26.031     0.2   784.7    -90.0   440.0
  10:22:26.078     0.2   782.5    -90.0   440.0
  10:22:26.125     0.2   780.1    -90.0   440.0
  10:22:26.171     0.2   777.7    -90.0   440.0
  10:22:26.218     0.2   775.3    -90.0   440.0
  10:22:26.250     0.2   773.1    -90.0   440.0
  10:22:26.296     0.2   773.1    -90.0   440.0
  10:22:26.343     0.2   770.7    -90.0   440.0
  10:22:26.375     0.2   768.3    -90.0   440.0
  10:22:26.421     0.2   766.0    -90.0   440.0
  10:22:26.468     0.2   763.7    -90.0   440.0
  10:22:26.515     0.2   761.4    -90.0   440.0
  10:22:26.546     0.2   758.9    -90.0   440.0
  10:22:26.593     0.2   756.7    -90.0   440.0
  10:22:26.640     0.2   754.3    -90.0   440.0
  10:22:26.687     0.2   751.9    -90.0   440.0
  10:22:26.718     0.2   751.9    -90.0   440.0
  10:22:26.765     0.2   749.6    -90.0   440.0
  10:22:26.812     0.2   747.3    -90.0   440.0
  10:22:26.859     0.2   744.9    -90.0   440.0
  10:22:26.906     0.2   742.5    -90.0   440.0
  10:22:26.937     0.2   740.2    -90.0   440.0
  10:22:26.984     0.2   737.9    -90.0   440.0
  10:22:27.031     0.2   735.5    -90.0   440.0
  10:22:27.078     0.2   733.3    -90.0   440.0
  10:22:27.125     0.2   730.9    -90.0   430.0
  10:22:27.156     0.2   728.7    -90.0   440.0
  10:22:27.203     0.2   728.7    -90.0   430.0
  10:22:27.250     0.2   726.2    -90.0   430.0
  10:22:27.281     0.2   723.8    -90.0   430.0
  10:22:27.328     0.2   721.6    -90.0   430.0
  10:22:27.375     0.2   719.2    -90.0   430.0
  10:22:27.406     0.2   716.8    -90.0   430.0
  10:22:27.453     0.2   714.6    -90.0   430.0
  10:22:27.500     0.2   712.2    -90.0   430.0
  10:22:27.546     0.2   709.9    -90.0   430.0
  10:22:27.593     0.2   709.9    -90.0   430.0
  10:22:27.625     0.3   707.5    -90.0   430.0
  10:22:27.671     0.3   705.2    -90.0   430.0
  10:22:27.718     0.3   702.8    -90.0   430.0
  10:22:27.750     0.3   700.6    -90.0   430.0
  10:22:27.796     0.3   698.1    -90.0   430.0
  10:22:27.843     0.3   695.8    -90.0   430.0
  10:22:27.890     0.3   693.5    -90.0   430.0
  10:22:27.937     0.3   691.1    -90.0   430.0
  10:22:27.953     0.3   691.1    -90.0   430.0
  10:22:28.000     0.3   688.8    -90.0   430.0
  10:22:28.031     0.3   686.5    -90.0   430.0
  10:22:28.078     0.3   684.1    -90.0   430.0
  10:22:28.125     0.3   681.8    -90.0   430.0
  10:22:28.171     0.3   679.5    -90.0   430.0
  10:22:28.218     0.3   679.5    -90.0   430.0
  10:22:28.250     0.3   677.1    -90.0   430.0
  10:22:28.296     0.3   674.7    -90.0   430.0
  10:22:28.343     0.3   672.4    -90.0   430.0
  10:22:28.375     0.3   670.1    -90.0   430.0
  10:22:28.406     0.3   667.7    -90.0   430.0
  10:22:28.453     0.3   665.5    -90.0   430.0
  10:22:28.500     0.3   665.5    -90.0   430.0
  10:22:28.546     0.3   663.0    -90.0   430.0
  10:22:28.593     0.3   660.7    -90.0   420.0
  10:22:28.625     0.3   658.4    -90.0   420.0
  10:22:28.671     0.3   656.1    -90.0   420.0
  10:22:28.734     0.3   653.8    -90.0   420.0
  10:22:28.750     0.3   653.8    -90.0   420.0
  10:22:28.796     0.3   650.8    -90.0   420.0
  10:22:28.828     0.3   648.1    -90.0   420.0
  10:22:28.875     0.3   645.8    -90.0   420.0
  10:22:28.937     0.3   643.6    -90.0   420.0
  10:22:28.968     0.3   641.2    -90.0   420.0
  10:22:29.000     0.3   638.7    -90.0   420.0
  10:22:29.046     0.3   636.6    -90.0   420.0
  10:22:29.093     0.3   636.6    -90.0   430.0
  10:22:29.125     0.3   634.2    -90.0   430.0
  10:22:29.171     0.3   631.9    -90.0   430.0
  10:22:29.218     0.3   629.5    -90.0   440.0
  10:22:29.265     0.3   627.2    -90.0   440.0
  10:22:29.296     0.3   624.9    -90.0   460.0
  10:22:29.359     0.3   622.5    -90.0   470.0
  10:22:29.390     0.3   622.5    -90.0   470.0
  10:22:29.437     0.3   619.4    -90.0   480.0
  10:22:29.484     0.3   617.1    -90.0   500.0
  10:22:29.515     0.3   614.8    -90.0   500.0
  10:22:29.562     0.3   612.4    -90.0   530.0
  10:22:29.609     0.3   610.1    -90.0   530.0
  10:22:29.656     0.3   607.7    -90.0   530.0
  10:22:29.687     0.3   605.3    -90.0   560.0
  10:22:29.734     0.3   602.5    -90.0   590.0
  10:22:29.781     0.3   602.5    -90.0   580.0
  10:22:29.812     0.3   600.8    -90.0   590.0
  10:22:29.859     0.3   598.3    -90.0   630.0
  10:22:29.906     0.3   596.0    -90.0   610.0
  10:22:29.953     0.3   593.7    -90.0   620.0
  10:22:29.984     0.3   591.3    -90.0   630.0
  10:22:30.031     0.3   588.8    -90.0   630.0
  10:22:30.078     0.3   586.7    -90.0   640.0
  10:22:30.109     0.3   586.7    -90.0   660.0
  10:22:30.156     0.3   584.4    -90.0   660.0
  10:22:30.203     0.3   581.9    -90.0   700.0
  10:22:30.250     0.3   579.7    -90.0   760.0
  10:22:30.281     0.4   577.3    -90.0   760.0
  10:22:30.343     0.4   575.0    -90.0   800.0
  10:22:30.375     0.4   572.5    -90.0   860.0
  10:22:30.421     0.4   570.2    -90.0   760.0
  10:22:30.437     0.4   570.2    -90.0   760.0
  10:22:30.484     0.4   568.0    -90.0   860.0
  10:22:30.531     0.4   565.5    -90.0   860.0
  10:22:30.578     0.4   563.3    -90.0   910.0
  10:22:30.609     0.4   560.8    -90.0   890.0
  10:22:30.656     0.4   558.5    -90.0   890.0
