Лабораторная работа 1. Анализ сенсорных данных об объекте

Маршрут: квадрат
Направление движения: против часовой стрелки
Скорость движения: 50.0 мм/с
Рабочий дальномер: левый (Rf_L)
Матрица положения дальномера Rf_L:
   0.000  -1.000   0.000  -120.0
   1.000   0.000   0.000   241.0
   0.000   0.000   1.000   229.5
       0       0       0       1

Выходная информация: положение робота, данные дальномера об объекте

          Time   X_rob   Y_rob  Ang_rob    Rf_L
  чч:мм:сс.ссс      мм      мм     град      мм
  10:35:08.781   755.2     0.1      0.0   990.0
  10:35:08.812   757.5     0.1      0.0   990.0
  10:35:08.859   759.8     0.1      0.0   610.0
  10:35:08.906   762.3     0.1      0.0   600.0
  10:35:08.953   764.5     0.1      0.0   600.0
  10:35:09.000   764.5     0.1      0.0   490.0
  10:35:09.031   767.0     0.1      0.0   480.0
  10:35:09.078   769.3     0.1      0.0   480.0
  10:35:09.125   771.6     0.1      0.0   490.0
  10:35:09.171   774.0     0.1      0.0   490.0
  10:35:09.203   776.3     0.1      0.0   490.0
  10:35:09.250   778.6     0.1      0.0   490.0
  10:35:09.296   781.0     0.1      0.0   480.0
  10:35:09.343   783.3     0.1      0.0   480.0
  10:35:09.375   785.7     0.1      0.0   480.0
  10:35:09.421   785.7     0.1      0.0   480.0
  10:35:09.468   788.1     0.1      0.0   480.0
  10:35:09.515   790.3     0.1      0.0   480.0
  10:35:09.546   792.7     0.1      0.0   480.0
  10:35:09.578   794.9     0.1      0.0   480.0
  10:35:09.625   797.6     0.1      0.0   480.0
  10:35:09.671   797.6     0.1      0.0   480.0
  10:35:09.703   799.7     0.1      0.0   480.0
  10:35:09.750   802.1     0.1      0.0   480.0
  10:35:09.796   804.3     0.1      0.0   480.0
  10:35:09.843   806.7     0.1      0.0   480.0
  10:35:09.875   809.0     0.1      0.0   480.0
  10:35:09.921   811.5     0.1      0.0   480.0
  10:35:09.968   813.7     0.1      0.0   480.0
  10:35:09.984   813.7     0.1      0.0   480.0
  10:35:10.031   816.0     0.1      0.0   480.0
  10:35:10.078   818.4     0.1      0.0   480.0
  10:35:10.109   820.9     0.1      0.0   480.0
  10:35:10.140   820.9     0.1      0.0   480.0
  10:35:10.187   823.0     0.1      0.0   480.0
  10:35:10.234   825.4     0.1      0.0   480.0
  10:35:10.265   827.7     0.1      0.0   480.0
  10:35:10.312   830.2     0.1      0.0   480.0
  10:35:10.359   832.4     0.1      0.0   480.0
  10:35:10.406   834.7     0.1      0.0   480.0
  10:35:10.437   837.0     0.1      0.0   480.0
  10:35:10.484   839.4     0.1      0.0   470.0
  10:35:10.531   841.7     0.1      0.0   470.0
  10:35:10.578   841.7     0.1      0.0   470.0
  10:35:10.609   844.2     0.1      0.0   470.0
  10:35:10.656   846.5     0.1      0.0   470.0
  10:35:10.703   848.8     0.1      0.0   470.0
  10:35:10.750   851.1     0.1      0.0   470.0
  10:35:10.796   853.4     0.1      0.0   470.0
  10:35:10.843   855.8     0.1      0.0   470.0
  10:35:10.875   858.2     0.1      0.0   470.0
  10:35:10.921   860.5     0.1      0.0   470.0
  10:35:10.968   862.9     0.1      0.0   470.0
  10:35:11.000   862.9     0.1      0.0   470.0
  10:35:11.046   865.2     0.1      0.0   470.0
  10:35:11.093   867.5     0.1      0.0   470.0
  10:35:11.140   869.9     0.1      0.0   470.0
  10:35:11.171   872.2     0.1      0.0   470.0
  10:35:11.218   874.6     0.1      0.0   470.0
  10:35:11.265   876.9     0.1      0.0   470.0
  10:35:11.312   879.2     0.1      0.0   470.0
  10:35:11.359   881.5     0.1      0.0   470.0
  10:35:11.390   883.8     0.1      0.0   470.0
  10:35:11.437   886.2     0.1      0.0   470.0
  10:35:11.484   886.2     0.1      0.0   470.0
  10:35:11.531   888.6     0.1      0.0   460.0
  10:35:11.562   890.8     0.1      0.0   460.0
  10:35:11.609   893.3     0.1      0.0   460.0
  10:35:11.656   895.6     0.1      0.0   460.0
  10:35:11.703   898.0     0.1      0.0   460.0
  10:35:11.734   900.3     0.1      0.0   460.0
  10:35:11.781   902.6     0.1      0.0   470.0
  10:35:11.828   905.1     0.1      0.0   460.0
  10:35:11.875   907.3     0.1      0.0   460.0
  10:35:11.921   907.3     0.1      0.0   460.0
  10:35:11.953   909.7     0.1      0.0   460.0
  10:35:12.000   912.0     0.1      0.0   460.0
  10:35:12.046   914.3     0.1      0.0   460.0
  10:35:12.093   916.7     0.1      0.0   460.0
  10:35:12.125   919.0     0.1      0.0   460.0
  10:35:12.171   921.3     0.1      0.0   460.0
  10:35:12.218   923.7     0.1      0.0   460.0
  10:35:12.265   926.0     0.1      0.0   460.0
  10:35:12.296   926.0     0.1      0.0   460.0
  10:35:12.343   928.4     0.1      0.0   460.0
  10:35:12.390   930.7     0.1      0.0   460.0
  10:35:12.437   933.0     0.1      0.0   460.0
  10:35:12.484   935.4     0.1      0.0   460.0
  10:35:12.515   937.6     0.1      0.0   460.0
  10:35:12.562   940.0     0.1      0.0   460.0
  10:35:12.609   942.3     0.1      0.0   450.0
  10:35:12.640   944.7     0.1      0.0   460.0
  10:35:12.687   947.2     0.1      0.0   460.0
  10:35:12.734   947.2     0.1      0.0   460.0
  10:35:12.781   949.4     0.1      0.0   460.0
  10:35:12.812   951.7     0.1      0.0   460.0
  10:35:12.875   954.0     0.1      0.0   460.0
  10:35:12.906   956.7     0.1      0.0   460.0
  10:35:12.953   958.8     0.1      0.0   460.0
  10:35:13.000   961.1     0.1      0.0   450.0
  10:35:13.031   963.3     0.1      0.0   450.0
  10:35:13.078   965.7     0.1      0.0   460.0
  10:35:13.125   968.1     0.1      0.0   450.0
  10:35:13.171   968.1     0.1      0.0   450.0
  10:35:13.203   970.5     0.1      0.0   450.0
  10:35:13.234   972.8     0.1      0.0   440.0
  10:35:13.296   975.1     0.1      0.0   450.0
  10:35:13.328   977.5     0.1      0.0   450.0
  10:35:13.359   979.8     0.1      0.0   450.0
  10:35:13.421   982.1     0.1      0.0   450.0
  10:35:13.453   982.1     0.1      0.0   450.0
  10:35:13.500   984.6     0.1      0.0   450.0
  10:35:13.546   987.1     0.1      0.0   450.0
  10:35:13.578   989.2     0.1      0.0   450.0
  10:35:13.625   991.5     0.1      0.0   450.0
  10:35:13.671   993.8     0.1      0.0   450.0
  10:35:13.718   996.2     0.1      0.0   450.0
  10:35:13.750   998.4     0.1      0.0   450.0
  10:35:13.796  1000.8     0.1      0.0   450.0
  10:35:13.843  1003.3     0.1      0.0   450.0
  10:35:13.875  1003.3     0.1      0.0   450.0
  10:35:13.921  1005.5     0.1      0.0   450.0
  10:35:13.968  1007.9     0.1      0.0   450.0
  10:35:14.000  1010.3     0.1      0.0   440.0
  10:35:14.046  1012.5     0.1      0.0   440.0
  10:35:14.093  1014.9     0.1      0.0   450.0
  10:35:14.125  1017.2     0.1      0.0   450.0
  10:35:14.171  1019.6     0.1      0.0   450.0
  10:35:14.218  1019.6     0.1      0.0   450.0
  10:35:14.265  1021.8     0.1      0.0   440.0
  10:35:14.296  1024.2     0.1      0.0   440.0
  10:35:14.343  1026.6     0.1      0.0   450.0
  10:35:14.390  1029.0     0.1      0.0   440.0
  10:35:14.437  1031.3     0.1      0.0   440.0
  10:35:14.468  1033.6     0.1      0.0   440.0
  10:35:14.515  1035.9     0.1      0.0   440.0
  10:35:14.562  1038.3     0.1      0.0   440.0
  10:35:14.593  1038.3     0.1      0.0   440.0
  10:35:14.640  1040.6     0.1      0.0   440.0
  10:35:14.703  1045.2     0.1      0.0   440.0
  10:35:14.734  1045.2     0.1      0.0   440.0
  10:35:14.781  1047.6     0.1      0.0   440.0
  10:35:14.812  1050.0     0.1      0.0   440.0
  10:35:14.859  1052.2     0.1      0.0   440.0
  10:35:14.906  1054.7     0.1      0.0   440.0
  10:35:14.953  1057.0     0.1      0.0   440.0
  10:35:14.984  1059.4     0.1      0.0   440.0
  10:35:15.031  1059.4     0.1      0.0   440.0
  10:35:15.078  1061.7     0.1      0.0   440.0
  10:35:15.125  1064.0     0.1      0.0   440.0
  10:35:15.156  1066.3     0.1      0.0   440.0
  10:35:15.203  1068.6     0.1      0.0   440.0
  10:35:15.250  1071.0     0.1      0.0   440.0
  10:35:15.281  1073.4     0.1      0.0   440.0
  10:35:15.328  1075.7     0.1      0.0   440.0
  10:35:15.359  1075.7     0.1      0.0   440.0
  10:35:15.406  1078.0     0.1      0.0   430.0
  10:35:15.437  1080.4     0.1      0.0   440.0
  10:35:15.484  1082.8     0.1      0.0   440.0
  10:35:15.531  1085.1     0.1      0.0   440.0
  10:35:15.578  1087.5     0.1      0.0   440.0
  10:35:15.625  1089.8     0.1      0.0   440.0
  10:35:15.656  1092.0     0.1      0.0   440.0
  10:35:15.703  1092.0     0.1      0.0   440.0
  10:35:15.750  1094.4     0.1      0.0   440.0
  10:35:15.781  1096.8     0.1      0.0   430.0
  10:35:15.828  1099.1     0.1      0.0   430.0
  10:35:15.875  1101.5     0.1      0.0   430.0
  10:35:15.921  1103.8     0.1      0.0   430.0
  10:35:15.968  1106.1     0.1      0.0   430.0
  10:35:16.015  1108.4     0.1      0.0   430.0
  10:35:16.046  1110.7     0.1      0.0   430.0
  10:35:16.093  1113.2     0.1      0.0   430.0
  10:35:16.140  1113.2     0.1      0.0   430.0
  10:35:16.187  1115.4     0.1      0.0   430.0
  10:35:16.218  1117.7     0.1      0.0   430.0
  10:35:16.265  1120.1     0.1      0.0   430.0
  10:35:16.312  1122.5     0.1      0.0   430.0
  10:35:16.359  1124.9     0.1      0.0   430.0
  10:35:16.390  1127.1     0.1      0.0   430.0
  10:35:16.437  1129.5     0.1      0.0   430.0
  10:35:16.484  1131.9     0.1      0.0   430.0
  10:35:16.531  1134.1     0.1      0.0   430.0
  10:35:16.562  1136.5     0.1      0.0   430.0
  10:35:16.609  1138.8     0.1      0.0   430.0
  10:35:16.656  1138.8     0.1      0.0   430.0
  10:35:16.703  1141.1     0.1      0.0   430.0
  10:35:16.750  1143.5     0.1      0.0   430.0
  10:35:16.781  1146.1     0.1      0.0   420.0
  10:35:16.828  1148.2     0.1      0.0   420.0
  10:35:16.875  1150.5     0.1      0.0   430.0
  10:35:16.921  1152.8     0.1      0.0   430.0
  10:35:16.968  1155.2     0.1      0.0   430.0
  10:35:17.000  1157.5     0.1      0.0   430.0
  10:35:17.046  1160.0     0.1      0.0   430.0
  10:35:17.093  1160.0     0.1      0.0   430.0
  10:35:17.140  1162.2     0.1      0.0   430.0
  10:35:17.171  1164.5     0.1      0.0   430.0
  10:35:17.218  1167.0     0.1      0.0   420.0
  10:35:17.265  1169.3     0.1      0.0   420.0
  10:35:17.312  1171.6     0.1      0.0   430.0
  10:35:17.343  1173.9     0.1      0.0   420.0
  10:35:17.390  1176.2     0.1      0.0   420.0
  10:35:17.437  1178.7     0.1      0.0   420.0
  10:35:17.484  1181.0     0.1      0.0   420.0
  10:35:17.515  1181.0     0.1      0.0   420.0
  10:35:17.562  1183.4     0.1      0.0   420.0
  10:35:17.609  1185.7     0.1      0.0   420.0
  10:35:17.656  1188.0     0.1      0.0   420.0
  10:35:17.687  1190.4     0.1      0.0   420.0
  10:35:17.734  1192.7     0.1      0.0   420.0
  10:35:17.781  1195.1     0.1      0.0   420.0
  10:35:17.828  1197.3     0.1      0.0   420.0
  10:35:17.859  1197.3     0.1      0.0   420.0
  10:35:17.890  1199.7     0.1      0.0   420.0
  10:35:17.937  1202.1     0.1      0.0   420.0
  10:35:17.984  1204.4     0.1      0.0   410.0
  10:35:18.031  1207.5     0.1      0.0   420.0
  10:35:18.062  1207.5     0.1      0.0   420.0
  10:35:18.109  1209.9     0.1      0.0   420.0
  10:35:18.156  1212.2     0.1      0.0   420.0
  10:35:18.187  1214.7     0.1      0.0   410.0
  10:35:18.234  1216.7     0.1      0.0   410.0
  10:35:18.281  1219.1     0.1      0.0   420.0
  10:35:18.328  1221.5     0.1      0.0   420.0
  10:35:18.359  1224.0     0.1      0.0   420.0
  10:35:18.406  1226.2     0.1      0.0   430.0
  10:35:18.453  1226.2     0.1      0.0   430.0
  10:35:18.500  1228.5     0.1      0.0   430.0
  10:35:18.531  1230.8     0.1      0.0   460.0
  10:35:18.578  1233.2     0.1      0.0   470.0
  10:35:18.625  1235.5     0.1      0.0   470.0
  10:35:18.671  1238.0     0.1      0.0   480.0
  10:35:18.718  1240.3     0.1      0.0   480.0
  10:35:18.765  1242.5     0.1      0.0   480.0
  10:35:18.796  1245.0     0.1      0.0   490.0
  10:35:18.843  1247.2     0.1      0.0   500.0
  10:35:18.890  1249.5     0.1      0.0   500.0
  10:35:18.937  1251.9     0.1      0.0   560.0
  10:35:18.968  1251.9     0.1      0.0   570.0
  10:35:19.015  1254.2     0.1      0.0   570.0
  10:35:19.062  1256.6     0.1      0.0   570.0
  10:35:19.093  1258.9     0.1      0.0   570.0
  10:35:19.140  1261.3     0.1      0.0   570.0
  10:35:19.187  1263.6     0.1      0.0   610.0
  10:35:19.234  1265.9     0.1      0.0   650.0
  10:35:19.281  1268.2     0.1      0.0   650.0
  10:35:19.312  1270.6     0.1      0.0   660.0
  10:35:19.359  1273.0     0.1      0.0   670.0
  10:35:19.406  1273.0     0.1      0.0   670.0
  10:35:19.453  1275.3     0.1      0.0   730.0
  10:35:19.484  1277.6     0.1      0.0   670.0
  10:35:19.531  1280.1     0.1      0.0   670.0
  10:35:19.578  1282.3     0.1      0.0   710.0
  10:35:19.593  1284.7     0.1      0.0  1000.0
  10:35:19.640  1284.7     0.1      0.0   760.0
  10:35:19.687  1287.0     0.1      0.0   880.0
  10:35:19.734  1289.4     0.1      0.0   910.0
  10:35:19.765  1291.7     0.1      0.0   900.0
  10:35:19.812  1293.9     0.1      0.0   900.0
  10:35:19.843  1296.4     0.1      0.0   870.0
  10:35:19.890  1298.7     0.1      0.0   870.0
  10:35:19.937  1301.1     0.1      0.0  1040.0
  10:35:19.984  1303.4     0.1      0.0  1060.0
  10:35:20.015  1303.4     0.1      0.0   960.0
  10:35:20.062  1305.8     0.1      0.0   970.0
  10:35:20.109  1308.2     0.1      0.0  1010.0
  10:35:20.156  1310.4     0.1      0.0  1010.0
  10:35:20.187  1312.8     0.1      0.0  1010.0
  10:35:20.234  1315.1     0.1      0.0   950.0
  10:35:20.281  1317.4     0.1      0.0   950.0
  10:35:53.984  1838.5   796.9     90.0   860.0
  10:35:54.015  1838.5   799.4     90.0   610.0
  10:35:54.062  1838.5   801.7     90.0   610.0
  10:35:54.109  1838.5   804.1     90.0   490.0
  10:35:54.156  1838.5   806.4     90.0   470.0
  10:35:54.203  1838.5   808.7     90.0   470.0
  10:35:54.234  1838.5   811.1     90.0   470.0
  10:35:54.281  1838.5   813.5     90.0   460.0
  10:35:54.328  1838.5   813.5     90.0   460.0
  10:35:54.375  1838.5   815.7     90.0   460.0
  10:35:54.406  1838.5   818.0     90.0   460.0
  10:35:54.453  1838.5   820.3     90.0   460.0
  10:35:54.500  1838.5   822.7     90.0   470.0
  10:35:54.546  1838.5   825.1     90.0   460.0
  10:35:54.578  1838.5   827.4     90.0   470.0
  10:35:54.625  1838.5   829.7     90.0   460.0
  10:35:54.671  1838.5   832.0     90.0   460.0
  10:35:54.734  1838.5   832.0     90.0   460.0
  10:35:54.750  1838.5   834.5     90.0   460.0
  10:35:54.796  1838.5   837.6     90.0   460.0
  10:35:54.843  1838.5   839.9     90.0   460.0
  10:35:54.890  1838.5   842.3     90.0   460.0
  10:35:54.937  1838.5   844.6     90.0   460.0
  10:35:54.968  1838.5   846.9     90.0   460.0
  10:35:55.015  1838.5   846.9     90.0   460.0
  10:35:55.062  1838.4   849.1     90.0   450.0
  10:35:55.093  1838.4   851.5     90.0   460.0
  10:35:55.125  1838.4   853.9     90.0   450.0
  10:35:55.171  1838.4   856.3     90.0   450.0
  10:35:55.218  1838.4   858.5     90.0   460.0
  10:35:55.250  1838.4   858.5     90.0   460.0
  10:35:55.296  1838.4   860.9     90.0   460.0
  10:35:55.343  1838.4   863.2     90.0   460.0
  10:35:55.390  1838.4   865.9     90.0   460.0
  10:35:55.421  1838.4   867.9     90.0   450.0
  10:35:55.468  1838.4   870.4     90.0   460.0
  10:35:55.515  1838.4   872.7     90.0   450.0
  10:35:55.562  1838.4   875.1     90.0   450.0
  10:35:55.593  1838.4   877.3     90.0   460.0
  10:35:55.640  1838.4   877.3     90.0   450.0
  10:35:55.671  1838.4   879.7     90.0   450.0
  10:35:55.718  1838.4   881.9     90.0   450.0
  10:35:55.765  1838.4   884.3     90.0   450.0
  10:35:55.812  1838.4   886.7     90.0   450.0
  10:35:55.843  1838.4   889.0     90.0   450.0
  10:35:55.890  1838.4   891.4     90.0   450.0
  10:35:55.953  1838.4   893.7     90.0   450.0
  10:35:55.968  1838.4   893.7     90.0   450.0
  10:35:56.015  1838.4   896.1     90.0   450.0
  10:35:56.062  1838.4   898.4     90.0   450.0
  10:35:56.109  1838.4   900.8     90.0   450.0
  10:35:56.140  1838.4   903.0     90.0   450.0
  10:35:56.187  1838.4   905.4     90.0   450.0
  10:35:56.234  1838.4   907.7     90.0   450.0
  10:35:56.281  1838.4   910.0     90.0   450.0
  10:35:56.328  1838.4   912.3     90.0   450.0
  10:35:56.359  1838.4   914.8     90.0   450.0
  10:35:56.406  1838.4   917.1     90.0   450.0
  10:35:56.453  1838.4   917.1     90.0   450.0
  10:35:56.484  1838.4   919.4     90.0   450.0
  10:35:56.546  1838.4   921.7     90.0   450.0
  10:35:56.578  1838.4   924.1     90.0   450.0
  10:35:56.625  1838.4   926.4     90.0   450.0
  10:35:56.656  1838.4   928.8     90.0   450.0
  10:35:56.703  1838.4   931.1     90.0   440.0
  10:35:56.750  1838.4   933.5     90.0   440.0
  10:35:56.796  1838.4   935.8     90.0   440.0
  10:35:56.843  1838.4   935.8     90.0   440.0
  10:35:56.875  1838.4   938.2     90.0   440.0
  10:35:56.921  1838.4   940.5     90.0   440.0
  10:35:56.968  1838.4   942.8     90.0   440.0
  10:35:57.015  1838.4   945.2     90.0   440.0
  10:35:57.046  1838.4   947.4     90.0   440.0
  10:35:57.093  1838.4   949.8     90.0   440.0
  10:35:57.109  1838.4   949.8     90.0   440.0
  10:35:57.156  1838.4   952.1     90.0   440.0
  10:35:57.203  1838.4   954.4     90.0   440.0
  10:35:57.234  1838.4   956.8     90.0   440.0
  10:35:57.281  1838.4   959.1     90.0   440.0
  10:35:57.328  1838.4   961.5     90.0   440.0
  10:35:57.359  1838.4   964.1     90.0   440.0
  10:35:57.406  1838.4   966.1     90.0   440.0
  10:35:57.453  1838.4   966.1     90.0   440.0
  10:35:57.500  1838.4   968.6     90.0   440.0
  10:35:57.546  1838.4   970.9     90.0   440.0
  10:35:57.578  1838.4   973.5     90.0   440.0
  10:35:57.625  1838.4   975.5     90.0   440.0
  10:35:57.671  1838.4   977.9     90.0   440.0
  10:35:57.718  1838.4   980.2     90.0   440.0
  10:35:57.750  1838.4   982.5     90.0   440.0
  10:35:57.796  1838.4   984.9     90.0   440.0
  10:35:57.843  1838.4   984.9     90.0   440.0
  10:35:57.890  1838.4   987.2     90.0   440.0
  10:35:57.921  1838.4   989.5     90.0   440.0
  10:35:57.968  1838.4   992.0     90.0   440.0
  10:35:58.015  1838.4   994.3     90.0   440.0
  10:35:58.062  1838.4   996.6     90.0   440.0
  10:35:58.109  1838.4   999.0     90.0   430.0
  10:35:58.156  1838.4  1001.3     90.0   430.0
  10:35:58.187  1838.4  1003.6     90.0   430.0
  10:35:58.234  1838.4  1006.0     90.0   430.0
  10:35:58.281  1838.4  1008.2     90.0   430.0
  10:35:58.328  1838.4  1008.2     90.0   430.0
  10:35:58.359  1838.4  1010.6     90.0   430.0
  10:35:58.406  1838.4  1013.0     90.0   430.0
  10:35:58.453  1838.4  1015.3     90.0   430.0
  10:35:58.500  1838.4  1017.7     90.0   430.0
  10:35:58.531  1838.4  1020.2     90.0   430.0
  10:35:58.578  1838.4  1022.3     90.0   430.0
  10:35:58.625  1838.4  1024.7     90.0   430.0
  10:35:58.671  1838.4  1027.0     90.0   430.0
  10:35:58.703  1838.4  1029.4     90.0   430.0
  10:35:58.750  1838.4  1029.4     90.0   430.0
  10:35:58.796  1838.4  1031.7     90.0   430.0
  10:35:58.828  1838.4  1034.0     90.0   430.0
  10:35:58.875  1838.4  1036.4     90.0   430.0
  10:35:58.921  1838.4  1038.7     90.0   430.0
  10:35:58.968  1838.4  1041.1     90.0   430.0
  10:35:59.000  1838.4  1043.4     90.0   430.0
  10:35:59.046  1838.4  1045.7     90.0   430.0
  10:35:59.062  1838.4  1045.7     90.0   430.0
  10:35:59.109  1838.4  1048.2     90.0   430.0
  10:35:59.156  1838.4  1050.4     90.0   430.0
  10:35:59.203  1838.4  1052.7     90.0   430.0
  10:35:59.234  1838.4  1055.1     90.0   430.0
  10:35:59.281  1838.4  1057.5     90.0   430.0
  10:35:59.328  1838.4  1057.5     90.0   430.0
  10:35:59.375  1838.4  1059.8     90.0   430.0
  10:35:59.406  1838.4  1062.2     90.0   430.0
  10:35:59.453  1838.4  1064.4     90.0   430.0
  10:35:59.484  1838.4  1066.9     90.0   430.0
  10:35:59.531  1838.4  1069.1     90.0   430.0
  10:35:59.578  1838.4  1071.4     90.0   430.0
  10:35:59.609  1838.4  1073.8     90.0   430.0
  10:35:59.656  1838.4  1073.8     90.0   430.0
  10:35:59.703  1838.4  1076.2     90.0   430.0
  10:35:59.750  1838.4  1078.4     90.0   430.0
  10:35:59.781  1838.4  1080.9     90.0   440.0
  10:35:59.828  1838.4  1083.2     90.0   440.0
  10:35:59.875  1838.4  1085.5     90.0   430.0
  10:35:59.921  1838.4  1087.8     90.0   430.0
  10:35:59.953  1838.4  1090.2     90.0   430.0
  10:36:00.015  1838.4  1092.5     90.0   430.0
  10:36:00.046  1838.4  1092.5     90.0   430.0
  10:36:00.093  1838.4  1094.8     90.0   430.0
  10:36:00.140  1838.4  1097.2     90.0   430.0
  10:36:00.171  1838.4  1099.7     90.0   430.0
  10:36:00.218  1838.4  1101.9     90.0   430.0
  10:36:00.265  1838.4  1104.2     90.0   430.0
  10:36:00.312  1838.4  1106.5     90.0   430.0
  10:36:00.343  1838.4  1108.9     90.0   420.0
  10:36:00.390  1838.4  1111.2     90.0   420.0
  10:36:00.437  1838.4  1113.7     90.0   430.0
  10:36:00.484  1838.4  1115.9     90.0   430.0
  10:36:00.515  1838.4  1115.9     90.0   430.0
  10:36:00.562  1838.4  1118.2     90.0   430.0
  10:36:00.609  1838.4  1120.5     90.0   430.0
  10:36:00.640  1838.4  1122.9     90.0   430.0
  10:36:00.687  1838.4  1125.3     90.0   430.0
  10:36:00.734  1838.4  1127.6     90.0   430.0
  10:36:00.781  1838.4  1129.9     90.0   430.0
  10:36:00.828  1838.4  1132.4     90.0   430.0
  10:36:00.859  1838.4  1134.6     90.0   420.0
  10:36:00.906  1838.4  1134.6     90.0   420.0
  10:36:00.953  1838.4  1137.0     90.0   420.0
  10:36:01.000  1838.4  1139.3     90.0   430.0
  10:36:01.031  1838.4  1141.6     90.0   430.0
  10:36:01.078  1838.4  1143.9     90.0   430.0
  10:36:01.125  1838.4  1146.4     90.0   430.0
  10:36:01.156  1838.4  1148.7     90.0   430.0
  10:36:01.203  1838.4  1151.0     90.0   430.0
  10:36:01.234  1838.4  1151.0     90.0   430.0
  10:36:01.281  1838.4  1153.4     90.0   420.0
  10:36:01.328  1838.4  1155.6     90.0   430.0
  10:36:01.375  1838.3  1158.1     90.0   420.0
  10:36:01.421  1838.3  1160.4     90.0   420.0
  10:36:01.453  1838.3  1162.6     90.0   420.0
  10:36:01.484  1838.3  1165.1     90.0   420.0
  10:36:01.531  1838.3  1167.4     90.0   420.0
  10:36:01.578  1838.3  1167.4     90.0   420.0
  10:36:01.625  1838.3  1169.7     90.0   420.0
  10:36:01.656  1838.3  1172.0     90.0   420.0
  10:36:01.703  1838.3  1174.4     90.0   420.0
  10:36:01.750  1838.3  1176.7     90.0   420.0
  10:36:01.796  1838.3  1179.0     90.0   420.0
  10:36:01.828  1838.3  1181.4     90.0   420.0
  10:36:01.859  1838.3  1181.4     90.0   420.0
  10:36:01.906  1838.3  1183.8     90.0   420.0
  10:36:01.953  1838.3  1186.1     90.0   420.0
  10:36:01.984  1838.3  1188.3     90.0   420.0
  10:36:02.031  1838.3  1190.7     90.0   420.0
  10:36:02.078  1838.3  1193.8     90.0   420.0
  10:36:02.109  1838.3  1193.8     90.0   410.0
  10:36:02.156  1838.3  1196.2     90.0   410.0
  10:36:02.187  1838.3  1198.6     90.0   410.0
  10:36:02.234  1838.3  1200.9     90.0   410.0
  10:36:02.281  1838.3  1203.2     90.0   410.0
  10:36:02.328  1838.3  1205.5     90.0   410.0
  10:36:02.359  1838.3  1207.9     90.0   420.0
  10:36:02.406  1838.3  1207.9     90.0   410.0
  10:36:02.453  1838.3  1210.2     90.0   410.0
  10:36:02.500  1838.3  1212.6     90.0   410.0
  10:36:02.531  1838.3  1214.9     90.0   410.0
  10:36:02.578  1838.3  1217.3     90.0   410.0
  10:36:02.625  1838.3  1219.7     90.0   410.0
  10:36:02.671  1838.3  1222.0     90.0   410.0
  10:36:02.703  1838.3  1222.0     90.0   410.0
  10:36:02.734  1838.3  1224.2     90.0   410.0
  10:36:02.765  1838.3  1226.7     90.0   410.0
  10:36:02.812  1838.3  1229.0     90.0   410.0
  10:36:02.859  1838.3  1231.3     90.0   410.0
  10:36:02.890  1838.3  1233.7     90.0   410.0
  10:36:02.937  1838.3  1236.0     90.0   410.0
  10:36:02.984  1838.3  1236.0     90.0   410.0
  10:36:03.031  1838.3  1238.4     90.0   410.0
  10:36:03.062  1838.3  1240.7     90.0   410.0
  10:36:03.109  1838.3  1243.0     90.0   410.0
  10:36:03.156  1838.3  1245.4     90.0   410.0
  10:36:03.203  1838.3  1247.7     90.0   410.0
  10:36:03.250  1838.3  1250.0     90.0   410.0
  10:36:03.281  1838.3  1252.3     90.0   410.0
  10:36:03.328  1838.3  1254.8     90.0   410.0
  10:36:03.375  1838.3  1254.8     90.0   410.0
  10:36:03.468  1838.3  1261.6     90.0   410.0
  10:36:03.500  1838.3  1261.6     90.0   410.0
  10:36:03.531  1838.3  1264.0     90.0   410.0
  10:36:03.578  1838.3  1266.4     90.0   410.0
  10:36:03.625  1838.3  1268.7     90.0   410.0
  10:36:03.671  1838.3  1271.0     90.0   410.0
  10:36:03.703  1838.3  1273.4     90.0   410.0
  10:36:03.750  1838.3  1275.7     90.0   410.0
  10:36:03.796  1838.3  1275.7     90.0   400.0
  10:36:03.843  1838.3  1278.0     90.0   400.0
  10:36:03.890  1838.3  1280.5     90.0   400.0
  10:36:03.921  1838.3  1282.8     90.0   400.0
  10:36:03.968  1838.3  1285.1     90.0   400.0
  10:36:04.015  1838.3  1287.5     90.0   400.0
  10:36:04.046  1838.3  1289.8     90.0   400.0
  10:36:04.093  1838.3  1292.3     90.0   400.0
  10:36:04.140  1838.3  1294.5     90.0   400.0
  10:36:04.187  1838.3  1296.8     90.0   400.0
  10:36:04.234  1838.3  1296.8     90.0   400.0
  10:36:04.265  1838.3  1299.2     90.0   400.0
  10:36:04.312  1838.3  1301.4     90.0   400.0
  10:36:04.359  1838.3  1303.7     90.0   400.0
  10:36:04.390  1838.3  1306.1     90.0   400.0
  10:36:04.437  1838.3  1308.4     90.0   400.0
  10:36:04.484  1838.3  1310.9     90.0   400.0
  10:36:04.531  1838.3  1313.1     90.0   400.0
  10:36:04.578  1838.3  1315.5     90.0   400.0
  10:36:04.609  1838.3  1317.9     90.0   400.0
  10:36:04.656  1838.3  1317.9     90.0   400.0
  10:36:04.703  1838.3  1320.2     90.0   400.0
  10:36:04.750  1838.3  1322.6     90.0   400.0
  10:36:04.781  1838.3  1324.9     90.0   400.0
  10:36:04.828  1838.3  1327.1     90.0   400.0
  10:36:04.875  1838.3  1329.5     90.0   400.0
  10:36:04.921  1838.3  1331.9     90.0   400.0
  10:36:04.953  1838.3  1334.3     90.0   400.0
  10:36:05.000  1838.3  1336.6     90.0   400.0
  10:36:05.046  1838.3  1338.8     90.0   400.0
  10:36:05.078  1838.3  1338.8     90.0   390.0
  10:36:05.125  1838.3  1341.2     90.0   390.0
  10:36:05.171  1838.3  1343.6     90.0   390.0
  10:36:05.218  1838.3  1346.0     90.0   390.0
  10:36:05.250  1838.3  1348.4     90.0   390.0
  10:36:05.296  1838.3  1350.6     90.0   390.0
  10:36:05.343  1838.3  1353.0     90.0   390.0
  10:36:05.390  1838.3  1355.2     90.0   390.0
  10:36:05.421  1838.3  1357.6     90.0   390.0
  10:36:05.484  1838.3  1357.6     90.0   390.0
  10:36:05.515  1838.3  1360.0     90.0   390.0
  10:36:05.562  1838.3  1362.3     90.0   390.0
  10:36:05.609  1838.3  1364.7     90.0   390.0
  10:36:05.640  1838.3  1367.0     90.0   390.0
  10:36:05.687  1838.3  1369.3     90.0   410.0
  10:36:05.734  1838.3  1371.6     90.0   410.0
  10:36:05.765  1838.3  1374.0     90.0   410.0
  10:36:05.812  1838.3  1376.3     90.0   440.0
  10:36:05.859  1838.3  1376.3     90.0   450.0
  10:36:05.906  1838.3  1378.6     90.0   450.0
  10:36:05.937  1838.3  1381.0     90.0   470.0
  10:36:05.984  1838.3  1383.4     90.0   480.0
  10:36:06.015  1838.3  1385.7     90.0   460.0
  10:36:06.062  1838.3  1388.0     90.0   480.0
  10:36:06.109  1838.3  1390.6     90.0   500.0
  10:36:06.156  1838.3  1392.7     90.0   500.0
  10:36:06.187  1838.3  1392.7     90.0   530.0
  10:36:06.234  1838.3  1395.1     90.0   540.0
  10:36:06.281  1838.3  1397.4     90.0   540.0
  10:36:06.328  1838.3  1399.7     90.0   580.0
  10:36:06.359  1838.3  1402.0     90.0   570.0
  10:36:06.406  1838.3  1404.3     90.0   570.0
  10:36:06.437  1838.3  1406.8     90.0   600.0
  10:36:06.484  1838.3  1409.1     90.0   570.0
  10:36:06.531  1838.3  1411.5     90.0   570.0
  10:36:06.578  1838.3  1411.5     90.0   580.0
  10:36:06.609  1838.3  1413.8     90.0   660.0
  10:36:06.656  1838.3  1416.1     90.0   660.0
  10:36:06.687  1838.3  1418.5     90.0   690.0
  10:36:06.734  1838.3  1420.8     90.0   720.0
  10:36:06.781  1838.3  1423.1     90.0   720.0
  10:36:06.828  1838.3  1425.4     90.0   780.0
  10:36:06.859  1838.3  1427.8     90.0  1090.0
  10:36:06.906  1838.3  1427.8     90.0  1090.0
  10:36:37.640  1078.8  1838.5   -180.0  1080.0
  10:36:37.687  1076.4  1838.5   -180.0  1080.0
  10:36:37.734  1076.4  1838.5   -180.0   730.0
  10:36:37.765  1074.2  1838.5   -180.0   550.0
  10:36:37.812  1071.8  1838.5   -180.0   550.0
  10:36:37.859  1069.4  1838.5   -180.0   360.0
  10:36:37.906  1067.0  1838.5   -180.0   340.0
  10:36:37.937  1064.7  1838.5   -180.0   340.0
  10:36:37.984  1062.4  1838.5   -180.0   340.0
  10:36:38.031  1060.0  1838.5   -180.0   340.0
  10:36:38.062  1057.6  1838.5   -180.0   340.0
  10:36:38.109  1057.6  1838.5   -180.0   340.0
  10:36:38.156  1055.3  1838.5   -180.0   340.0
  10:36:38.203  1053.0  1838.5   -180.0   340.0
  10:36:38.234  1050.7  1838.5   -180.0   330.0
  10:36:38.281  1048.3  1838.5   -180.0   330.0
  10:36:38.328  1046.1  1838.5   -180.0   330.0
  10:36:38.375  1043.6  1838.5   -180.0   340.0
  10:36:38.421  1041.4  1838.5   -180.0   340.0
  10:36:38.453  1039.0  1838.5   -180.0   340.0
  10:36:38.500  1036.6  1838.5   -180.0   340.0
  10:36:38.546  1034.3  1838.5   -180.0   330.0
  10:36:38.593  1032.0  1838.5   -180.0   330.0
  10:36:38.625  1032.0  1838.5   -180.0   330.0
  10:36:38.671  1029.7  1838.5   -180.0   330.0
  10:36:38.718  1027.4  1838.5   -180.0   330.0
  10:36:38.765  1025.0  1838.5   -180.0   330.0
  10:36:38.796  1022.7  1838.5   -180.0   330.0
  10:36:38.843  1020.4  1838.5   -180.0   330.0
  10:36:38.890  1018.0  1838.5   -180.0   330.0
  10:36:38.937  1015.6  1838.5   -180.0   330.0
  10:36:38.968  1015.6  1838.5   -180.0   330.0
  10:36:39.015  1013.3  1838.5   -180.0   330.0
  10:36:39.062  1011.0  1838.5   -180.0   330.0
  10:36:39.109  1008.6  1838.5   -180.0   330.0
  10:36:39.140  1006.2  1838.5   -180.0   330.0
  10:36:39.187  1003.9  1838.5   -180.0   330.0
  10:36:39.234  1001.5  1838.5   -180.0   330.0
  10:36:39.281   999.2  1838.5   -180.0   330.0
  10:36:39.328   996.9  1838.5   -180.0   330.0
  10:36:39.359   994.6  1838.5   -180.0   330.0
  10:36:39.406   992.2  1838.5   -180.0   330.0
  10:36:39.453   992.2  1838.5   -180.0   330.0
  10:36:39.500   989.8  1838.5   -180.0   330.0
  10:36:39.531   987.5  1838.5   -180.0   330.0
  10:36:39.578   985.1  1838.5   -180.0   320.0
  10:36:39.625   982.8  1838.5   -180.0   330.0
  10:36:39.671   980.5  1838.5   -180.0   320.0
  10:36:39.703   978.2  1838.5   -180.0   320.0
  10:36:39.750   975.8  1838.5   -180.0   320.0
  10:36:39.796   973.4  1838.5   -180.0   320.0
  10:36:39.843   971.1  1838.5   -180.0   320.0
  10:36:39.875   971.1  1838.5   -180.0   320.0
  10:36:39.921   968.7  1838.5   -180.0   320.0
  10:36:39.968   966.5  1838.5   -180.0   320.0
  10:36:40.015   964.1  1838.5   -180.0   320.0
  10:36:40.046   961.8  1838.5   -180.0   320.0
  10:36:40.093   959.4  1838.5   -180.0   320.0
  10:36:40.140   957.1  1838.5   -180.0   320.0
  10:36:40.187   954.7  1838.5   -180.0   320.0
  10:36:40.218   952.4  1838.5   -180.0   320.0
  10:36:40.265   952.4  1838.5   -180.0   320.0
  10:36:40.296   950.1  1838.5   -180.0   320.0
  10:36:40.343   947.9  1838.4   -180.0   320.0
  10:36:40.390   945.4  1838.4   -180.0   320.0
  10:36:40.421   943.1  1838.4   -180.0   320.0
  10:36:40.468   940.8  1838.4   -180.0   320.0
  10:36:40.515   938.4  1838.4   -180.0   320.0
  10:36:40.531   938.4  1838.4   -180.0   320.0
  10:36:40.578   936.0  1838.4   -180.0   320.0
  10:36:40.609   933.8  1838.4   -180.0   320.0
  10:36:40.656   931.3  1838.4   -180.0   320.0
  10:36:40.703   929.0  1838.4   -180.0   320.0
  10:36:40.750   929.0  1838.4   -180.0   320.0
  10:36:40.796   926.7  1838.4   -180.0   320.0
  10:36:40.828   924.3  1838.4   -180.0   320.0
  10:36:40.875   922.0  1838.4   -180.0   320.0
  10:36:40.921   919.7  1838.4   -180.0   320.0
  10:36:40.968   917.4  1838.4   -180.0   320.0
  10:36:41.000   915.1  1838.4   -180.0   320.0
  10:36:41.062   912.6  1838.4   -180.0   310.0
  10:36:41.093   910.3  1838.4   -180.0   310.0
  10:36:41.140   908.1  1838.4   -180.0   310.0
  10:36:41.171   908.1  1838.4   -180.0   310.0
  10:36:41.218   905.7  1838.4   -180.0   310.0
  10:36:41.265   903.4  1838.4   -180.0   310.0
  10:36:41.312   901.0  1838.4   -180.0   310.0
  10:36:41.359   898.6  1838.4   -180.0   310.0
  10:36:41.406   896.4  1838.4   -180.0   310.0
  10:36:41.437   894.0  1838.4   -180.0   310.0
  10:36:41.484   891.6  1838.4   -180.0   310.0
  10:36:41.531   889.3  1838.4   -180.0   310.0
  10:36:41.578   887.0  1838.4   -180.0   310.0
  10:36:41.609   884.5  1838.4   -180.0   310.0
  10:36:41.671   882.2  1838.4   -180.0   310.0
  10:36:41.703   882.2  1838.4   -180.0   300.0
  10:36:41.734   879.9  1838.4   -180.0   300.0
  10:36:41.781   877.5  1838.4   -180.0   300.0
  10:36:41.828   875.2  1838.4   -180.0   310.0
  10:36:41.875   872.9  1838.4   -180.0   310.0
  10:36:41.890   872.9  1838.4   -180.0   310.0
  10:36:41.937   870.6  1838.4   -180.0   310.0
  10:36:41.984   868.2  1838.4   -180.0   300.0
  10:36:42.031   865.9  1838.4   -180.0   300.0
  10:36:42.062   863.6  1838.4   -180.0   300.0
  10:36:42.109   860.5  1838.4   -180.0   300.0
  10:36:42.156   858.1  1838.4   -180.0   310.0
  10:36:42.187   858.1  1838.4   -180.0   310.0
  10:36:42.218   855.7  1838.4   -180.0   300.0
  10:36:42.281   853.5  1838.4   -180.0   300.0
  10:36:42.312   851.0  1838.4   -180.0   300.0
  10:36:42.359   848.8  1838.4   -180.0   300.0
  10:36:42.406   846.5  1838.4   -180.0   300.0
  10:36:42.437   844.1  1838.4   -180.0   300.0
  10:36:42.484   844.1  1838.4   -180.0   300.0
  10:36:42.531   841.8  1838.4   -180.0   300.0
  10:36:42.578   839.4  1838.4   -180.0   300.0
  10:36:42.609   837.0  1838.4   -180.0   300.0
  10:36:42.656   834.7  1838.4   -180.0   300.0
  10:36:42.703   832.4  1838.4   -180.0   300.0
  10:36:42.750   830.0  1838.4   -180.0   300.0
  10:36:42.781   827.7  1838.4   -180.0   300.0
  10:36:42.828   825.3  1838.4   -180.0   300.0
  10:36:42.875   825.3  1838.4   -180.0   300.0
  10:36:42.921   822.9  1838.4   -180.0   300.0
  10:36:42.953   820.7  1838.4   -180.0   300.0
  10:36:43.000   818.3  1838.4   -180.0   300.0
  10:36:43.046   816.1  1838.4   -180.0   300.0
  10:36:43.093   813.6  1838.4   -180.0   300.0
  10:36:43.125   811.3  1838.4   -180.0   300.0
  10:36:43.171   809.0  1838.4   -180.0   300.0
  10:36:43.218   806.6  1838.4   -180.0   300.0
  10:36:43.265   804.3  1838.4   -180.0   300.0
  10:36:43.312   802.0  1838.4   -180.0   300.0
  10:36:43.343   802.0  1838.4   -180.0   290.0
  10:36:43.390   799.7  1838.4   -180.0   290.0
  10:36:43.437   797.2  1838.4   -180.0   290.0
  10:36:43.484   795.0  1838.4   -180.0   290.0
  10:36:43.515   792.5  1838.4   -180.0   290.0
  10:36:43.562   790.2  1838.4   -180.0   290.0
  10:36:43.609   787.9  1838.4   -180.0   290.0
  10:36:43.656   785.5  1838.4   -180.0   290.0
  10:36:43.703   783.2  1838.4   -180.0   290.0
  10:36:43.734   780.9  1838.4   -180.0   290.0
  10:36:43.781   778.5  1838.4   -180.0   290.0
  10:36:43.828   778.5  1838.4   -180.0   290.0
  10:36:43.875   773.8  1838.4   -180.0   290.0
  10:36:43.906   773.8  1838.4   -180.0   290.0
  10:36:43.953   771.6  1838.4   -180.0   310.0
  10:36:44.000   769.2  1838.4   -180.0   320.0
  10:36:44.046   766.9  1838.4   -180.0   320.0
  10:36:44.078   764.5  1838.4   -180.0   360.0
  10:36:44.109   764.5  1838.4   -180.0   360.0
  10:36:44.156   762.2  1838.3   -180.0   360.0
  10:36:44.203   759.8  1838.3   -180.0   380.0
  10:36:44.250   757.5  1838.3   -180.0   390.0
  10:36:44.281   755.2  1838.3   -180.0   390.0
  10:36:44.328   752.8  1838.3   -180.0   410.0
  10:36:44.375   750.5  1838.3   -180.0   420.0
  10:36:44.421   748.2  1838.3   -180.0   420.0
  10:36:44.453   745.9  1838.3   -180.0   450.0
  10:36:44.484   745.9  1838.3   -180.0   450.0
  10:36:44.531   743.5  1838.3   -180.0   450.0
  10:36:44.562   741.1  1838.3   -180.0   470.0
  10:36:44.609   738.7  1838.3   -180.0   480.0
  10:36:44.656   736.4  1838.3   -180.0   480.0
  10:36:44.703   734.0  1838.3   -180.0   500.0
  10:36:44.750   731.8  1838.3   -180.0   500.0
  10:36:44.781   731.8  1838.3   -180.0   500.0
  10:36:44.828   729.4  1838.3   -180.0   530.0
  10:36:44.875   727.1  1838.3   -180.0   540.0
  10:36:44.921   724.7  1838.3   -180.0   540.0
  10:36:44.953   722.2  1838.3   -180.0   550.0
  10:36:45.000   720.1  1838.3   -180.0   540.0
  10:36:45.046   717.8  1838.3   -180.0   540.0
  10:36:45.078   715.4  1838.3   -180.0   550.0
  10:36:45.125   713.0  1838.3   -180.0   550.0
  10:36:45.171   713.0  1838.3   -180.0   550.0
  10:36:45.218   710.8  1838.3   -180.0   550.0
  10:36:45.250   708.3  1838.3   -180.0   560.0
  10:36:45.296   706.1  1838.3   -180.0   560.0
  10:36:45.328   703.5  1838.3   -180.0   560.0
  10:36:45.359   701.4  1838.3   -180.0   560.0
  10:36:45.406   701.4  1838.3   -180.0   540.0
  10:36:45.453   699.1  1838.3   -180.0   560.0
  10:36:45.500   696.8  1838.3   -180.0   560.0
  10:36:45.531   694.4  1838.3   -180.0   560.0
  10:36:45.578   692.0  1838.3   -180.0   560.0
  10:36:45.625   689.6  1838.3   -180.0   560.0
  10:36:45.656   687.3  1838.3   -180.0   560.0
  10:36:45.703   687.3  1838.3   -180.0   560.0
  10:36:45.734   685.0  1838.3   -180.0   560.0
  10:36:45.781   682.7  1838.3   -180.0   560.0
  10:36:45.828   680.2  1838.3   -180.0   560.0
  10:36:45.875   677.9  1838.3   -180.0   560.0
  10:36:45.937   675.6  1838.3   -180.0   560.0
  10:36:45.953   673.3  1838.3   -180.0   560.0
  10:36:45.984   671.0  1838.3   -180.0   550.0
  10:36:46.031   668.7  1838.3   -180.0   550.0
  10:36:46.078   668.7  1838.3   -180.0   550.0
  10:36:46.125   666.4  1838.3   -180.0   550.0
  10:36:46.171   663.6  1838.3   -180.0   550.0
  10:36:46.203   661.5  1838.3   -180.0   550.0
  10:36:46.250   659.2  1838.3   -180.0   540.0
  10:36:46.296   656.9  1838.3   -180.0   540.0
  10:36:46.343   654.6  1838.3   -180.0   550.0
  10:36:46.390   652.3  1838.3   -180.0   550.0
  10:36:46.421   649.9  1838.3   -180.0   550.0
  10:36:46.468   647.5  1838.3   -180.0   550.0
  10:36:46.515   647.5  1838.3   -180.0   550.0
  10:36:46.562   645.3  1838.3   -180.0   550.0
  10:36:46.593   642.8  1838.3   -180.0   550.0
  10:36:46.640   640.6  1838.3   -180.0   550.0
  10:36:46.687   638.3  1838.3   -180.0   540.0
  10:36:46.734   635.9  1838.3   -180.0   550.0
  10:36:46.765   633.6  1838.3   -180.0   550.0
  10:36:46.812   631.1  1838.3   -180.0   540.0
  10:36:46.859   628.8  1838.3   -180.0   550.0
  10:36:46.890   626.5  1838.3   -180.0   540.0
  10:36:46.937   626.5  1838.3   -180.0   540.0
  10:36:46.984   624.2  1838.3   -180.0   540.0
  10:36:47.031   621.9  1838.3   -180.0   540.0
  10:36:47.078   619.6  1838.3   -180.0   540.0
  10:36:47.109   617.1  1838.3   -180.0   540.0
  10:36:47.156   614.9  1838.3   -180.0   540.0
  10:36:47.203   612.5  1838.3   -180.0   540.0
  10:36:47.250   610.1  1838.3   -180.0   540.0
  10:36:47.281   607.8  1838.3   -180.0   540.0
  10:36:47.343   605.5  1838.3   -180.0   540.0
  10:36:47.375   603.1  1838.3   -180.0   540.0
  10:36:47.421   603.1  1838.3   -180.0   540.0
  10:36:47.468   600.8  1838.3   -180.0   540.0
  10:36:47.500   598.4  1838.3   -180.0   540.0
  10:36:47.546   596.1  1838.3   -180.0   540.0
  10:36:47.593   593.8  1838.3   -180.0   540.0
  10:36:47.640   591.4  1838.3   -180.0   540.0
  10:36:47.671   589.1  1838.3   -180.0   540.0
  10:36:47.718   586.7  1838.3   -180.0   540.0
  10:36:47.765   584.4  1838.3   -180.0   540.0
  10:36:47.812   584.4  1838.3   -180.0   540.0
  10:36:47.843   582.0  1838.3   -180.0   540.0
  10:36:47.890   579.7  1838.2   -180.0   540.0
  10:36:47.953   577.3  1838.2   -180.0   540.0
  10:36:47.984   575.1  1838.2   -180.0   540.0
  10:36:48.015   572.7  1838.2   -180.0   540.0
  10:36:48.062   570.4  1838.2   -180.0   550.0
  10:36:48.109   568.0  1838.2   -180.0   550.0
  10:36:48.156   565.7  1838.2   -180.0   550.0
  10:36:48.187   563.4  1838.2   -180.0   550.0
  10:36:48.234   560.9  1838.2   -180.0   550.0
  10:36:48.281   560.9  1838.2   -180.0   550.0
  10:36:48.328   558.7  1838.2   -180.0   560.0
  10:36:48.375   556.2  1838.2   -180.0   560.0
  10:36:48.406   553.9  1838.2   -180.0   590.0
  10:36:48.453   551.6  1838.2   -180.0   590.0
  10:36:48.500   549.3  1838.2   -180.0   590.0
  10:36:48.546   546.8  1838.2   -180.0   610.0
  10:36:48.593   544.7  1838.2   -180.0   620.0
  10:36:48.625   542.4  1838.2   -180.0   600.0
  10:36:48.671   540.0  1838.2   -180.0   620.0
  10:36:48.718   540.0  1838.2   -180.0   680.0
  10:36:48.765   537.5  1838.2   -180.0   680.0
  10:36:48.796   535.3  1838.2   -180.0   740.0
  10:36:48.843   532.9  1838.2   -180.0   730.0
  10:36:48.890   530.6  1838.2   -180.0   730.0
  10:36:48.937   528.2  1838.2   -180.0  1010.0
  10:36:48.968   526.0  1838.2   -180.0  1010.0
  10:36:49.015   523.5  1838.2   -180.0  1010.0
  10:37:19.859    -0.1  1181.5    -90.0   970.0
  10:37:19.890    -0.1  1181.5    -90.0   940.0
  10:37:19.921    -0.1  1179.2    -90.0   940.0
  10:37:19.968    -0.1  1176.8    -90.0   720.0
  10:37:20.015    -0.1  1174.6    -90.0   650.0
  10:37:20.046    -0.1  1172.2    -90.0   650.0
  10:37:20.093    -0.1  1169.9    -90.0   600.0
  10:37:20.140    -0.1  1169.9    -90.0   600.0
  10:37:20.187    -0.1  1167.5    -90.0   600.0
  10:37:20.218    -0.1  1165.1    -90.0   600.0
  10:37:20.265    -0.1  1162.8    -90.0   600.0
  10:37:20.312    -0.1  1160.5    -90.0   600.0
  10:37:20.343    -0.1  1158.2    -90.0   590.0
  10:37:20.375    -0.1  1158.2    -90.0   590.0
  10:37:20.421    -0.1  1155.9    -90.0   600.0
  10:37:20.453    -0.1  1153.4    -90.0   600.0
  10:37:20.500    -0.1  1151.1    -90.0   600.0
  10:37:20.546    -0.1  1148.9    -90.0   600.0
  10:37:20.593    -0.1  1146.4    -90.0   600.0
  10:37:20.640    -0.1  1144.1    -90.0   600.0
  10:37:20.671    -0.1  1141.8    -90.0   600.0
  10:37:20.718    -0.1  1139.4    -90.0   600.0
  10:37:20.765    -0.1  1139.4    -90.0   600.0
  10:37:20.812    -0.1  1137.2    -90.0   600.0
  10:37:20.843    -0.1  1134.8    -90.0   600.0
  10:37:20.890    -0.1  1132.4    -90.0   600.0
  10:37:20.921    -0.1  1130.1    -90.0   600.0
  10:37:20.968    -0.1  1127.8    -90.0   600.0
  10:37:21.015    -0.1  1125.5    -90.0   600.0
  10:37:21.062    -0.1  1123.0    -90.0   600.0
  10:37:21.093     0.0  1120.8    -90.0   600.0
  10:37:21.140     0.0  1120.8    -90.0   600.0
  10:37:21.187     0.0  1118.4    -90.0   600.0
  10:37:21.234     0.0  1116.0    -90.0   600.0
  10:37:21.281     0.0  1113.6    -90.0   590.0
  10:37:21.312     0.0  1111.3    -90.0   600.0
  10:37:21.359     0.0  1109.1    -90.0   590.0
  10:37:21.406     0.0  1106.7    -90.0   590.0
  10:37:21.453     0.0  1104.3    -90.0   590.0
  10:37:21.484     0.0  1102.0    -90.0   600.0
  10:37:21.531     0.0  1099.7    -90.0   600.0
  10:37:21.578     0.0  1099.7    -90.0   600.0
  10:37:21.625     0.0  1097.3    -90.0   600.0
  10:37:21.656     0.0  1095.1    -90.0   590.0
  10:37:21.703     0.0  1092.6    -90.0   590.0
  10:37:21.750     0.0  1090.3    -90.0   600.0
  10:37:21.796     0.0  1088.0    -90.0   590.0
  10:37:21.828     0.0  1085.6    -90.0   590.0
  10:37:21.875     0.0  1083.2    -90.0   600.0
  10:37:21.921     0.0  1081.0    -90.0   590.0
  10:37:21.968     0.0  1081.0    -90.0   590.0
  10:37:22.000     0.0  1078.7    -90.0   600.0
  10:37:22.046     0.0  1076.2    -90.0   590.0
  10:37:22.093     0.0  1074.0    -90.0   590.0
  10:37:22.140     0.0  1071.7    -90.0   590.0
  10:37:22.171     0.0  1069.2    -90.0   590.0
  10:37:22.218     0.0  1066.9    -90.0   590.0
  10:37:22.265     0.0  1064.6    -90.0   590.0
  10:37:22.312     0.0  1062.3    -90.0   590.0
  10:37:22.359     0.0  1059.9    -90.0   590.0
  10:37:22.390     0.0  1057.7    -90.0   590.0
  10:37:22.437     0.0  1057.7    -90.0   590.0
  10:37:22.484     0.0  1055.1    -90.0   590.0
  10:37:22.500     0.0  1052.8    -90.0   580.0
  10:37:22.546     0.0  1050.4    -90.0   580.0
  10:37:22.593     0.0  1048.2    -90.0   580.0
  10:37:22.625     0.0  1048.2    -90.0   590.0
  10:37:22.671     0.0  1045.9    -90.0   590.0
  10:37:22.718     0.0  1043.5    -90.0   590.0
  10:37:22.765     0.0  1041.0    -90.0   590.0
  10:37:22.812     0.0  1038.8    -90.0   590.0
  10:37:22.843     0.0  1036.5    -90.0   590.0
  10:37:22.890     0.0  1034.2    -90.0   580.0
  10:37:22.937     0.0  1031.7    -90.0   580.0
  10:37:22.984     0.0  1029.5    -90.0   580.0
  10:37:23.031     0.0  1027.2    -90.0   580.0
  10:37:23.062     0.0  1024.8    -90.0   580.0
  10:37:23.109     0.0  1024.8    -90.0   580.0
  10:37:23.171     0.0  1020.2    -90.0   580.0
  10:37:23.203     0.0  1020.2    -90.0   580.0
  10:37:23.250     0.0  1017.8    -90.0   590.0
  10:37:23.296     0.0  1015.5    -90.0   580.0
  10:37:23.328     0.0  1013.1    -90.0   580.0
  10:37:23.375     0.0  1010.8    -90.0   580.0
  10:37:23.421     0.0  1008.5    -90.0   580.0
  10:37:23.468     0.0  1006.1    -90.0   580.0
  10:37:23.515     0.0  1003.8    -90.0   580.0
  10:37:23.546     0.0  1001.5    -90.0   580.0
  10:37:23.593     0.0   999.1    -90.0   580.0
  10:37:23.640     0.0   996.8    -90.0   580.0
  10:37:23.687     0.0   996.8    -90.0   580.0
  10:37:23.718     0.0   994.4    -90.0   580.0
  10:37:23.765     0.0   992.0    -90.0   580.0
  10:37:23.812     0.1   989.8    -90.0   580.0
  10:37:23.843     0.1   987.4    -90.0   580.0
  10:37:23.890     0.1   985.1    -90.0   580.0
  10:37:23.937     0.1   985.1    -90.0   580.0
  10:37:23.984     0.1   982.0    -90.0   580.0
  10:37:24.031     0.1   979.6    -90.0   580.0
  10:37:24.062     0.1   977.1    -90.0   570.0
  10:37:24.109     0.1   974.9    -90.0   570.0
  10:37:24.140     0.1   972.6    -90.0   580.0
  10:37:24.187     0.1   970.3    -90.0   580.0
  10:37:24.234     0.1   967.9    -90.0   580.0
  10:37:24.281     0.1   965.6    -90.0   580.0
  10:37:24.328     0.1   965.6    -90.0   580.0
  10:37:24.359     0.1   962.7    -90.0   570.0
  10:37:24.406     0.1   960.0    -90.0   580.0
  10:37:24.453     0.1   957.7    -90.0   570.0
  10:37:24.500     0.1   955.3    -90.0   570.0
  10:37:24.546     0.1   955.3    -90.0   570.0
  10:37:24.578     0.1   952.3    -90.0   570.0
  10:37:24.625     0.1   949.9    -90.0   570.0
  10:37:24.671     0.1   947.6    -90.0   570.0
  10:37:24.718     0.1   945.2    -90.0   560.0
  10:37:24.750     0.1   942.9    -90.0   560.0
  10:37:24.796     0.1   940.6    -90.0   570.0
  10:37:24.843     0.1   938.3    -90.0   570.0
  10:37:24.890     0.1   938.3    -90.0   570.0
  10:37:24.937     0.1   935.9    -90.0   570.0
  10:37:24.968     0.1   933.1    -90.0   570.0
  10:37:25.015     0.1   930.4    -90.0   560.0
  10:37:25.062     0.1   928.2    -90.0   560.0
  10:37:25.093     0.1   925.8    -90.0   570.0
  10:37:25.140     0.1   923.3    -90.0   570.0
  10:37:25.187     0.1   923.3    -90.0   570.0
  10:37:25.234     0.1   921.1    -90.0   570.0
  10:37:25.265     0.1   918.8    -90.0   560.0
  10:37:25.312     0.1   916.4    -90.0   570.0
  10:37:25.359     0.1   914.0    -90.0   560.0
  10:37:25.406     0.1   911.8    -90.0   560.0
  10:37:25.437     0.1   909.4    -90.0   560.0
  10:37:25.484     0.1   907.0    -90.0   560.0
  10:37:25.531     0.1   904.7    -90.0   550.0
  10:37:25.578     0.1   902.4    -90.0   550.0
  10:37:25.625     0.1   900.1    -90.0   520.0
  10:37:25.656     0.1   900.1    -90.0   470.0
  10:37:25.703     0.1   897.7    -90.0   470.0
  10:37:25.750     0.1   895.3    -90.0   440.0
  10:37:25.796     0.1   893.0    -90.0   430.0
  10:37:25.828     0.1   890.8    -90.0   430.0
  10:37:25.875     0.1   888.3    -90.0   430.0
  10:37:25.921     0.1   886.0    -90.0   420.0
  10:37:25.968     0.1   883.7    -90.0   430.0
  10:37:26.000     0.1   881.3    -90.0   430.0
  10:37:26.046     0.1   881.3    -90.0   420.0
  10:37:26.093     0.1   879.0    -90.0   420.0
  10:37:26.140     0.1   876.8    -90.0   420.0
  10:37:26.171     0.1   874.3    -90.0   420.0
  10:37:26.218     0.1   872.1    -90.0   420.0
  10:37:26.265     0.1   869.7    -90.0   420.0
  10:37:26.312     0.1   867.3    -90.0   420.0
  10:37:26.343     0.1   865.0    -90.0   420.0
  10:37:26.390     0.1   862.6    -90.0   420.0
  10:37:26.437     0.1   860.3    -90.0   420.0
  10:37:26.484     0.2   858.0    -90.0   420.0
  10:37:26.531     0.2   858.0    -90.0   410.0
  10:37:26.562     0.2   855.7    -90.0   410.0
  10:37:26.609     0.2   853.2    -90.0   420.0
  10:37:26.656     0.2   851.0    -90.0   410.0
  10:37:26.703     0.2   848.6    -90.0   410.0
  10:37:26.750     0.2   846.2    -90.0   420.0
  10:37:26.781     0.2   843.9    -90.0   420.0
  10:37:26.828     0.2   841.6    -90.0   410.0
  10:37:26.875     0.2   839.2    -90.0   410.0
  10:37:26.921     0.2   839.2    -90.0   420.0
  10:37:26.953     0.2   836.8    -90.0   420.0
  10:37:27.000     0.2   834.5    -90.0   420.0
  10:37:27.046     0.2   832.2    -90.0   420.0
  10:37:27.078     0.2   829.8    -90.0   410.0
  10:37:27.125     0.2   827.6    -90.0   410.0
  10:37:27.171     0.2   825.3    -90.0   410.0
  10:37:27.218     0.2   825.3    -90.0   410.0
  10:37:27.250     0.2   822.1    -90.0   410.0
  10:37:27.296     0.2   819.8    -90.0   410.0
  10:37:27.343     0.2   817.5    -90.0   410.0
  10:37:27.390     0.2   815.0    -90.0   410.0
  10:37:27.421     0.2   812.7    -90.0   410.0
  10:37:27.468     0.2   810.4    -90.0   410.0
  10:37:27.515     0.2   808.1    -90.0   410.0
  10:37:27.562     0.2   805.7    -90.0   410.0
  10:37:27.609     0.2   803.4    -90.0   410.0
  10:37:27.656     0.2   801.1    -90.0   410.0
  10:37:27.687     0.2   801.1    -90.0   410.0
  10:37:27.734     0.2   798.8    -90.0   410.0
  10:37:27.781     0.2   796.4    -90.0   410.0
  10:37:27.812     0.2   794.1    -90.0   410.0
  10:37:27.859     0.2   791.6    -90.0   410.0
  10:37:27.906     0.2   789.3    -90.0   410.0
  10:37:27.953     0.2   787.0    -90.0   410.0
  10:37:28.000     0.2   784.3    -90.0   410.0
  10:37:28.031     0.2   782.3    -90.0   410.0
  10:37:28.078     0.2   780.0    -90.0   410.0
  10:37:28.125     0.2   780.0    -90.0   410.0
  10:37:28.171     0.2   777.7    -90.0   410.0
  10:37:28.203     0.2   775.2    -90.0   410.0
  10:37:28.250     0.2   772.9    -90.0   400.0
  10:37:28.296     0.2   770.6    -90.0   410.0
  10:37:28.343     0.2   768.3    -90.0   400.0
  10:37:28.390     0.2   766.0    -90.0   400.0
  10:37:28.421     0.2   763.6    -90.0   400.0
  10:37:28.468     0.2   761.2    -90.0   400.0
  10:37:28.515     0.2   758.9    -90.0   400.0
  10:37:28.562     0.2   758.9    -90.0   400.0
  10:37:28.593     0.2   756.6    -90.0   400.0
  10:37:28.640     0.2   754.3    -90.0   400.0
  10:37:28.687     0.2   751.8    -90.0   400.0
  10:37:28.718     0.2   749.6    -90.0   400.0
  10:37:28.781     0.2   747.2    -90.0   400.0
  10:37:28.812     0.2   744.9    -90.0   400.0
  10:37:28.859     0.2   742.6    -90.0   400.0
  10:37:28.906     0.2   740.3    -90.0   400.0
  10:37:28.937     0.2   740.3    -90.0   400.0
  10:37:28.984     0.2   737.9    -90.0   400.0
  10:37:29.031     0.2   735.6    -90.0   400.0
  10:37:29.078     0.2   733.2    -90.0   400.0
  10:37:29.125     0.2   730.9    -90.0   400.0
  10:37:29.156     0.2   728.5    -90.0   400.0
  10:37:29.203     0.3   725.9    -90.0   400.0
  10:37:29.250     0.3   723.1    -90.0   400.0
  10:37:29.281     0.3   723.1    -90.0   400.0
  10:37:29.328     0.3   720.8    -90.0   400.0
  10:37:29.375     0.3   718.4    -90.0   390.0
  10:37:29.421     0.3   716.0    -90.0   390.0
  10:37:29.453     0.3   713.7    -90.0   400.0
  10:37:29.500     0.3   711.4    -90.0   390.0
  10:37:29.546     0.3   709.1    -90.0   390.0
  10:37:29.593     0.3   706.6    -90.0   400.0
  10:37:29.640     0.3   704.4    -90.0   400.0
  10:37:29.671     0.3   704.4    -90.0   400.0
  10:37:29.718     0.3   702.0    -90.0   400.0
  10:37:29.765     0.3   699.6    -90.0   400.0
  10:37:29.812     0.3   697.3    -90.0   390.0
  10:37:29.843     0.3   695.0    -90.0   390.0
  10:37:29.890     0.3   692.6    -90.0   390.0
  10:37:29.937     0.3   690.3    -90.0   390.0
  10:37:29.968     0.3   688.0    -90.0   390.0
  10:37:30.015     0.3   685.6    -90.0   390.0
  10:37:30.062     0.3   683.2    -90.0   390.0
  10:37:30.109     0.3   683.2    -90.0   390.0
  10:37:30.156     0.3   680.9    -90.0   390.0
  10:37:30.187     0.3   678.6    -90.0   390.0
  10:37:30.234     0.3   676.3    -90.0   390.0
  10:37:30.281     0.3   673.9    -90.0   390.0
  10:37:30.328     0.3   671.7    -90.0   390.0
  10:37:30.359     0.3   669.3    -90.0   390.0
  10:37:30.406     0.3   666.9    -90.0   390.0
  10:37:30.453     0.3   664.5    -90.0   390.0
  10:37:30.500     0.3   662.3    -90.0   390.0
  10:37:30.546     0.3   660.0    -90.0   390.0
  10:37:30.593     0.3   657.5    -90.0   390.0
  10:37:30.625     0.3   657.5    -90.0   390.0
  10:37:30.671     0.3   655.2    -90.0   390.0
  10:37:30.718     0.3   652.9    -90.0   390.0
  10:37:30.750     0.3   650.5    -90.0   390.0
  10:37:30.796     0.3   648.2    -90.0   390.0
  10:37:30.843     0.3   645.9    -90.0   390.0
  10:37:30.890     0.3   643.6    -90.0   390.0
  10:37:30.921     0.3   641.1    -90.0   390.0
  10:37:30.968     0.3   638.8    -90.0   390.0
  10:37:31.015     0.3   638.8    -90.0   400.0
  10:37:31.046     0.3   636.5    -90.0   400.0
  10:37:31.093     0.3   634.1    -90.0   400.0
  10:37:31.140     0.3   631.8    -90.0   410.0
  10:37:31.187     0.3   629.5    -90.0   420.0
  10:37:31.234     0.3   627.1    -90.0   420.0
  10:37:31.265     0.3   624.8    -90.0   470.0
  10:37:31.312     0.3   622.5    -90.0   470.0
  10:37:31.359     0.3   620.2    -90.0   470.0
  10:37:31.390     0.3   620.2    -90.0   470.0
  10:37:31.437     0.3   617.7    -90.0   480.0
  10:37:31.484     0.3   615.4    -90.0   480.0
  10:37:31.531     0.3   613.1    -90.0   510.0
  10:37:31.578     0.3   610.8    -90.0   520.0
  10:37:31.625     0.3   608.2    -90.0   520.0
  10:37:31.656     0.3   606.0    -90.0   570.0
  10:37:31.703     0.3   603.8    -90.0   590.0
  10:37:31.750     0.3   601.4    -90.0   570.0
  10:37:31.796     0.3   599.0    -90.0   570.0
  10:37:31.843     0.3   596.7    -90.0   590.0
  10:37:31.875     0.4   594.4    -90.0   590.0
  10:37:31.921     0.4   594.4    -90.0   610.0
  10:37:31.968     0.4   592.0    -90.0   720.0
  10:37:32.000     0.4   589.7    -90.0   670.0
  10:37:32.046     0.4   587.4    -90.0   700.0
  10:37:32.093     0.4   585.1    -90.0   720.0
  10:37:32.140     0.4   582.7    -90.0   670.0
  10:37:32.171     0.4   580.3    -90.0   690.0
  10:37:32.218     0.4   577.9    -90.0   720.0
  10:37:32.265     0.4   575.6    -90.0   720.0
  10:37:32.312     0.4   575.6    -90.0   800.0
  10:37:32.343     0.4   573.3    -90.0   790.0
  10:37:32.390     0.4   570.9    -90.0   790.0
  10:37:32.437     0.4   568.7    -90.0   800.0
  10:37:32.484     0.4   565.4    -90.0   940.0
  10:37:32.531     0.4   563.1    -90.0   940.0
  10:37:32.562     0.4   563.1    -90.0  1010.0
  10:37:32.609     0.4   560.9    -90.0   940.0
  10:37:32.656     0.4   558.5    -90.0   940.0
