Лабораторная работа 1. Анализ сенсорных данных об объекте

Маршрут: квадрат
Направление движения: против часовой стрелки
Скорость движения: 50.0 мм/с
Рабочий дальномер: левый (Rf_L)
Матрица положения дальномера Rf_L:
   0.000  -1.000   0.000  -120.0
   1.000   0.000   0.000   241.0
   0.000   0.000   1.000   229.5
       0       0       0       1

Выходная информация: положение робота, данные дальномера об объекте

          Time   X_rob   Y_rob  Ang_rob    Rf_L
  чч:мм:сс.ссс      мм      мм     град      мм
  10:46:45.109   570.8     0.3      0.0  1080.0
  10:46:45.156   570.8     0.3      0.0  1080.0
  10:46:50.421   828.9     0.3      0.0   690.0
  10:46:50.468   831.2     0.3      0.0   710.0
  10:46:50.500   833.6     0.3      0.0   690.0
  10:46:50.546   835.9     0.3      0.0   580.0
  10:46:50.578   838.3     0.3      0.0   580.0
  10:46:50.625   838.3     0.3      0.0   490.0
  10:46:50.656   840.5     0.3      0.0   490.0
  10:46:50.703   843.0     0.3      0.0   490.0
  10:46:50.750   845.2     0.3      0.0   500.0
  10:46:50.781   847.6     0.3      0.0   500.0
  10:46:50.828   849.9     0.3      0.0   500.0
  10:46:50.875   852.3     0.3      0.0   500.0
  10:46:50.921   854.6     0.3      0.0   490.0
  10:46:50.953   856.9     0.3      0.0   500.0
  10:46:51.000   856.9     0.3      0.0   490.0
  10:46:51.046   859.3     0.3      0.0   490.0
  10:46:51.078   861.7     0.3      0.0   490.0
  10:46:51.125   864.1     0.3      0.0   500.0
  10:46:51.171   866.4     0.3      0.0   500.0
  10:46:51.218   868.7     0.3      0.0   500.0
  10:46:51.265   871.0     0.3      0.0   500.0
  10:46:51.296   873.3     0.3      0.0   500.0
  10:46:51.343   875.6     0.3      0.0   500.0
  10:46:51.390   875.6     0.3      0.0   500.0
  10:46:51.421   877.9     0.3      0.0   500.0
  10:46:51.468   880.3     0.3      0.0   500.0
  10:46:51.515   882.7     0.3      0.0   500.0
  10:46:51.562   885.0     0.3      0.0   500.0
  10:46:51.609   887.3     0.3      0.0   500.0
  10:46:51.656   889.7     0.3      0.0   500.0
  10:46:51.687   892.1     0.3      0.0   500.0
  10:46:51.734   894.4     0.3      0.0   500.0
  10:46:51.781   896.6     0.3      0.0   500.0
  10:46:51.828   899.1     0.3      0.0   500.0
  10:46:51.859   899.1     0.3      0.0   500.0
  10:46:51.906   901.4     0.3      0.0   500.0
  10:46:51.953   903.7     0.3      0.0   500.0
  10:46:52.000   906.0     0.3      0.0   500.0
  10:46:52.031   908.4     0.3      0.0   500.0
  10:46:52.078   911.2     0.3      0.0   500.0
  10:46:52.125   913.1     0.3      0.0   500.0
  10:46:52.171   915.5     0.3      0.0   500.0
  10:46:52.203   917.8     0.3      0.0   500.0
  10:46:52.250   917.8     0.3      0.0   500.0
  10:46:52.296   920.2     0.3      0.0   500.0
  10:46:52.343   922.5     0.3      0.0   500.0
  10:46:52.375   924.7     0.3      0.0   500.0
  10:46:52.421   927.1     0.3      0.0   500.0
  10:46:52.468   929.5     0.3      0.0   500.0
  10:46:52.515   931.9     0.3      0.0   500.0
  10:46:52.546   934.1     0.3      0.0   500.0
  10:46:52.593   936.5     0.3      0.0   500.0
  10:46:52.640   938.8     0.3      0.0   500.0
  10:46:52.687   938.8     0.3      0.0   500.0
  10:46:52.718   941.6     0.3      0.0   500.0
  10:46:52.765   943.5     0.3      0.0   500.0
  10:46:52.812   945.8     0.3      0.0   500.0
  10:46:52.859   948.1     0.3      0.0   500.0
  10:46:52.890   950.5     0.3      0.0   500.0
  10:46:52.937   952.8     0.3      0.0   500.0
  10:46:52.984   955.3     0.3      0.0   500.0
  10:46:53.015   957.5     0.3      0.0   500.0
  10:46:53.062   960.1     0.3      0.0   500.0
  10:46:53.109   960.1     0.3      0.0   500.0
  10:46:53.156   962.2     0.3      0.0   510.0
  10:46:53.203   964.6     0.3      0.0   510.0
  10:46:53.234   966.8     0.3      0.0   500.0
  10:46:53.281   969.2     0.3      0.0   500.0
  10:46:53.328   971.6     0.3      0.0   500.0
  10:46:53.375   973.9     0.3      0.0   500.0
  10:46:53.406   976.2     0.3      0.0   500.0
  10:46:53.468   978.5     0.3      0.0   510.0
  10:46:53.484   978.5     0.3      0.0   510.0
  10:46:53.531   980.9     0.3      0.0   510.0
  10:46:53.578   983.3     0.3      0.0   500.0
  10:46:53.625   985.5     0.3      0.0   500.0
  10:46:53.671   987.9     0.3      0.0   500.0
  10:46:53.718   990.3     0.3      0.0   500.0
  10:46:53.750   992.6     0.3      0.0   500.0
  10:46:53.796   995.0     0.3      0.0   500.0
  10:46:53.843   997.3     0.3      0.0   510.0
  10:46:53.890   999.6     0.3      0.0   510.0
  10:46:53.921  1002.0     0.3      0.0   510.0
  10:46:53.968  1002.0     0.3      0.0   510.0
  10:46:54.015  1004.3     0.3      0.0   510.0
  10:46:54.062  1006.8     0.3      0.0   510.0
  10:46:54.093  1009.4     0.3      0.0   510.0
  10:46:54.140  1012.2     0.3      0.0   510.0
  10:46:54.187  1012.2     0.3      0.0   510.0
  10:46:54.234  1014.5     0.3      0.0   500.0
  10:46:54.265  1016.8     0.3      0.0   500.0
  10:46:54.312  1019.4     0.3      0.0   510.0
  10:46:54.359  1021.5     0.3      0.0   500.0
  10:46:54.406  1023.8     0.3      0.0   500.0
  10:46:54.437  1026.2     0.3      0.0   510.0
  10:46:54.484  1028.5     0.3      0.0   510.0
  10:46:54.531  1030.8     0.3      0.0   510.0
  10:46:54.578  1033.2     0.3      0.0   510.0
  10:46:54.609  1033.2     0.3      0.0   510.0
  10:46:54.656  1035.5     0.3      0.0   510.0
  10:46:54.687  1037.8     0.3      0.0   510.0
  10:46:54.734  1040.2     0.3      0.0   510.0
  10:46:54.781  1042.6     0.3      0.0   510.0
  10:46:54.812  1044.8     0.3      0.0   510.0
  10:46:54.859  1047.1     0.3      0.0   510.0
  10:46:54.906  1049.6     0.3      0.0   510.0
  10:46:54.953  1049.6     0.3      0.0   510.0
  10:46:54.984  1051.9     0.3      0.0   510.0
  10:46:55.031  1054.2     0.3      0.0   510.0
  10:46:55.078  1056.6     0.3      0.0   510.0
  10:46:55.125  1058.9     0.3      0.0   510.0
  10:46:55.171  1061.3     0.3      0.0   510.0
  10:46:55.203  1063.7     0.3      0.0   510.0
  10:46:55.250  1066.0     0.3      0.0   510.0
  10:46:55.296  1068.3     0.3      0.0   500.0
  10:46:55.343  1070.7     0.3      0.0   510.0
  10:46:55.390  1072.9     0.3      0.0   510.0
  10:46:55.421  1072.9     0.3      0.0   510.0
  10:46:55.468  1075.2     0.3      0.0   510.0
  10:46:55.515  1077.7     0.3      0.0   510.0
  10:46:55.546  1080.0     0.3      0.0   510.0
  10:46:55.593  1082.3     0.3      0.0   510.0
  10:46:55.640  1084.7     0.3      0.0   510.0
  10:46:55.687  1086.9     0.3      0.0   510.0
  10:46:55.734  1089.4     0.3      0.0   510.0
  10:46:55.765  1091.7     0.3      0.0   510.0
  10:46:55.812  1091.7     0.3      0.0   500.0
  10:46:55.859  1094.1     0.3      0.0   510.0
  10:46:55.890  1096.3     0.3      0.0   510.0
  10:46:55.937  1098.7     0.3      0.0   510.0
  10:46:55.984  1101.0     0.3      0.0   510.0
  10:46:56.031  1103.4     0.3      0.0   510.0
  10:46:56.078  1105.6     0.3      0.0   510.0
  10:46:56.109  1108.1     0.3      0.0   510.0
  10:46:56.156  1110.5     0.3      0.0   510.0
  10:46:56.203  1112.7     0.3      0.0   510.0
  10:46:56.250  1115.2     0.3      0.0   510.0
  10:46:56.281  1115.2     0.3      0.0   510.0
  10:46:56.328  1117.4     0.3      0.0   510.0
  10:46:56.375  1119.8     0.3      0.0   510.0
  10:46:56.406  1122.1     0.3      0.0   510.0
  10:46:56.453  1124.4     0.3      0.0   510.0
  10:46:56.500  1126.7     0.3      0.0   510.0
  10:46:56.546  1129.1     0.3      0.0   510.0
  10:46:56.578  1131.4     0.3      0.0   510.0
  10:46:56.625  1133.7     0.3      0.0   510.0
  10:46:56.671  1136.1     0.3      0.0   510.0
  10:46:56.734  1136.1     0.3      0.0   500.0
  10:46:56.765  1138.4     0.3      0.0   510.0
  10:46:56.796  1141.6     0.3      0.0   510.0
  10:46:56.843  1143.9     0.3      0.0   510.0
  10:46:56.890  1146.2     0.3      0.0   510.0
  10:46:56.937  1148.6     0.3      0.0   510.0
  10:46:56.984  1148.6     0.3      0.0   510.0
  10:46:57.015  1150.9     0.3      0.0   510.0
  10:46:57.062  1153.3     0.3      0.0   510.0
  10:46:57.109  1155.6     0.3      0.0   510.0
  10:46:57.156  1158.0     0.3      0.0   510.0
  10:46:57.187  1160.2     0.3      0.0   520.0
  10:46:57.234  1162.7     0.3      0.0   510.0
  10:46:57.281  1164.9     0.3      0.0   510.0
  10:46:57.312  1167.3     0.3      0.0   510.0
  10:46:57.359  1167.3     0.3      0.0   510.0
  10:46:57.406  1170.4     0.3      0.0   520.0
  10:46:57.437  1172.8     0.3      0.0   520.0
  10:46:57.484  1175.1     0.3      0.0   520.0
  10:46:57.531  1177.4     0.3      0.0   520.0
  10:46:57.578  1179.7     0.3      0.0   510.0
  10:46:57.609  1179.7     0.3      0.0   510.0
  10:46:57.656  1182.1     0.3      0.0   520.0
  10:46:57.703  1184.4     0.3      0.0   510.0
  10:46:57.750  1186.8     0.3      0.0   510.0
  10:46:57.796  1189.1     0.3      0.0   520.0
  10:46:57.828  1191.5     0.3      0.0   520.0
  10:46:57.875  1193.9     0.3      0.0   510.0
  10:46:57.921  1196.2     0.3      0.0   510.0
  10:46:57.953  1198.5     0.3      0.0   520.0
  10:46:58.000  1200.8     0.3      0.0   510.0
  10:46:58.046  1200.8     0.3      0.0   520.0
  10:46:58.093  1203.1     0.3      0.0   520.0
  10:46:58.140  1205.5     0.3      0.0   510.0
  10:46:58.171  1208.2     0.3      0.0   510.0
  10:46:58.218  1210.2     0.3      0.0   520.0
  10:46:58.234  1212.6     0.3      0.0   520.0
  10:46:58.281  1212.6     0.3      0.0   520.0
  10:46:58.328  1214.9     0.3      0.0   520.0
  10:46:58.375  1217.2     0.3      0.0   520.0
  10:46:58.421  1219.5     0.3      0.0   520.0
  10:46:58.453  1221.9     0.3      0.0   520.0
  10:46:58.500  1224.2     0.3      0.0   520.0
  10:46:58.546  1226.5     0.3      0.0   520.0
  10:46:58.593  1228.8     0.3      0.0   520.0
  10:46:58.625  1231.2     0.3      0.0   520.0
  10:46:58.656  1231.2     0.3      0.0   520.0
  10:46:58.703  1233.6     0.3      0.0   520.0
  10:46:58.750  1235.9     0.3      0.0   520.0
  10:46:58.781  1238.2     0.3      0.0   520.0
  10:46:58.828  1240.6     0.3      0.0   520.0
  10:46:58.875  1242.9     0.3      0.0   520.0
  10:46:58.921  1245.2     0.3      0.0   520.0
  10:46:58.968  1247.7     0.3      0.0   520.0
  10:46:59.000  1247.7     0.3      0.0   520.0
  10:46:59.031  1250.0     0.3      0.0   520.0
  10:46:59.078  1252.2     0.3      0.0   510.0
  10:46:59.125  1254.6     0.3      0.0   510.0
  10:46:59.156  1257.0     0.3      0.0   520.0
  10:46:59.203  1259.4     0.3      0.0   520.0
  10:46:59.250  1261.7     0.3      0.0   520.0
  10:46:59.296  1261.7     0.3      0.0   520.0
  10:46:59.328  1264.0     0.3      0.0   520.0
  10:46:59.375  1266.4     0.3      0.0   520.0
  10:46:59.421  1268.8     0.3      0.0   520.0
  10:46:59.468  1270.9     0.3      0.0   520.0
  10:46:59.500  1273.3     0.3      0.0   520.0
  10:46:59.546  1275.7     0.3      0.0   520.0
  10:46:59.593  1278.0     0.3      0.0   520.0
  10:46:59.640  1280.3     0.3      0.0   510.0
  10:46:59.671  1280.3     0.3      0.0   520.0
  10:46:59.718  1282.7     0.3      0.0   520.0
  10:46:59.765  1285.1     0.3      0.0   520.0
  10:46:59.812  1287.3     0.3      0.0   520.0
  10:46:59.843  1289.6     0.3      0.0   520.0
  10:46:59.890  1292.2     0.3      0.0   520.0
  10:46:59.937  1294.4     0.3      0.0   530.0
  10:46:59.984  1296.7     0.3      0.0   530.0
  10:47:00.015  1299.0     0.3      0.0   530.0
  10:47:00.062  1301.3     0.3      0.0   530.0
  10:47:00.109  1301.3     0.3      0.0   530.0
  10:47:00.156  1303.7     0.3      0.0   530.0
  10:47:00.187  1306.0     0.3      0.0   540.0
  10:47:00.234  1308.4     0.3      0.0   550.0
  10:47:00.281  1310.8     0.3      0.0   550.0
  10:47:00.312  1313.1     0.3      0.0   550.0
  10:47:00.359  1315.4     0.3      0.0   850.0
  10:47:00.406  1317.7     0.3      0.0   750.0
  10:47:00.453  1320.1     0.3      0.0   850.0
  10:47:36.515  1838.4   908.0     90.0   950.0
  10:47:36.562  1838.4   910.3     90.0   860.0
  10:47:36.593  1838.4   912.6     90.0   860.0
  10:47:36.640  1838.4   915.0     90.0   680.0
  10:47:36.687  1838.4   917.4     90.0   590.0
  10:47:36.734  1838.4   919.7     90.0   590.0
  10:47:36.765  1838.4   922.0     90.0   550.0
  10:47:36.812  1838.4   924.5     90.0   440.0
  10:47:36.859  1838.4   924.5     90.0   440.0
  10:47:36.906  1838.4   926.7     90.0   390.0
  10:47:36.953  1838.4   928.9     90.0   390.0
  10:47:36.984  1838.4   931.3     90.0   390.0
  10:47:37.031  1838.4   933.6     90.0   390.0
  10:47:37.078  1838.4   936.2     90.0   390.0
  10:47:37.125  1838.4   938.4     90.0   390.0
  10:47:37.156  1838.4   940.8     90.0   390.0
  10:47:37.203  1838.4   943.0     90.0   390.0
  10:47:37.250  1838.4   945.5     90.0   390.0
  10:47:37.296  1838.4   945.5     90.0   390.0
  10:47:37.328  1838.4   947.7     90.0   390.0
  10:47:37.375  1838.4   950.0     90.0   390.0
  10:47:37.421  1838.4   952.4     90.0   390.0
  10:47:37.468  1838.4   954.8     90.0   390.0
  10:47:37.500  1838.4   957.0     90.0   390.0
  10:47:37.546  1838.4   959.4     90.0   390.0
  10:47:37.593  1838.4   961.7     90.0   390.0
  10:47:37.625  1838.4   961.7     90.0   390.0
  10:47:37.656  1838.4   964.0     90.0   390.0
  10:47:37.703  1838.4   966.4     90.0   390.0
  10:47:37.750  1838.4   968.9     90.0   390.0
  10:47:37.781  1838.4   971.0     90.0   390.0
  10:47:37.828  1838.4   973.4     90.0   390.0
  10:47:37.875  1838.4   975.8     90.0   390.0
  10:47:37.921  1838.4   975.8     90.0   390.0
  10:47:37.953  1838.4   978.2     90.0   390.0
  10:47:38.000  1838.4   980.5     90.0   390.0
  10:47:38.015  1838.4   982.8     90.0   390.0
  10:47:38.062  1838.4   985.2     90.0   390.0
  10:47:38.109  1838.4   985.2     90.0   390.0
  10:47:38.156  1838.4   987.6     90.0   390.0
  10:47:38.187  1838.4   989.9     90.0   390.0
  10:47:38.234  1838.4   992.3     90.0   390.0
  10:47:38.281  1838.4   994.5     90.0   390.0
  10:47:38.328  1838.4   996.8     90.0   390.0
  10:47:38.359  1838.4   999.2     90.0   390.0
  10:47:38.406  1838.4  1001.5     90.0   390.0
  10:47:38.453  1838.4  1003.9     90.0   390.0
  10:47:38.484  1838.4  1003.9     90.0   400.0
  10:47:38.531  1838.4  1006.2     90.0   390.0
  10:47:38.578  1838.4  1008.5     90.0   390.0
  10:47:38.625  1838.4  1011.1     90.0   400.0
  10:47:38.656  1838.4  1013.2     90.0   400.0
  10:47:38.703  1838.4  1015.5     90.0   390.0
  10:47:38.750  1838.4  1018.0     90.0   390.0
  10:47:38.796  1838.4  1020.3     90.0   390.0
  10:47:38.843  1838.4  1022.7     90.0   390.0
  10:47:38.875  1838.4  1024.8     90.0   390.0
  10:47:38.921  1838.4  1024.8     90.0   390.0
  10:47:38.968  1838.4  1027.2     90.0   390.0
  10:47:39.015  1838.4  1029.6     90.0   400.0
  10:47:39.046  1838.4  1031.9     90.0   400.0
  10:47:39.093  1838.4  1034.4     90.0   400.0
  10:47:39.140  1838.4  1036.6     90.0   400.0
  10:47:39.187  1838.4  1039.0     90.0   400.0
  10:47:39.218  1838.4  1041.3     90.0   390.0
  10:47:39.265  1838.4  1043.6     90.0   390.0
  10:47:39.312  1838.4  1043.6     90.0   390.0
  10:47:39.359  1838.4  1048.3     90.0   390.0
  10:47:39.390  1838.4  1048.3     90.0   390.0
  10:47:39.437  1838.4  1050.7     90.0   400.0
  10:47:39.484  1838.4  1053.0     90.0   400.0
  10:47:39.531  1838.4  1055.3     90.0   400.0
  10:47:39.546  1838.4  1057.6     90.0   400.0
  10:47:39.593  1838.4  1057.6     90.0   400.0
  10:47:39.640  1838.4  1060.0     90.0   400.0
  10:47:39.671  1838.4  1062.4     90.0   400.0
  10:47:39.718  1838.4  1064.7     90.0   400.0
  10:47:39.765  1838.4  1067.0     90.0   400.0
  10:47:39.812  1838.4  1069.3     90.0   400.0
  10:47:39.859  1838.4  1071.7     90.0   400.0
  10:47:39.890  1838.4  1074.0     90.0   400.0
  10:47:39.921  1838.4  1074.0     90.0   400.0
  10:47:39.968  1838.4  1076.4     90.0   400.0
  10:47:40.015  1838.4  1078.8     90.0   400.0
  10:47:40.046  1838.4  1081.8     90.0   400.0
  10:47:40.093  1838.4  1084.1     90.0   400.0
  10:47:40.140  1838.4  1084.1     90.0   400.0
  10:47:40.187  1838.4  1086.5     90.0   400.0
  10:47:40.218  1838.4  1089.0     90.0   400.0
  10:47:40.265  1838.4  1091.3     90.0   400.0
  10:47:40.312  1838.4  1093.6     90.0   400.0
  10:47:40.359  1838.4  1096.0     90.0   400.0
  10:47:40.406  1838.4  1098.2     90.0   400.0
  10:47:40.437  1838.4  1100.5     90.0   400.0
  10:47:40.484  1838.4  1102.8     90.0   400.0
  10:47:40.531  1838.4  1105.2     90.0   400.0
  10:47:40.578  1838.4  1107.7     90.0   400.0
  10:47:40.609  1838.4  1107.7     90.0   400.0
  10:47:40.656  1838.4  1109.9     90.0   400.0
  10:47:40.703  1838.3  1112.3     90.0   400.0
  10:47:40.750  1838.3  1114.6     90.0   400.0
  10:47:40.796  1838.3  1116.9     90.0   400.0
  10:47:40.828  1838.3  1119.2     90.0   400.0
  10:47:40.875  1838.3  1121.6     90.0   400.0
  10:47:40.921  1838.3  1123.9     90.0   400.0
  10:47:40.968  1838.3  1126.2     90.0   400.0
  10:47:41.015  1838.3  1128.8     90.0   400.0
  10:47:41.062  1838.3  1130.9     90.0   400.0
  10:47:41.093  1838.3  1133.3     90.0   400.0
  10:47:41.140  1838.3  1135.6     90.0   400.0
  10:47:41.187  1838.3  1135.6     90.0   400.0
  10:47:41.234  1838.3  1138.1     90.0   400.0
  10:47:41.281  1838.3  1140.3     90.0   400.0
  10:47:41.312  1838.3  1142.7     90.0   400.0
  10:47:41.359  1838.3  1144.9     90.0   400.0
  10:47:41.406  1838.3  1147.4     90.0   400.0
  10:47:41.437  1838.3  1149.7     90.0   400.0
  10:47:41.484  1838.3  1151.9     90.0   400.0
  10:47:41.531  1838.3  1154.3     90.0   390.0
  10:47:41.578  1838.3  1154.3     90.0   400.0
  10:47:41.625  1838.3  1156.7     90.0   400.0
  10:47:41.656  1838.3  1159.1     90.0   400.0
  10:47:41.703  1838.3  1161.4     90.0   400.0
  10:47:41.750  1838.3  1163.7     90.0   400.0
  10:47:41.796  1838.3  1166.0     90.0   400.0
  10:47:41.828  1838.3  1168.4     90.0   400.0
  10:47:41.875  1838.3  1170.8     90.0   400.0
  10:47:41.921  1838.3  1173.1     90.0   400.0
  10:47:41.968  1838.3  1175.4     90.0   400.0
  10:47:42.000  1838.3  1177.7     90.0   400.0
  10:47:42.046  1838.3  1177.7     90.0   400.0
  10:47:42.078  1838.3  1180.0     90.0   400.0
  10:47:42.125  1838.3  1182.4     90.0   400.0
  10:47:42.171  1838.3  1184.8     90.0   400.0
  10:47:42.218  1838.3  1187.2     90.0   400.0
  10:47:42.250  1838.3  1187.2     90.0   420.0
  10:47:42.281  1838.3  1189.5     90.0   420.0
  10:47:42.328  1838.3  1191.8     90.0   450.0
  10:47:42.375  1838.3  1194.2     90.0   470.0
  10:47:42.421  1838.3  1196.4     90.0   470.0
  10:47:42.468  1838.3  1198.8     90.0   480.0
  10:47:42.500  1838.3  1201.1     90.0   480.0
  10:47:42.546  1838.3  1203.5     90.0   480.0
  10:47:42.593  1838.3  1205.8     90.0   490.0
  10:47:42.640  1838.3  1208.2     90.0   490.0
  10:47:42.671  1838.3  1208.2     90.0   490.0
  10:47:42.718  1838.3  1210.5     90.0   490.0
  10:47:42.765  1838.3  1212.9     90.0   490.0
  10:47:42.812  1838.3  1215.1     90.0   490.0
  10:47:42.843  1838.3  1217.5     90.0   490.0
  10:47:42.906  1838.3  1219.8     90.0   490.0
  10:47:42.937  1838.3  1222.2     90.0   490.0
  10:47:42.984  1838.3  1224.5     90.0   500.0
  10:47:43.031  1838.3  1226.9     90.0   500.0
  10:47:43.062  1838.3  1229.1     90.0   490.0
  10:47:43.109  1838.3  1231.5     90.0   490.0
  10:47:43.156  1838.3  1231.5     90.0   500.0
  10:47:43.203  1838.3  1233.8     90.0   500.0
  10:47:43.234  1838.3  1236.3     90.0   510.0
  10:47:43.281  1838.3  1238.5     90.0   500.0
  10:47:43.328  1838.3  1240.9     90.0   500.0
  10:47:43.375  1838.3  1243.3     90.0   500.0
  10:47:43.406  1838.3  1245.6     90.0   510.0
  10:47:43.453  1838.3  1247.9     90.0   510.0
  10:47:43.500  1838.3  1250.2     90.0   510.0
  10:47:43.546  1838.3  1250.2     90.0   510.0
  10:47:43.578  1838.3  1252.7     90.0   510.0
  10:47:43.640  1838.3  1254.9     90.0   510.0
  10:47:43.671  1838.3  1257.2     90.0   510.0
  10:47:43.718  1838.3  1259.6     90.0   510.0
  10:47:43.750  1838.3  1262.0     90.0   520.0
  10:47:43.796  1838.3  1264.4     90.0   520.0
  10:47:43.843  1838.3  1266.6     90.0   520.0
  10:47:43.890  1838.3  1269.0     90.0   530.0
  10:47:43.937  1838.3  1271.3     90.0   530.0
  10:47:43.968  1838.3  1273.7     90.0   520.0
  10:47:44.015  1838.3  1273.7     90.0   520.0
  10:47:44.062  1838.3  1275.9     90.0   530.0
  10:47:44.109  1838.3  1278.6     90.0   520.0
  10:47:44.140  1838.3  1280.7     90.0   520.0
  10:47:44.187  1838.3  1283.0     90.0   530.0
  10:47:44.250  1838.3  1285.4     90.0   530.0
  10:47:44.281  1838.3  1287.8     90.0   530.0
  10:47:44.312  1838.3  1290.0     90.0   530.0
  10:47:44.359  1838.3  1292.4     90.0   530.0
  10:47:44.406  1838.3  1294.7     90.0   530.0
  10:47:44.453  1838.3  1294.7     90.0   540.0
  10:47:44.484  1838.3  1297.1     90.0   540.0
  10:47:44.531  1838.3  1299.4     90.0   540.0
  10:47:44.578  1838.3  1301.7     90.0   540.0
  10:47:44.625  1838.3  1304.1     90.0   540.0
  10:47:44.656  1838.3  1306.4     90.0   540.0
  10:47:44.703  1838.3  1308.8     90.0   540.0
  10:47:44.750  1838.3  1311.2     90.0   540.0
  10:47:44.796  1838.3  1313.5     90.0   540.0
  10:47:44.828  1838.3  1315.8     90.0   540.0
  10:47:44.875  1838.3  1318.1     90.0   540.0
  10:47:44.921  1838.3  1318.1     90.0   540.0
  10:47:44.968  1838.3  1320.6     90.0   550.0
  10:47:45.015  1838.3  1322.8     90.0   550.0
  10:47:45.046  1838.3  1325.1     90.0   550.0
  10:47:45.093  1838.3  1327.5     90.0   560.0
  10:47:45.140  1838.3  1329.9     90.0   560.0
  10:47:45.187  1838.3  1332.1     90.0   560.0
  10:47:45.218  1838.3  1334.6     90.0   560.0
  10:47:45.265  1838.3  1336.7     90.0   560.0
  10:47:45.312  1838.3  1336.7     90.0   560.0
  10:47:45.359  1838.3  1339.3     90.0   560.0
  10:47:45.390  1838.3  1341.5     90.0   560.0
  10:47:45.437  1838.3  1343.8     90.0   570.0
  10:47:45.484  1838.3  1346.2     90.0   570.0
  10:47:45.531  1838.3  1348.6     90.0   570.0
  10:47:45.578  1838.3  1350.8     90.0   570.0
  10:47:45.609  1838.3  1353.2     90.0   560.0
  10:47:45.656  1838.3  1355.4     90.0   560.0
  10:47:45.703  1838.3  1357.9     90.0   560.0
  10:47:45.750  1838.3  1360.2     90.0   570.0
  10:47:45.781  1838.3  1360.2     90.0   570.0
  10:47:45.828  1838.3  1362.6     90.0   570.0
  10:47:45.875  1838.3  1364.9     90.0   580.0
  10:47:45.875  1838.3  1364.9     90.0   570.0
  10:47:45.921  1838.3  1367.2     90.0   580.0
  10:47:45.968  1838.3  1369.5     90.0   570.0
  10:47:46.000  1838.3  1372.0     90.0   570.0
  10:47:46.046  1838.3  1374.2     90.0   570.0
  10:47:46.093  1838.3  1376.5     90.0   580.0
  10:47:46.140  1838.3  1378.9     90.0   580.0
  10:47:46.187  1838.3  1381.3     90.0   580.0
  10:47:46.218  1838.3  1383.5     90.0   590.0
  10:47:46.265  1838.3  1383.5     90.0   580.0
  10:47:46.312  1838.3  1385.9     90.0   590.0
  10:47:46.359  1838.3  1388.2     90.0   590.0
  10:47:46.390  1838.3  1390.6     90.0   590.0
  10:47:46.437  1838.3  1393.0     90.0   590.0
  10:47:46.484  1838.3  1395.3     90.0   590.0
  10:47:46.531  1838.3  1397.6     90.0   590.0
  10:47:46.562  1838.3  1400.0     90.0   590.0
  10:47:46.609  1838.3  1402.3     90.0   600.0
  10:47:46.656  1838.3  1404.7     90.0   600.0
  10:47:46.703  1838.3  1404.7     90.0   620.0
  10:47:46.734  1838.3  1407.0     90.0   620.0
  10:47:46.781  1838.2  1409.3     90.0   620.0
  10:47:46.828  1838.2  1411.7     90.0   750.0
  10:47:46.875  1838.2  1414.0     90.0   820.0
  10:47:46.921  1838.2  1416.4     90.0   820.0
  10:47:46.953  1838.2  1418.7     90.0  1040.0
  10:48:19.156  1067.0  1838.5   -180.0   960.0
  10:48:19.187  1067.0  1838.5   -180.0   660.0
  10:48:19.234  1064.8  1838.5   -180.0   660.0
  10:48:19.281  1062.4  1838.5   -180.0   550.0
  10:48:19.328  1060.1  1838.5   -180.0   530.0
  10:48:19.359  1057.6  1838.5   -180.0   530.0
  10:48:19.406  1055.0  1838.5   -180.0   500.0
  10:48:19.453  1055.0  1838.5   -180.0   500.0
  10:48:19.500  1052.4  1838.5   -180.0   500.0
  10:48:19.531  1049.9  1838.5   -180.0   500.0
  10:48:19.578  1047.7  1838.5   -180.0   490.0
  10:48:19.625  1045.2  1838.5   -180.0   490.0
  10:48:19.671  1042.9  1838.5   -180.0   490.0
  10:48:19.703  1040.6  1838.5   -180.0   490.0
  10:48:19.750  1038.2  1838.5   -180.0   490.0
  10:48:19.796  1035.9  1838.5   -180.0   490.0
  10:48:19.843  1033.7  1838.5   -180.0   490.0
  10:48:19.875  1031.2  1838.5   -180.0   490.0
  10:48:19.921  1031.2  1838.5   -180.0   490.0
  10:48:19.968  1028.9  1838.5   -180.0   490.0
  10:48:20.015  1026.6  1838.5   -180.0   490.0
  10:48:20.062  1024.2  1838.5   -180.0   490.0
  10:48:20.078  1021.9  1838.5   -180.0   490.0
  10:48:20.125  1019.6  1838.5   -180.0   490.0
  10:48:20.171  1017.3  1838.5   -180.0   490.0
  10:48:20.218  1017.3  1838.5   -180.0   490.0
  10:48:20.250  1014.8  1838.5   -180.0   490.0
  10:48:20.296  1012.5  1838.5   -180.0   490.0
  10:48:20.328  1010.2  1838.5   -180.0   490.0
  10:48:20.375  1007.8  1838.5   -180.0   490.0
  10:48:20.421  1005.5  1838.5   -180.0   490.0
  10:48:20.453  1005.5  1838.5   -180.0   490.0
  10:48:20.500  1003.2  1838.5   -180.0   490.0
  10:48:20.531  1000.8  1838.5   -180.0   490.0
  10:48:20.578   998.4  1838.5   -180.0   490.0
  10:48:20.625   996.2  1838.5   -180.0   490.0
  10:48:20.656   993.7  1838.5   -180.0   490.0
  10:48:20.703   991.4  1838.5   -180.0   490.0
  10:48:20.734   991.4  1838.5   -180.0   490.0
  10:48:20.781   989.2  1838.5   -180.0   500.0
  10:48:20.828   986.8  1838.5   -180.0   500.0
  10:48:20.875   984.5  1838.5   -180.0   500.0
  10:48:20.921   982.2  1838.5   -180.0   490.0
  10:48:20.968   979.7  1838.5   -180.0   490.0
  10:48:21.000   977.4  1838.5   -180.0   490.0
  10:48:21.046   975.1  1838.5   -180.0   490.0
  10:48:21.093   972.7  1838.5   -180.0   490.0
  10:48:21.140   970.4  1838.5   -180.0   490.0
  10:48:21.187   968.1  1838.5   -180.0   500.0
  10:48:21.234   965.7  1838.5   -180.0   490.0
  10:48:21.265   965.7  1838.5   -180.0   490.0
  10:48:21.312   963.3  1838.5   -180.0   490.0
  10:48:21.343   960.9  1838.5   -180.0   490.0
  10:48:21.390   958.7  1838.5   -180.0   490.0
  10:48:21.437   956.4  1838.5   -180.0   490.0
  10:48:21.484   954.1  1838.5   -180.0   490.0
  10:48:21.515   951.8  1838.5   -180.0   490.0
  10:48:21.562   949.3  1838.5   -180.0   470.0
  10:48:21.609   947.0  1838.5   -180.0   470.0
  10:48:21.656   947.0  1838.5   -180.0   470.0
  10:48:21.703   944.6  1838.5   -180.0   470.0
  10:48:21.734   942.2  1838.5   -180.0   470.0
  10:48:21.781   939.8  1838.5   -180.0   470.0
  10:48:21.828   937.6  1838.5   -180.0   450.0
  10:48:21.875   934.8  1838.5   -180.0   450.0
  10:48:21.906   932.2  1838.5   -180.0   450.0
  10:48:21.953   932.2  1838.5   -180.0   450.0
  10:48:22.000   929.8  1838.5   -180.0   450.0
  10:48:22.046   927.6  1838.5   -180.0   450.0
  10:48:22.078   924.9  1838.5   -180.0   440.0
  10:48:22.125   922.9  1838.5   -180.0   440.0
  10:48:22.171   920.5  1838.4   -180.0   440.0
  10:48:22.234   918.1  1838.4   -180.0   430.0
  10:48:22.265   915.4  1838.4   -180.0   430.0
  10:48:22.296   913.5  1838.4   -180.0   430.0
  10:48:22.343   911.1  1838.4   -180.0   430.0
  10:48:22.390   908.8  1838.4   -180.0   420.0
  10:48:22.437   908.8  1838.4   -180.0   420.0
  10:48:22.468   906.4  1838.4   -180.0   410.0
  10:48:22.515   904.2  1838.4   -180.0   400.0
  10:48:22.562   901.9  1838.4   -180.0   400.0
  10:48:22.609   899.4  1838.4   -180.0   400.0
  10:48:22.656   897.1  1838.4   -180.0   400.0
  10:48:22.687   894.7  1838.4   -180.0   400.0
  10:48:22.734   892.4  1838.4   -180.0   390.0
  10:48:22.781   890.1  1838.4   -180.0   390.0
  10:48:22.812   890.1  1838.4   -180.0   390.0
  10:48:22.859   887.7  1838.4   -180.0   390.0
  10:48:22.906   885.4  1838.4   -180.0   380.0
  10:48:22.937   883.1  1838.4   -180.0   380.0
  10:48:22.984   880.8  1838.4   -180.0   380.0
  10:48:23.031   878.5  1838.4   -180.0   370.0
  10:48:23.078   876.1  1838.4   -180.0   370.0
  10:48:23.125   873.7  1838.4   -180.0   370.0
  10:48:23.171   871.4  1838.4   -180.0   370.0
  10:48:23.203   869.1  1838.4   -180.0   370.0
  10:48:23.250   869.1  1838.4   -180.0   360.0
  10:48:23.296   866.8  1838.4   -180.0   350.0
  10:48:23.343   864.3  1838.4   -180.0   350.0
  10:48:23.375   862.0  1838.4   -180.0   350.0
  10:48:23.421   859.7  1838.4   -180.0   350.0
  10:48:23.468   857.2  1838.4   -180.0   350.0
  10:48:23.500   855.1  1838.4   -180.0   340.0
  10:48:23.546   852.7  1838.4   -180.0   340.0
  10:48:23.578   852.7  1838.4   -180.0   340.0
  10:48:23.625   850.3  1838.4   -180.0   330.0
  10:48:23.671   848.1  1838.4   -180.0   330.0
  10:48:23.718   845.7  1838.4   -180.0   330.0
  10:48:23.765   843.3  1838.4   -180.0   330.0
  10:48:23.796   840.9  1838.4   -180.0   320.0
  10:48:23.843   838.6  1838.4   -180.0   320.0
  10:48:23.890   836.3  1838.4   -180.0   320.0
  10:48:23.937   834.1  1838.4   -180.0   310.0
  10:48:23.968   831.7  1838.4   -180.0   310.0
  10:48:24.015   831.7  1838.4   -180.0   310.0
  10:48:24.062   829.3  1838.4   -180.0   300.0
  10:48:24.109   827.0  1838.4   -180.0   300.0
  10:48:24.140   824.6  1838.4   -180.0   300.0
  10:48:24.187   822.3  1838.4   -180.0   300.0
  10:48:24.234   819.9  1838.4   -180.0   300.0
  10:48:24.281   817.5  1838.4   -180.0   300.0
  10:48:24.328   815.2  1838.4   -180.0   300.0
  10:48:24.359   813.0  1838.4   -180.0   310.0
  10:48:24.406   810.6  1838.4   -180.0   320.0
  10:48:24.453   808.2  1838.4   -180.0   320.0
  10:48:24.500   808.2  1838.4   -180.0   320.0
  10:48:24.531   805.9  1838.4   -180.0   330.0
  10:48:24.578   803.5  1838.4   -180.0   330.0
  10:48:24.625   801.2  1838.4   -180.0   330.0
  10:48:24.671   798.9  1838.4   -180.0   340.0
  10:48:24.703   796.5  1838.4   -180.0   340.0
  10:48:24.750   794.1  1838.4   -180.0   350.0
  10:48:24.796   791.8  1838.4   -180.0   350.0
  10:48:24.843   789.4  1838.4   -180.0   350.0
  10:48:24.890   787.2  1838.4   -180.0   350.0
  10:48:24.921   787.2  1838.4   -180.0   360.0
  10:48:24.968   784.8  1838.4   -180.0   360.0
  10:48:25.015   782.6  1838.4   -180.0   370.0
  10:48:25.046   780.1  1838.4   -180.0   370.0
  10:48:25.093   777.8  1838.4   -180.0   370.0
  10:48:25.140   775.4  1838.4   -180.0   380.0
  10:48:25.187   773.2  1838.4   -180.0   390.0
  10:48:25.218   770.8  1838.4   -180.0   390.0
  10:48:25.265   768.5  1838.4   -180.0   390.0
  10:48:25.312   768.5  1838.4   -180.0   400.0
  10:48:25.359   766.1  1838.4   -180.0   400.0
  10:48:25.390   763.7  1838.4   -180.0   400.0
  10:48:25.437   761.4  1838.4   -180.0   410.0
  10:48:25.500   759.0  1838.4   -180.0   410.0
  10:48:25.531   756.7  1838.4   -180.0   410.0
  10:48:25.562   754.5  1838.4   -180.0   420.0
  10:48:25.609   752.1  1838.4   -180.0   420.0
  10:48:25.656   749.7  1838.4   -180.0   420.0
  10:48:25.703   747.5  1838.4   -180.0   430.0
  10:48:25.734   747.5  1838.4   -180.0   430.0
  10:48:25.781   745.1  1838.4   -180.0   440.0
  10:48:25.828   742.7  1838.4   -180.0   440.0
  10:48:25.859   740.3  1838.3   -180.0   440.0
  10:48:25.921   738.1  1838.3   -180.0   440.0
  10:48:25.953   735.8  1838.3   -180.0   450.0
  10:48:26.000   733.3  1838.3   -180.0   450.0
  10:48:26.046   731.0  1838.3   -180.0   460.0
  10:48:26.078   728.7  1838.3   -180.0   460.0
  10:48:26.125   726.4  1838.3   -180.0   460.0
  10:48:26.171   724.1  1838.3   -180.0   460.0
  10:48:26.218   724.1  1838.3   -180.0   470.0
  10:48:26.265   721.6  1838.3   -180.0   470.0
  10:48:26.296   719.3  1838.3   -180.0   490.0
  10:48:26.343   717.1  1838.3   -180.0   490.0
  10:48:26.390   714.6  1838.3   -180.0   490.0
  10:48:26.437   712.3  1838.3   -180.0   490.0
  10:48:26.468   710.0  1838.3   -180.0   490.0
  10:48:26.515   707.7  1838.3   -180.0   490.0
  10:48:26.562   705.4  1838.3   -180.0   500.0
  10:48:26.609   705.4  1838.3   -180.0   510.0
  10:48:26.640   702.9  1838.3   -180.0   510.0
  10:48:26.687   700.6  1838.3   -180.0   510.0
  10:48:26.734   698.3  1838.3   -180.0   510.0
  10:48:26.781   696.0  1838.3   -180.0   510.0
  10:48:26.812   693.6  1838.3   -180.0   510.0
  10:48:26.859   691.2  1838.3   -180.0   510.0
  10:48:26.906   688.9  1838.3   -180.0   510.0
  10:48:26.953   686.6  1838.3   -180.0   510.0
  10:48:26.984   686.6  1838.3   -180.0   510.0
  10:48:27.031   684.3  1838.3   -180.0   510.0
  10:48:27.078   681.8  1838.3   -180.0   510.0
  10:48:27.125   679.6  1838.3   -180.0   510.0
  10:48:27.156   677.3  1838.3   -180.0   500.0
  10:48:27.203   674.9  1838.3   -180.0   510.0
  10:48:27.250   672.5  1838.3   -180.0   510.0
  10:48:27.296   670.2  1838.3   -180.0   510.0
  10:48:27.343   670.2  1838.3   -180.0   510.0
  10:48:27.375   667.4  1838.3   -180.0   510.0
  10:48:27.421   664.7  1838.3   -180.0   510.0
  10:48:27.468   662.5  1838.3   -180.0   510.0
  10:48:27.515   660.1  1838.3   -180.0   510.0
  10:48:27.546   657.8  1838.3   -180.0   510.0
  10:48:27.593   655.3  1838.3   -180.0   510.0
  10:48:27.640   653.1  1838.3   -180.0   510.0
  10:48:27.671   650.7  1838.3   -180.0   510.0
  10:48:27.718   650.7  1838.3   -180.0   510.0
  10:48:27.765   648.3  1838.3   -180.0   520.0
  10:48:27.812   646.0  1838.3   -180.0   520.0
  10:48:27.843   643.7  1838.3   -180.0   520.0
  10:48:27.890   641.3  1838.3   -180.0   520.0
  10:48:27.937   639.0  1838.3   -180.0   520.0
  10:48:27.984   636.6  1838.3   -180.0   520.0
  10:48:28.015   634.4  1838.3   -180.0   510.0
  10:48:28.062   632.0  1838.3   -180.0   510.0
  10:48:28.109   632.0  1838.3   -180.0   520.0
  10:48:28.156   627.3  1838.3   -180.0   520.0
  10:48:28.203   627.3  1838.3   -180.0   510.0
  10:48:28.250   625.0  1838.3   -180.0   510.0
  10:48:28.281   622.6  1838.3   -180.0   520.0
  10:48:28.328   620.3  1838.3   -180.0   520.0
  10:48:28.375   617.9  1838.3   -180.0   520.0
  10:48:28.406   615.6  1838.3   -180.0   520.0
  10:48:28.453   613.3  1838.3   -180.0   520.0
  10:48:28.500   611.0  1838.3   -180.0   520.0
  10:48:28.546   608.6  1838.3   -180.0   520.0
  10:48:28.578   606.3  1838.3   -180.0   520.0
  10:48:28.625   606.3  1838.3   -180.0   520.0
  10:48:28.671   603.9  1838.3   -180.0   520.0
  10:48:28.718   601.7  1838.3   -180.0   520.0
  10:48:28.765   599.3  1838.3   -180.0   520.0
  10:48:28.796   596.9  1838.3   -180.0   520.0
  10:48:28.843   594.5  1838.3   -180.0   520.0
  10:48:28.890   592.3  1838.3   -180.0   530.0
  10:48:28.921   589.9  1838.3   -180.0   540.0
  10:48:28.968   589.9  1838.3   -180.0   540.0
  10:48:29.015   587.6  1838.3   -180.0   560.0
  10:48:29.062   585.2  1838.3   -180.0   610.0
  10:48:29.109   582.9  1838.3   -180.0   610.0
  10:48:29.125   580.6  1838.3   -180.0   620.0
  10:48:29.156   578.2  1838.3   -180.0  1070.0
  10:48:29.203   578.2  1838.3   -180.0  1070.0
  10:49:01.406    -0.1  1171.5    -90.0   910.0
  10:49:01.453    -0.1  1169.1    -90.0   910.0
  10:49:01.500    -0.1  1166.9    -90.0   910.0
  10:49:01.546    -0.1  1164.5    -90.0   670.0
  10:49:01.578    -0.1  1162.1    -90.0   660.0
  10:49:01.625    -0.1  1159.8    -90.0   660.0
  10:49:01.671    -0.1  1157.5    -90.0   650.0
  10:49:01.718    -0.1  1155.1    -90.0   640.0
  10:49:01.750    -0.1  1152.7    -90.0   640.0
  10:49:01.796    -0.1  1152.7    -90.0   630.0
  10:49:01.843    -0.1  1150.4    -90.0   630.0
  10:49:01.890    -0.1  1148.1    -90.0   640.0
  10:49:01.921    -0.1  1145.7    -90.0   630.0
  10:49:01.968    -0.1  1143.5    -90.0   630.0
  10:49:02.015    -0.1  1141.2    -90.0   640.0
  10:49:02.062    -0.1  1138.7    -90.0   630.0
  10:49:02.093    -0.1  1136.4    -90.0   620.0
  10:49:02.140    -0.1  1134.1    -90.0   620.0
  10:49:02.187    -0.1  1131.8    -90.0   630.0
  10:49:02.234    -0.1  1131.8    -90.0   630.0
  10:49:02.281    -0.1  1129.4    -90.0   630.0
  10:49:02.312    -0.1  1127.1    -90.0   630.0
  10:49:02.359    -0.1  1124.7    -90.0   630.0
  10:49:02.406    -0.1  1122.4    -90.0   630.0
  10:49:02.453    -0.1  1120.1    -90.0   630.0
  10:49:02.484    -0.1  1117.7    -90.0   620.0
  10:49:02.531    -0.1  1115.3    -90.0   620.0
  10:49:02.578    -0.1  1112.9    -90.0   620.0
  10:49:02.625    -0.1  1110.7    -90.0   620.0
  10:49:02.656    -0.1  1108.4    -90.0   620.0
  10:49:02.703    -0.1  1108.4    -90.0   620.0
  10:49:02.750    -0.1  1106.0    -90.0   620.0
  10:49:02.796    -0.1  1103.6    -90.0   620.0
  10:49:02.843    -0.1  1101.3    -90.0   620.0
  10:49:02.875     0.0  1099.0    -90.0   610.0
  10:49:02.921     0.0  1096.7    -90.0   610.0
  10:49:02.968     0.0  1094.3    -90.0   610.0
  10:49:03.000     0.0  1092.0    -90.0   600.0
  10:49:03.046     0.0  1089.6    -90.0   610.0
  10:49:03.093     0.0  1087.2    -90.0   600.0
  10:49:03.140     0.0  1087.2    -90.0   600.0
  10:49:03.171     0.0  1085.0    -90.0   600.0
  10:49:03.218     0.0  1082.6    -90.0   610.0
  10:49:03.265     0.0  1080.3    -90.0   610.0
  10:49:03.312     0.0  1077.8    -90.0   610.0
  10:49:03.359     0.0  1075.6    -90.0   600.0
  10:49:03.390     0.0  1073.2    -90.0   600.0
  10:49:03.437     0.0  1070.9    -90.0   600.0
  10:49:03.484     0.0  1068.7    -90.0   600.0
  10:49:03.531     0.0  1066.2    -90.0   600.0
  10:49:03.578     0.0  1063.9    -90.0   600.0
  10:49:03.609     0.0  1063.9    -90.0   600.0
  10:49:03.656     0.0  1061.6    -90.0   600.0
  10:49:03.703     0.0  1059.2    -90.0   600.0
  10:49:03.734     0.0  1056.8    -90.0   590.0
  10:49:03.781     0.0  1054.5    -90.0   590.0
  10:49:03.828     0.0  1052.2    -90.0   600.0
  10:49:03.875     0.0  1049.8    -90.0   590.0
  10:49:03.921     0.0  1047.6    -90.0   590.0
  10:49:03.953     0.0  1045.1    -90.0   590.0
  10:49:04.000     0.0  1045.1    -90.0   590.0
  10:49:04.046     0.0  1042.9    -90.0   580.0
  10:49:04.093     0.0  1040.5    -90.0   590.0
  10:49:04.125     0.0  1037.9    -90.0   590.0
  10:49:04.171     0.0  1035.8    -90.0   590.0
  10:49:04.218     0.0  1033.5    -90.0   590.0
  10:49:04.250     0.0  1031.1    -90.0   590.0
  10:49:04.296     0.0  1028.9    -90.0   590.0
  10:49:04.343     0.0  1026.5    -90.0   590.0
  10:49:04.390     0.0  1024.2    -90.0   590.0
  10:49:04.437     0.0  1024.2    -90.0   590.0
  10:49:04.468     0.0  1021.8    -90.0   590.0
  10:49:04.515     0.0  1019.5    -90.0   580.0
  10:49:04.546     0.0  1017.1    -90.0   580.0
  10:49:04.593     0.0  1014.8    -90.0   580.0
  10:49:04.640     0.0  1012.4    -90.0   580.0
  10:49:04.703     0.0  1010.2    -90.0   570.0
  10:49:04.718     0.0  1007.7    -90.0   580.0
  10:49:04.765     0.0  1007.7    -90.0   580.0
  10:49:04.812     0.0  1003.1    -90.0   570.0
  10:49:04.859     0.0  1003.1    -90.0   570.0
  10:49:04.890     0.0  1000.8    -90.0   570.0
  10:49:04.921     0.0   998.4    -90.0   570.0
  10:49:04.968     0.0   996.1    -90.0   570.0
  10:49:05.000     0.0   996.1    -90.0   570.0
  10:49:05.046     0.0   993.7    -90.0   570.0
  10:49:05.093     0.0   991.4    -90.0   570.0
  10:49:05.140     0.0   989.0    -90.0   570.0
  10:49:05.171     0.0   986.7    -90.0   570.0
  10:49:05.218     0.0   984.4    -90.0   570.0
  10:49:05.265     0.0   982.0    -90.0   570.0
  10:49:05.312     0.0   979.7    -90.0   570.0
  10:49:05.359     0.0   977.4    -90.0   570.0
  10:49:05.390     0.0   975.0    -90.0   560.0
  10:49:05.437     0.0   975.0    -90.0   560.0
  10:49:05.468     0.0   972.6    -90.0   560.0
  10:49:05.515     0.0   970.4    -90.0   560.0
  10:49:05.562     0.1   967.9    -90.0   560.0
  10:49:05.609     0.1   965.7    -90.0   560.0
  10:49:05.640     0.1   963.3    -90.0   560.0
  10:49:05.687     0.1   960.9    -90.0   560.0
  10:49:05.734     0.1   958.7    -90.0   560.0
  10:49:05.765     0.1   958.7    -90.0   550.0
  10:49:05.812     0.1   956.3    -90.0   550.0
  10:49:05.859     0.1   953.9    -90.0   550.0
  10:49:05.906     0.1   951.6    -90.0   560.0
  10:49:05.937     0.1   949.2    -90.0   550.0
  10:49:05.984     0.1   946.9    -90.0   550.0
  10:49:06.031     0.1   944.6    -90.0   550.0
  10:49:06.078     0.1   942.3    -90.0   540.0
  10:49:06.109     0.1   939.5    -90.0   550.0
  10:49:06.156     0.1   937.6    -90.0   550.0
  10:49:06.203     0.1   937.6    -90.0   550.0
  10:49:06.250     0.1   935.2    -90.0   550.0
  10:49:06.296     0.1   933.0    -90.0   550.0
  10:49:06.328     0.1   930.6    -90.0   550.0
  10:49:06.375     0.1   928.2    -90.0   550.0
  10:49:06.421     0.1   925.8    -90.0   530.0
  10:49:06.468     0.1   923.5    -90.0   480.0
  10:49:06.515     0.1   921.1    -90.0   480.0
  10:49:06.546     0.1   918.9    -90.0   460.0
  10:49:06.593     0.1   916.6    -90.0   450.0
  10:49:06.640     0.1   914.2    -90.0   450.0
  10:49:06.687     0.1   914.2    -90.0   440.0
  10:49:06.718     0.1   911.7    -90.0   440.0
  10:49:06.765     0.1   909.5    -90.0   440.0
  10:49:06.796     0.1   907.1    -90.0   440.0
  10:49:06.843     0.1   904.8    -90.0   440.0
  10:49:06.890     0.1   902.4    -90.0   440.0
  10:49:06.937     0.1   900.1    -90.0   440.0
  10:49:06.968     0.1   897.8    -90.0   440.0
  10:49:07.015     0.1   897.8    -90.0   440.0
  10:49:07.062     0.1   895.4    -90.0   440.0
  10:49:07.109     0.1   893.1    -90.0   440.0
  10:49:07.156     0.1   890.8    -90.0   440.0
  10:49:07.187     0.1   888.4    -90.0   440.0
  10:49:07.234     0.1   886.1    -90.0   440.0
  10:49:07.281     0.1   883.7    -90.0   440.0
  10:49:07.328     0.1   881.5    -90.0   440.0
  10:49:07.359     0.1   881.5    -90.0   440.0
  10:49:07.390     0.1   878.3    -90.0   440.0
  10:49:07.437     0.1   875.8    -90.0   440.0
  10:49:07.484     0.1   873.6    -90.0   440.0
  10:49:07.531     0.1   871.3    -90.0   440.0
  10:49:07.562     0.1   869.0    -90.0   450.0
  10:49:07.609     0.1   869.0    -90.0   440.0
  10:49:07.656     0.1   866.7    -90.0   440.0
  10:49:07.703     0.1   864.3    -90.0   440.0
  10:49:07.734     0.1   861.9    -90.0   440.0
  10:49:07.781     0.1   859.7    -90.0   440.0
  10:49:07.828     0.1   857.2    -90.0   440.0
  10:49:07.859     0.1   854.9    -90.0   440.0
  10:49:07.906     0.1   852.4    -90.0   440.0
  10:49:07.953     0.1   850.2    -90.0   440.0
  10:49:08.000     0.1   847.9    -90.0   440.0
  10:49:08.031     0.1   847.9    -90.0   440.0
  10:49:08.078     0.1   845.6    -90.0   450.0
  10:49:08.125     0.1   843.2    -90.0   450.0
  10:49:08.171     0.1   840.9    -90.0   450.0
  10:49:08.218     0.2   838.5    -90.0   440.0
  10:49:08.250     0.2   836.2    -90.0   440.0
  10:49:08.296     0.2   833.7    -90.0   450.0
  10:49:08.328     0.2   833.7    -90.0   450.0
  10:49:08.375     0.2   831.4    -90.0   440.0
  10:49:08.406     0.2   829.2    -90.0   440.0
  10:49:08.453     0.2   826.8    -90.0   450.0
  10:49:08.500     0.2   824.5    -90.0   450.0
  10:49:08.531     0.2   822.1    -90.0   450.0
  10:49:08.578     0.2   822.1    -90.0   450.0
  10:49:08.625     0.2   819.4    -90.0   450.0
  10:49:08.671     0.2   816.8    -90.0   450.0
  10:49:08.703     0.2   814.4    -90.0   450.0
  10:49:08.765     0.2   812.1    -90.0   450.0
  10:49:08.796     0.2   808.9    -90.0   450.0
  10:49:08.843     0.2   808.9    -90.0   450.0
  10:49:08.875     0.2   806.5    -90.0   440.0
  10:49:08.921     0.2   804.3    -90.0   450.0
  10:49:08.968     0.2   801.9    -90.0   450.0
  10:49:09.015     0.2   799.5    -90.0   450.0
  10:49:09.046     0.2   797.2    -90.0   450.0
  10:49:09.093     0.2   794.9    -90.0   450.0
  10:49:09.140     0.2   792.6    -90.0   450.0
  10:49:09.187     0.2   790.1    -90.0   450.0
  10:49:09.218     0.2   787.8    -90.0   450.0
  10:49:09.265     0.2   787.8    -90.0   450.0
  10:49:09.296     0.2   785.5    -90.0   450.0
  10:49:09.343     0.2   783.2    -90.0   450.0
  10:49:09.390     0.2   780.8    -90.0   450.0
  10:49:09.421     0.2   778.5    -90.0   450.0
  10:49:09.468     0.2   776.2    -90.0   450.0
  10:49:09.515     0.2   773.8    -90.0   450.0
  10:49:09.562     0.2   773.8    -90.0   450.0
  10:49:09.593     0.2   771.2    -90.0   450.0
  10:49:09.640     0.2   768.3    -90.0   450.0
  10:49:09.687     0.2   766.0    -90.0   450.0
  10:49:09.718     0.2   763.7    -90.0   450.0
  10:49:09.765     0.2   763.7    -90.0   450.0
  10:49:09.812     0.2   761.4    -90.0   450.0
  10:49:09.859     0.2   758.9    -90.0   450.0
  10:49:09.890     0.2   756.7    -90.0   450.0
  10:49:09.937     0.2   754.4    -90.0   450.0
  10:49:09.984     0.2   752.0    -90.0   450.0
  10:49:10.031     0.2   749.7    -90.0   450.0
  10:49:10.062     0.2   747.2    -90.0   450.0
  10:49:10.109     0.2   745.0    -90.0   450.0
  10:49:10.171     0.2   742.7    -90.0   450.0
  10:49:10.203     0.2   740.4    -90.0   450.0
  10:49:10.234     0.2   740.4    -90.0   450.0
  10:49:10.281     0.2   737.9    -90.0   450.0
  10:49:10.328     0.2   735.5    -90.0   450.0
  10:49:10.375     0.2   733.3    -90.0   450.0
  10:49:10.421     0.2   730.9    -90.0   450.0
  10:49:10.453     0.2   728.6    -90.0   450.0
  10:49:10.500     0.2   726.3    -90.0   450.0
  10:49:10.546     0.2   723.9    -90.0   450.0
  10:49:10.593     0.2   721.5    -90.0   450.0
  10:49:10.625     0.2   719.1    -90.0   450.0
  10:49:10.671     0.2   719.1    -90.0   450.0
  10:49:10.718     0.2   716.9    -90.0   450.0
  10:49:10.765     0.2   712.3    -90.0   450.0
  10:49:10.812     0.2   712.3    -90.0   450.0
  10:49:10.859     0.2   709.9    -90.0   450.0
  10:49:10.890     0.3   707.5    -90.0   460.0
  10:49:10.937     0.3   705.1    -90.0   450.0
  10:49:10.984     0.3   702.9    -90.0   450.0
  10:49:11.031     0.3   700.5    -90.0   460.0
  10:49:11.062     0.3   698.1    -90.0   460.0
  10:49:11.109     0.3   695.9    -90.0   460.0
  10:49:11.156     0.3   695.9    -90.0   460.0
  10:49:11.203     0.3   693.6    -90.0   450.0
  10:49:11.234     0.3   691.1    -90.0   450.0
  10:49:11.281     0.3   688.9    -90.0   460.0
  10:49:11.328     0.3   686.5    -90.0   460.0
  10:49:11.375     0.3   684.1    -90.0   460.0
  10:49:11.421     0.3   681.9    -90.0   460.0
  10:49:11.453     0.3   679.5    -90.0   460.0
  10:49:11.500     0.3   677.1    -90.0   460.0
  10:49:11.546     0.3   674.7    -90.0   460.0
  10:49:11.593     0.3   672.4    -90.0   460.0
  10:49:11.625     0.3   672.4    -90.0   460.0
  10:49:11.671     0.3   670.1    -90.0   460.0
  10:49:11.718     0.3   667.8    -90.0   460.0
  10:49:11.765     0.3   665.4    -90.0   460.0
  10:49:11.812     0.3   663.2    -90.0   460.0
  10:49:11.843     0.3   660.8    -90.0   460.0
  10:49:11.890     0.3   658.5    -90.0   470.0
  10:49:11.921     0.3   656.1    -90.0   470.0
  10:49:11.968     0.3   656.1    -90.0   470.0
  10:49:12.015     0.3   653.8    -90.0   510.0
  10:49:12.062     0.3   651.3    -90.0   630.0
  10:49:12.093     0.3   649.0    -90.0   630.0
  10:49:12.140     0.3   646.8    -90.0   870.0
