Лабораторная работа 1. Анализ сенсорных данных об объекте

Маршрут: квадрат
Направление движения: против часовой стрелки
Скорость движения: 50.0 мм/с
Рабочий дальномер: левый (Rf_L)
Матрица положения дальномера Rf_L:
   0.000  -1.000   0.000  -120.0
   1.000   0.000   0.000   241.0
   0.000   0.000   1.000   229.5
       0       0       0       1

Выходная информация: положение робота, данные дальномера об объекте

          Time   X_rob   Y_rob  Ang_rob    Rf_L
  чч:мм:сс.ссс      мм      мм     град      мм
  10:52:16.906   832.2     2.3     -0.1  1010.0
  10:52:16.937   832.2     2.3     -0.1   990.0
  10:52:16.984   834.7     2.3     -0.1   990.0
  10:52:17.031   837.1     2.3     -0.1   880.0
  10:52:17.062   839.7     2.3     -0.1   640.0
  10:52:17.093   839.7     2.3     -0.1   640.0
  10:52:17.140   842.5     2.3     -0.1   540.0
  10:52:17.187   844.7     2.3     -0.1   520.0
  10:52:17.218   847.2     2.3     -0.1   520.0
  10:52:17.265   849.5     2.3     -0.1   490.0
  10:52:17.312   851.9     2.3     -0.1   490.0
  10:52:17.359   854.1     2.3     -0.1   490.0
  10:52:17.390   856.5     2.3     -0.1   490.0
  10:52:17.437   858.8     2.2     -0.1   490.0
  10:52:17.484   861.2     2.2     -0.1   490.0
  10:52:17.531   861.2     2.2     -0.1   490.0
  10:52:17.578   863.5     2.2     -0.1   490.0
  10:52:17.609   865.9     2.2     -0.1   490.0
  10:52:17.625   868.2     2.2     -0.1   480.0
  10:52:17.671   868.2     2.2     -0.1   480.0
  10:52:17.718   870.5     2.2     -0.1   490.0
  10:52:17.765   872.9     2.2     -0.1   490.0
  10:52:17.796   875.3     2.2     -0.1   490.0
  10:52:17.843   877.5     2.2     -0.1   500.0
  10:52:17.890   879.8     2.2     -0.1   490.0
  10:52:17.937   882.1     2.2     -0.1   490.0
  10:52:17.984   884.6     2.2     -0.1   490.0
  10:52:18.015   886.9     2.2     -0.1   500.0
  10:52:18.062   889.2     2.2     -0.1   490.0
  10:52:18.109   889.2     2.2     -0.1   490.0
  10:52:18.156   891.6     2.2     -0.1   490.0
  10:52:18.187   893.9     2.2     -0.1   490.0
  10:52:18.234   896.2     2.2     -0.1   490.0
  10:52:18.281   898.5     2.2     -0.1   490.0
  10:52:18.312   900.9     2.2     -0.1   490.0
  10:52:18.359   903.3     2.2     -0.1   500.0
  10:52:18.406   905.6     2.1     -0.1   490.0
  10:52:18.437   908.0     2.1     -0.1   490.0
  10:52:18.484   908.0     2.1     -0.1   490.0
  10:52:18.531   910.3     2.1     -0.1   490.0
  10:52:18.578   912.7     2.1     -0.1   490.0
  10:52:18.609   914.9     2.1     -0.1   490.0
  10:52:18.656   917.4     2.1     -0.1   500.0
  10:52:18.703   919.6     2.1     -0.1   490.0
  10:52:18.734   921.9     2.1     -0.1   500.0
  10:52:18.781   924.3     2.1     -0.1   500.0
  10:52:18.828   926.8     2.1     -0.1   500.0
  10:52:18.875   926.8     2.1     -0.1   500.0
  10:52:18.906   929.0     2.1     -0.1   500.0
  10:52:18.953   931.3     2.1     -0.1   500.0
  10:52:19.000   933.6     2.1     -0.1   500.0
  10:52:19.046   936.0     2.1     -0.1   500.0
  10:52:19.093   938.4     2.1     -0.1   490.0
  10:52:19.125   940.7     2.1     -0.1   500.0
  10:52:19.171   943.0     2.1     -0.1   500.0
  10:52:19.218   945.3     2.1     -0.1   500.0
  10:52:19.265   947.7     2.1     -0.1   500.0
  10:52:19.296   947.7     2.1     -0.1   480.0
  10:52:19.343   949.9     2.1     -0.1   480.0
  10:52:19.375   952.3     2.1     -0.1   490.0
  10:52:19.421   954.7     2.0     -0.1   500.0
  10:52:19.468   957.0     2.0     -0.1   500.0
  10:52:19.515   959.5     2.0     -0.1   500.0
  10:52:19.562   961.8     2.0     -0.1   500.0
  10:52:19.593   964.1     2.0     -0.1   500.0
  10:52:19.640   966.5     2.0     -0.1   500.0
  10:52:19.687   966.5     2.0     -0.1   500.0
  10:52:19.734   969.4     2.0     -0.1   500.0
  10:52:19.765   971.9     2.0     -0.1   500.0
  10:52:19.812   974.2     2.0     -0.1   500.0
  10:52:19.859   976.5     2.0     -0.1   500.0
  10:52:19.906   978.9     2.0     -0.1   500.0
  10:52:19.937   978.9     2.0     -0.1   500.0
  10:52:19.984   981.2     2.0     -0.1   500.0
  10:52:20.031   983.5     2.0     -0.1   500.0
  10:52:20.078   985.9     2.0     -0.1   500.0
  10:52:20.109   988.2     2.0     -0.1   500.0
  10:52:20.156   990.5     2.0     -0.1   500.0
  10:52:20.203   992.9     2.0     -0.1   500.0
  10:52:20.234   995.3     2.0     -0.1   500.0
  10:52:20.296   997.7     2.0     -0.1   500.0
  10:52:20.328  1000.0     2.0     -0.1   500.0
  10:52:20.375  1002.3     1.9     -0.1   500.0
  10:52:20.421  1002.3     1.9     -0.1   500.0
  10:52:20.468  1004.6     1.9     -0.1   500.0
  10:52:20.500  1006.9     1.9     -0.1   500.0
  10:52:20.546  1009.3     1.9     -0.1   500.0
  10:52:20.593  1011.7     1.9     -0.1   500.0
  10:52:20.625  1013.9     1.9     -0.1   500.0
  10:52:20.671  1016.3     1.9     -0.1   500.0
  10:52:20.718  1018.8     1.9     -0.1   500.0
  10:52:20.765  1020.9     1.9     -0.1   500.0
  10:52:20.812  1020.9     1.9     -0.1   500.0
  10:52:20.843  1023.3     1.9     -0.1   500.0
  10:52:20.906  1027.9     1.9     -0.1   500.0
  10:52:20.937  1027.9     1.9     -0.1   500.0
  10:52:20.984  1030.3     1.9     -0.1   500.0
  10:52:21.015  1032.7     1.9     -0.1   500.0
  10:52:21.062  1035.1     1.9     -0.1   500.0
  10:52:21.109  1037.4     1.9     -0.1   510.0
  10:52:21.156  1039.6     1.9     -0.1   500.0
  10:52:21.187  1042.1     1.9     -0.1   500.0
  10:52:21.234  1042.1     1.9     -0.1   500.0
  10:52:21.281  1046.7     1.9     -0.1   500.0
  10:52:21.328  1046.7     1.9     -0.1   500.0
  10:52:21.359  1049.0     1.8     -0.1   500.0
  10:52:21.406  1051.3     1.8     -0.1   500.0
  10:52:21.453  1053.7     1.8     -0.1   500.0
  10:52:21.500  1056.0     1.8     -0.1   500.0
  10:52:21.531  1058.5     1.8     -0.1   500.0
  10:52:21.578  1060.7     1.8     -0.1   510.0
  10:52:21.625  1063.1     1.8     -0.1   510.0
  10:52:21.671  1063.1     1.8     -0.1   510.0
  10:52:21.703  1065.4     1.8     -0.1   510.0
  10:52:21.750  1067.9     1.8     -0.1   510.0
  10:52:21.796  1070.1     1.8     -0.1   500.0
  10:52:21.843  1072.4     1.8     -0.1   500.0
  10:52:21.875  1074.9     1.8     -0.1   500.0
  10:52:21.921  1077.1     1.8     -0.1   500.0
  10:52:21.968  1079.5     1.8     -0.1   500.0
  10:52:22.015  1081.8     1.8     -0.1   500.0
  10:52:22.062  1084.1     1.8     -0.1   500.0
  10:52:22.093  1086.5     1.8     -0.1   500.0
  10:52:22.140  1086.5     1.8     -0.1   510.0
  10:52:22.187  1089.1     1.8     -0.1   510.0
  10:52:22.234  1091.1     1.8     -0.1   510.0
  10:52:22.265  1093.5     1.8     -0.1   500.0
  10:52:22.312  1096.0     1.8     -0.1   500.0
  10:52:22.343  1098.1     1.7     -0.1   510.0
  10:52:22.390  1098.1     1.7     -0.1   510.0
  10:52:22.421  1100.6     1.7     -0.1   500.0
  10:52:22.468  1102.8     1.7     -0.1   510.0
  10:52:22.515  1105.1     1.7     -0.1   510.0
  10:52:22.562  1107.6     1.7     -0.1   500.0
  10:52:22.593  1109.9     1.7     -0.1   510.0
  10:52:22.640  1112.2     1.7     -0.1   510.0
  10:52:22.671  1114.6     1.7     -0.1   510.0
  10:52:22.718  1114.6     1.7     -0.1   510.0
  10:52:22.765  1116.9     1.7     -0.1   510.0
  10:52:22.812  1119.3     1.7     -0.1   510.0
  10:52:22.843  1121.6     1.7     -0.1   510.0
  10:52:22.890  1124.0     1.7     -0.1   510.0
  10:52:22.953  1126.2     1.7     -0.1   510.0
  10:52:22.968  1128.5     1.7     -0.1   510.0
  10:52:23.015  1130.9     1.7     -0.1   510.0
  10:52:23.062  1133.3     1.7     -0.1   510.0
  10:52:23.109  1135.6     1.7     -0.1   510.0
  10:52:23.140  1135.6     1.7     -0.1   510.0
  10:52:23.187  1138.0     1.7     -0.1   510.0
  10:52:23.234  1140.2     1.7     -0.1   510.0
  10:52:23.281  1142.7     1.7     -0.1   510.0
  10:52:23.328  1145.0     1.6     -0.1   510.0
  10:52:23.375  1147.3     1.6     -0.1   510.0
  10:52:23.406  1149.6     1.6     -0.1   510.0
  10:52:23.453  1152.4     1.6     -0.1   510.0
  10:52:23.500  1154.3     1.6     -0.1   510.0
  10:52:23.562  1156.7     1.6     -0.1   510.0
  10:52:23.593  1159.0     1.6     -0.1   510.0
  10:52:23.625  1159.0     1.6     -0.1   510.0
  10:52:23.671  1161.4     1.6     -0.1   510.0
  10:52:23.718  1163.6     1.6     -0.1   510.0
  10:52:23.765  1166.0     1.6     -0.1   510.0
  10:52:23.796  1168.3     1.6     -0.1   510.0
  10:52:23.843  1170.7     1.6     -0.1   510.0
  10:52:23.890  1173.1     1.6     -0.1   510.0
  10:52:23.937  1175.5     1.6     -0.1   510.0
  10:52:23.984  1177.7     1.6     -0.1   510.0
  10:52:24.015  1180.1     1.6     -0.1   510.0
  10:52:24.062  1182.4     1.6     -0.1   510.0
  10:52:24.109  1182.4     1.6     -0.1   510.0
  10:52:24.171  1184.8     1.6     -0.1   510.0
  10:52:24.187  1187.1     1.6     -0.1   510.0
  10:52:24.234  1189.4     1.6     -0.1   510.0
  10:52:24.281  1191.8     1.6     -0.1   510.0
  10:52:24.328  1194.1     1.5     -0.1   510.0
  10:52:24.375  1196.4     1.5     -0.1   510.0
  10:52:24.421  1198.7     1.5     -0.1   510.0
  10:52:24.453  1201.1     1.5     -0.1   510.0
  10:52:24.500  1203.5     1.5     -0.1   510.0
  10:52:24.546  1205.7     1.5     -0.1   510.0
  10:52:24.593  1205.7     1.5     -0.1   510.0
  10:52:24.625  1208.1     1.5     -0.1   510.0
  10:52:24.671  1210.4     1.5     -0.1   510.0
  10:52:24.718  1212.7     1.5     -0.1   510.0
  10:52:24.765  1215.2     1.5     -0.1   510.0
  10:52:24.796  1217.8     1.5     -0.1   510.0
  10:52:24.843  1220.7     1.5     -0.1   510.0
  10:52:24.890  1220.7     1.5     -0.1   510.0
  10:52:24.937  1223.0     1.5     -0.1   510.0
  10:52:24.968  1225.3     1.5     -0.1   510.0
  10:52:25.015  1227.6     1.5     -0.1   510.0
  10:52:25.062  1230.0     1.5     -0.1   510.0
  10:52:25.109  1232.3     1.5     -0.1   510.0
  10:52:25.140  1234.6     1.5     -0.1   510.0
  10:52:25.187  1237.0     1.5     -0.1   510.0
  10:52:25.234  1239.5     1.5     -0.1   510.0
  10:52:25.281  1241.6     1.4     -0.1   510.0
  10:52:25.312  1241.6     1.4     -0.1   520.0
  10:52:25.359  1243.9     1.4     -0.1   520.0
  10:52:25.406  1246.4     1.4     -0.1   510.0
  10:52:25.453  1248.6     1.4     -0.1   510.0
  10:52:25.500  1251.0     1.4     -0.1   510.0
  10:52:25.531  1253.4     1.4     -0.1   510.0
  10:52:25.578  1255.7     1.4     -0.1   510.0
  10:52:25.625  1258.0     1.4     -0.1   520.0
  10:52:25.671  1260.3     1.4     -0.1   510.0
  10:52:25.703  1262.7     1.4     -0.1   510.0
  10:52:25.750  1262.7     1.4     -0.1   510.0
  10:52:25.796  1265.1     1.4     -0.1   510.0
  10:52:25.843  1267.3     1.4     -0.1   520.0
  10:52:25.890  1269.8     1.4     -0.1   520.0
  10:52:25.921  1272.1     1.4     -0.1   520.0
  10:52:25.968  1274.4     1.4     -0.1   520.0
  10:52:26.015  1276.7     1.4     -0.1   520.0
  10:52:26.062  1279.1     1.4     -0.1   520.0
  10:52:26.093  1281.5     1.4     -0.1   520.0
  10:52:26.140  1283.8     1.4     -0.1   510.0
  10:52:26.187  1283.8     1.4     -0.1   510.0
  10:52:26.234  1286.1     1.4     -0.1   520.0
  10:52:26.265  1288.5     1.3     -0.1   520.0
  10:52:26.312  1290.8     1.3     -0.1   510.0
  10:52:26.359  1293.1     1.3     -0.1   520.0
  10:52:26.406  1295.4     1.3     -0.1   510.0
  10:52:26.453  1297.8     1.3     -0.1   510.0
  10:52:26.484  1300.1     1.3     -0.1   520.0
  10:52:26.531  1302.5     1.3     -0.1   510.0
  10:52:26.578  1304.8     1.3     -0.1   510.0
  10:52:26.625  1307.2     1.3     -0.1   520.0
  10:52:26.671  1309.4     1.3     -0.1   520.0
  10:52:26.703  1309.4     1.3     -0.1   520.0
  10:52:26.750  1311.9     1.3     -0.1   520.0
  10:52:26.796  1314.3     1.3     -0.1   540.0
  10:52:26.843  1316.6     1.3     -0.1   520.0
  10:52:26.859  1318.8     1.3     -0.1   520.0
  10:52:26.906  1321.1     1.3     -0.1   540.0
  10:52:26.953  1323.5     1.3     -0.1   540.0
  10:52:27.000  1323.5     1.3     -0.1   710.0
  10:52:27.046  1325.9     1.3     -0.1   790.0
  10:52:27.078  1328.2     1.3     -0.1   790.0
  10:53:03.218  1838.4   906.9     90.0  1080.0
  10:53:03.234  1838.4   906.9     90.0  1080.0
  10:53:03.281  1838.4   909.2     90.0   760.0
  10:53:03.328  1838.4   911.5     90.0   530.0
  10:53:03.375  1838.4   913.9     90.0   530.0
  10:53:03.406  1838.4   916.3     90.0   520.0
  10:53:03.453  1838.4   919.1     90.0   490.0
  10:53:03.500  1838.4   919.1     90.0   490.0
  10:53:03.562  1838.4   924.0     90.0   400.0
  10:53:03.578  1838.4   924.0     90.0   380.0
  10:53:03.625  1838.4   926.3     90.0   380.0
  10:53:03.671  1838.4   928.6     90.0   380.0
  10:53:03.703  1838.4   931.1     90.0   380.0
  10:53:03.750  1838.4   933.4     90.0   380.0
  10:53:03.796  1838.4   935.7     90.0   380.0
  10:53:03.843  1838.4   938.0     90.0   380.0
  10:53:03.875  1838.4   938.0     90.0   380.0
  10:53:03.921  1838.4   940.4     90.0   380.0
  10:53:03.968  1838.4   942.7     90.0   380.0
  10:53:04.015  1838.4   945.1     90.0   380.0
  10:53:04.046  1838.4   947.4     90.0   380.0
  10:53:04.093  1838.4   949.7     90.0   380.0
  10:53:04.140  1838.4   952.1     90.0   380.0
  10:53:04.187  1838.4   954.4     90.0   390.0
  10:53:04.234  1838.4   956.7     90.0   380.0
  10:53:04.265  1838.4   956.7     90.0   380.0
  10:53:04.312  1838.4   959.1     90.0   390.0
  10:53:04.359  1838.4   961.4     90.0   380.0
  10:53:04.375  1838.4   963.8     90.0   380.0
  10:53:04.421  1838.4   966.2     90.0   390.0
  10:53:04.468  1838.4   968.5     90.0   390.0
  10:53:04.500  1838.4   968.5     90.0   390.0
  10:53:04.546  1838.4   970.7     90.0   390.0
  10:53:04.593  1838.4   973.2     90.0   390.0
  10:53:04.625  1838.4   975.5     90.0   390.0
  10:53:04.671  1838.4   977.8     90.0   390.0
  10:53:04.703  1838.4   980.2     90.0   390.0
  10:53:04.750  1838.4   982.5     90.0   390.0
  10:53:04.796  1838.4   982.5     90.0   390.0
  10:53:04.843  1838.4   984.8     90.0   390.0
  10:53:04.875  1838.4   987.1     90.0   390.0
  10:53:04.921  1838.4   989.4     90.0   390.0
  10:53:04.968  1838.4   991.9     90.0   390.0
  10:53:05.015  1838.4   994.2     90.0   390.0
  10:53:05.031  1838.4   994.2     90.0   380.0
  10:53:05.078  1838.4   996.5     90.0   380.0
  10:53:05.109  1838.4   998.9     90.0   380.0
  10:53:05.156  1838.4  1001.2     90.0   390.0
  10:53:05.203  1838.4  1003.6     90.0   390.0
  10:53:05.250  1838.4  1005.8     90.0   390.0
  10:53:05.281  1838.4  1008.2     90.0   390.0
  10:53:05.328  1838.4  1010.6     90.0   390.0
  10:53:05.375  1838.4  1012.9     90.0   390.0
  10:53:05.421  1838.4  1012.9     90.0   390.0
  10:53:05.453  1838.4  1015.3     90.0   390.0
  10:53:05.500  1838.4  1017.5     90.0   390.0
  10:53:05.546  1838.4  1020.0     90.0   390.0
  10:53:05.609  1838.4  1022.3     90.0   390.0
  10:53:05.640  1838.4  1024.8     90.0   390.0
  10:53:05.671  1838.4  1026.9     90.0   390.0
  10:53:05.718  1838.4  1029.2     90.0   390.0
  10:53:05.765  1838.4  1031.6     90.0   390.0
  10:53:05.812  1838.4  1033.9     90.0   390.0
  10:53:05.859  1838.4  1036.3     90.0   390.0
  10:53:05.890  1838.4  1036.3     90.0   390.0
  10:53:05.937  1838.4  1038.8     90.0   390.0
  10:53:05.984  1838.4  1041.0     90.0   390.0
  10:53:06.031  1838.4  1043.3     90.0   390.0
  10:53:06.062  1838.4  1045.6     90.0   390.0
  10:53:06.109  1838.4  1048.1     90.0   390.0
  10:53:06.156  1838.4  1050.3     90.0   390.0
  10:53:06.218  1838.4  1052.6     90.0   390.0
  10:53:06.234  1838.4  1055.0     90.0   390.0
  10:53:06.281  1838.4  1057.5     90.0   390.0
  10:53:06.328  1838.4  1057.5     90.0   390.0
  10:53:06.375  1838.4  1059.6     90.0   390.0
  10:53:06.406  1838.4  1062.0     90.0   390.0
  10:53:06.453  1838.4  1064.3     90.0   390.0
  10:53:06.500  1838.4  1066.7     90.0   390.0
  10:53:06.531  1838.4  1069.0     90.0   390.0
  10:53:06.578  1838.4  1071.3     90.0   390.0
  10:53:06.640  1838.4  1073.6     90.0   390.0
  10:53:06.671  1838.4  1076.1     90.0   390.0
  10:53:06.718  1838.4  1078.4     90.0   390.0
  10:53:06.765  1838.4  1078.4     90.0   390.0
  10:53:06.828  1838.4  1083.0     90.0   390.0
  10:53:06.843  1838.4  1083.0     90.0   390.0
  10:53:06.875  1838.4  1085.4     90.0   390.0
  10:53:06.921  1838.4  1087.7     90.0   390.0
  10:53:06.968  1838.4  1090.2     90.0   390.0
  10:53:07.000  1838.4  1090.2     90.0   390.0
  10:53:07.046  1838.4  1092.5     90.0   390.0
  10:53:07.078  1838.4  1094.9     90.0   390.0
  10:53:07.125  1838.4  1097.1     90.0   390.0
  10:53:07.156  1838.4  1099.5     90.0   390.0
  10:53:07.203  1838.4  1101.9     90.0   390.0
  10:53:07.250  1838.4  1104.0     90.0   390.0
  10:53:07.296  1838.4  1106.4     90.0   390.0
  10:53:07.328  1838.4  1106.4     90.0   390.0
  10:53:07.375  1838.4  1108.8     90.0   390.0
  10:53:07.437  1838.4  1111.2     90.0   390.0
  10:53:07.468  1838.4  1114.2     90.0   390.0
  10:53:07.500  1838.4  1116.7     90.0   390.0
  10:53:07.546  1838.4  1119.0     90.0   390.0
  10:53:07.593  1838.4  1121.3     90.0   390.0
  10:53:07.640  1838.4  1123.7     90.0   390.0
  10:53:07.687  1838.4  1123.7     90.0   390.0
  10:53:07.718  1838.4  1125.9     90.0   390.0
  10:53:07.765  1838.4  1128.3     90.0   390.0
  10:53:07.812  1838.4  1130.5     90.0   390.0
  10:53:07.859  1838.4  1133.0     90.0   390.0
  10:53:07.890  1838.4  1135.4     90.0   390.0
  10:53:07.937  1838.4  1137.7     90.0   390.0
  10:53:07.984  1838.4  1140.0     90.0   390.0
  10:53:08.031  1838.4  1142.4     90.0   390.0
  10:53:08.078  1838.4  1144.6     90.0   390.0
  10:53:08.109  1838.4  1144.6     90.0   390.0
  10:53:08.156  1838.4  1147.1     90.0   390.0
  10:53:08.203  1838.4  1149.4     90.0   390.0
  10:53:08.250  1838.4  1151.6     90.0   390.0
  10:53:08.296  1838.4  1154.0     90.0   390.0
  10:53:08.328  1838.4  1156.4     90.0   390.0
  10:53:08.375  1838.4  1158.6     90.0   390.0
  10:53:08.421  1838.4  1161.1     90.0   390.0
  10:53:08.453  1838.4  1163.3     90.0   390.0
  10:53:08.500  1838.4  1163.3     90.0   390.0
  10:53:08.546  1838.4  1165.7     90.0   390.0
  10:53:08.593  1838.4  1168.1     90.0   390.0
  10:53:08.640  1838.4  1170.3     90.0   390.0
  10:53:08.671  1838.4  1172.8     90.0   390.0
  10:53:08.718  1838.3  1175.1     90.0   390.0
  10:53:08.765  1838.3  1177.4     90.0   390.0
  10:53:08.812  1838.3  1179.8     90.0   390.0
  10:53:08.859  1838.3  1182.1     90.0   400.0
  10:53:08.890  1838.3  1184.5     90.0   420.0
  10:53:08.937  1838.3  1186.8     90.0   420.0
  10:53:08.984  1838.3  1186.8     90.0   460.0
  10:53:09.015  1838.3  1189.1     90.0   490.0
  10:53:09.062  1838.3  1191.5     90.0   490.0
  10:53:09.109  1838.3  1193.8     90.0   550.0
  10:53:09.156  1838.3  1196.1     90.0   560.0
  10:53:09.187  1838.3  1198.5     90.0   560.0
  10:53:09.234  1838.3  1200.9     90.0   580.0
  10:53:09.281  1838.3  1203.2     90.0   560.0
  10:53:09.328  1838.3  1205.5     90.0   560.0
  10:53:09.375  1838.3  1207.7     90.0   580.0
  10:53:09.406  1838.3  1207.7     90.0   590.0
  10:53:09.453  1838.3  1210.2     90.0   590.0
  10:53:09.500  1838.3  1212.5     90.0   590.0
  10:53:09.546  1838.3  1214.8     90.0   590.0
  10:53:09.578  1838.3  1217.3     90.0   580.0
  10:53:09.609  1838.3  1219.6     90.0   590.0
  10:53:09.656  1838.3  1221.9     90.0   580.0
  10:53:09.687  1838.3  1221.9     90.0   580.0
  10:53:09.734  1838.3  1224.1     90.0   580.0
  10:53:09.781  1838.3  1226.5     90.0   590.0
  10:53:09.828  1838.3  1228.9     90.0   590.0
  10:53:09.859  1838.3  1231.2     90.0   590.0
  10:53:09.890  1838.3  1233.5     90.0   600.0
  10:53:09.937  1838.3  1235.9     90.0   590.0
  10:53:09.984  1838.3  1235.9     90.0   600.0
  10:53:10.031  1838.3  1238.2     90.0   590.0
  10:53:10.078  1838.3  1240.6     90.0   590.0
  10:53:10.109  1838.3  1243.2     90.0   600.0
  10:53:10.140  1838.3  1246.1     90.0   600.0
  10:53:10.187  1838.3  1246.1     90.0   600.0
  10:53:10.234  1838.3  1248.4     90.0   600.0
  10:53:10.281  1838.3  1250.6     90.0   600.0
  10:53:10.312  1838.3  1253.9     90.0   600.0
  10:53:10.359  1838.3  1256.1     90.0   610.0
  10:53:10.406  1838.3  1258.5     90.0   610.0
  10:53:10.453  1838.3  1258.5     90.0   610.0
  10:53:10.484  1838.3  1260.8     90.0   610.0
  10:53:10.531  1838.3  1264.1     90.0   610.0
  10:53:10.578  1838.3  1266.3     90.0   610.0
  10:53:10.609  1838.3  1268.6     90.0   610.0
  10:53:10.656  1838.3  1268.6     90.0   610.0
  10:53:10.703  1838.3  1270.9     90.0   610.0
  10:53:10.734  1838.3  1273.3     90.0   610.0
  10:53:10.781  1838.3  1275.6     90.0   620.0
  10:53:10.828  1838.3  1278.0     90.0   620.0
  10:53:10.890  1838.3  1280.4     90.0   620.0
  10:53:10.906  1838.3  1283.0     90.0   620.0
  10:53:10.953  1838.3  1285.0     90.0   620.0
  10:53:11.000  1838.3  1287.4     90.0   620.0
  10:53:11.046  1838.3  1289.8     90.0   620.0
  10:53:11.078  1838.3  1289.8     90.0   620.0
  10:53:11.125  1838.3  1292.4     90.0   630.0
  10:53:11.171  1838.3  1294.4     90.0   620.0
  10:53:11.218  1838.3  1296.7     90.0   620.0
  10:53:11.250  1838.3  1299.1     90.0   620.0
  10:53:11.296  1838.3  1301.4     90.0   620.0
  10:53:11.343  1838.3  1303.7     90.0   620.0
  10:53:11.390  1838.3  1306.0     90.0   630.0
  10:53:11.421  1838.3  1308.5     90.0   630.0
  10:53:11.468  1838.3  1308.5     90.0   630.0
  10:53:11.515  1838.3  1310.7     90.0   630.0
  10:53:11.562  1838.3  1313.1     90.0   640.0
  10:53:11.593  1838.3  1315.4     90.0   640.0
  10:53:11.640  1838.3  1317.8     90.0   640.0
  10:53:11.687  1838.3  1320.0     90.0   640.0
  10:53:11.734  1838.3  1322.4     90.0   640.0
  10:53:11.781  1838.3  1324.8     90.0   640.0
  10:53:11.812  1838.3  1327.1     90.0   650.0
  10:53:11.859  1838.3  1329.4     90.0   640.0
  10:53:11.906  1838.3  1331.8     90.0   650.0
  10:53:11.953  1838.3  1331.8     90.0   650.0
  10:53:11.984  1838.3  1334.1     90.0   650.0
  10:53:12.015  1838.3  1336.5     90.0   650.0
  10:53:12.046  1838.3  1338.8     90.0   640.0
  10:53:12.093  1838.3  1338.8     90.0   640.0
  10:53:12.140  1838.3  1341.1     90.0   660.0
  10:53:12.171  1838.3  1343.5     90.0   660.0
  10:53:12.218  1838.3  1345.9     90.0   650.0
  10:53:12.265  1838.3  1348.2     90.0   650.0
  10:53:12.296  1838.3  1350.4     90.0   660.0
  10:53:12.343  1838.3  1352.8     90.0   650.0
  10:53:12.390  1838.3  1355.1     90.0   660.0
  10:53:12.437  1838.3  1357.5     90.0   660.0
  10:53:12.484  1838.3  1359.9     90.0   660.0
  10:53:12.515  1838.3  1359.9     90.0   670.0
  10:53:12.562  1838.3  1362.3     90.0   670.0
  10:53:12.609  1838.3  1364.5     90.0   670.0
  10:53:12.656  1838.3  1367.0     90.0   670.0
  10:53:12.687  1838.3  1369.2     90.0   670.0
  10:53:12.734  1838.3  1371.6     90.0   670.0
  10:53:12.781  1838.3  1373.9     90.0   680.0
  10:53:12.828  1838.3  1376.3     90.0   680.0
  10:53:12.859  1838.3  1378.6     90.0   680.0
  10:53:12.906  1838.3  1380.9     90.0   680.0
  10:53:12.953  1838.3  1380.9     90.0   680.0
  10:53:13.000  1838.3  1383.2     90.0   680.0
  10:53:13.031  1838.3  1385.7     90.0   680.0
  10:53:13.093  1838.3  1388.0     90.0   690.0
  10:53:13.125  1838.3  1390.3     90.0   680.0
  10:53:13.171  1838.3  1392.6     90.0   690.0
  10:53:13.218  1838.3  1395.0     90.0   700.0
  10:53:13.250  1838.3  1397.3     90.0   700.0
  10:53:13.296  1838.3  1399.6     90.0   770.0
  10:53:13.343  1838.3  1402.0     90.0   770.0
  10:53:13.390  1838.3  1402.0     90.0   770.0
  10:53:13.468  1838.3  1406.7     90.0   930.0
  10:53:45.218  1072.6  1838.5   -180.0   880.0
  10:53:45.250  1069.8  1838.5   -180.0   880.0
  10:53:45.296  1067.9  1838.5   -180.0   590.0
  10:53:45.343  1065.5  1838.5   -180.0   560.0
  10:53:45.375  1063.1  1838.5   -180.0   560.0
  10:53:45.421  1060.7  1838.5   -180.0   500.0
  10:53:45.468  1058.4  1838.5   -180.0   500.0
  10:53:45.515  1058.4  1838.5   -180.0   500.0
  10:53:45.562  1056.1  1838.5   -180.0   500.0
  10:53:45.609  1053.8  1838.5   -180.0   500.0
  10:53:45.640  1051.1  1838.5   -180.0   500.0
  10:53:45.687  1049.1  1838.5   -180.0   490.0
  10:53:45.718  1046.8  1838.5   -180.0   490.0
  10:53:45.750  1044.5  1838.5   -180.0   490.0
  10:53:45.796  1044.5  1838.5   -180.0   490.0
  10:53:45.828  1042.1  1838.5   -180.0   490.0
  10:53:45.875  1039.8  1838.5   -180.0   490.0
  10:53:45.921  1037.4  1838.5   -180.0   490.0
  10:53:45.953  1035.1  1838.5   -180.0   490.0
  10:53:46.000  1032.6  1838.5   -180.0   490.0
  10:53:46.046  1030.5  1838.5   -180.0   490.0
  10:53:46.093  1030.5  1838.5   -180.0   490.0
  10:53:46.140  1028.1  1838.5   -180.0   490.0
  10:53:46.171  1025.8  1838.5   -180.0   490.0
  10:53:46.218  1023.5  1838.5   -180.0   490.0
  10:53:46.265  1021.1  1838.5   -180.0   490.0
  10:53:46.312  1018.7  1838.5   -180.0   490.0
  10:53:46.343  1016.4  1838.5   -180.0   490.0
  10:53:46.390  1014.0  1838.5   -180.0   490.0
  10:53:46.437  1011.7  1838.5   -180.0   490.0
  10:53:46.484  1009.3  1838.5   -180.0   490.0
  10:53:46.515  1007.1  1838.5   -180.0   490.0
  10:53:46.562  1007.1  1838.5   -180.0   490.0
  10:53:46.593  1004.7  1838.5   -180.0   490.0
  10:53:46.625  1002.3  1838.5   -180.0   490.0
  10:53:46.671  1000.0  1838.5   -180.0   490.0
  10:53:46.718   997.7  1838.5   -180.0   490.0
  10:53:46.765   995.4  1838.5   -180.0   500.0
  10:53:46.812   993.1  1838.5   -180.0   490.0
  10:53:46.843   993.1  1838.5   -180.0   490.0
  10:53:46.890   990.7  1838.5   -180.0   490.0
  10:53:46.937   988.3  1838.5   -180.0   490.0
  10:53:46.984   985.9  1838.5   -180.0   490.0
  10:53:47.031   983.7  1838.5   -180.0   490.0
  10:53:47.062   981.3  1838.5   -180.0   490.0
  10:53:47.109   979.0  1838.5   -180.0   490.0
  10:53:47.156   976.6  1838.5   -180.0   490.0
  10:53:47.203   974.3  1838.5   -180.0   490.0
  10:53:47.234   971.9  1838.5   -180.0   490.0
  10:53:47.281   971.9  1838.5   -180.0   500.0
  10:53:47.328   969.6  1838.5   -180.0   500.0
  10:53:47.359   967.1  1838.5   -180.0   500.0
  10:53:47.406   964.9  1838.5   -180.0   500.0
  10:53:47.453   962.6  1838.5   -180.0   500.0
  10:53:47.500   960.2  1838.5   -180.0   500.0
  10:53:47.546   957.9  1838.4   -180.0   500.0
  10:53:47.578   955.5  1838.4   -180.0   500.0
  10:53:47.625   953.1  1838.4   -180.0   500.0
  10:53:47.671   953.1  1838.4   -180.0   500.0
  10:53:47.703   950.9  1838.4   -180.0   490.0
  10:53:47.750   948.5  1838.4   -180.0   490.0
  10:53:47.812   946.2  1838.4   -180.0   500.0
  10:53:47.843   943.9  1838.4   -180.0   500.0
  10:53:47.875   941.4  1838.4   -180.0   500.0
  10:53:47.921   939.2  1838.4   -180.0   500.0
  10:53:47.968   936.9  1838.4   -180.0   500.0
  10:53:48.000   934.5  1838.4   -180.0   500.0
  10:53:48.062   932.2  1838.4   -180.0   500.0
  10:53:48.093   932.2  1838.4   -180.0   500.0
  10:53:48.140   929.9  1838.4   -180.0   500.0
  10:53:48.171   927.5  1838.4   -180.0   500.0
  10:53:48.218   925.0  1838.4   -180.0   500.0
  10:53:48.265   922.7  1838.4   -180.0   500.0
  10:53:48.312   919.7  1838.4   -180.0   500.0
  10:53:48.359   919.7  1838.4   -180.0   500.0
  10:53:48.390   917.3  1838.4   -180.0   500.0
  10:53:48.437   914.9  1838.4   -180.0   500.0
  10:53:48.484   912.7  1838.4   -180.0   500.0
  10:53:48.546   908.0  1838.4   -180.0   500.0
  10:53:48.593   908.0  1838.4   -180.0   500.0
  10:53:48.640   905.6  1838.4   -180.0   500.0
  10:53:48.671   903.3  1838.4   -180.0   500.0
  10:53:48.718   901.0  1838.4   -180.0   500.0
  10:53:48.765   898.5  1838.4   -180.0   500.0
  10:53:48.796   896.3  1838.4   -180.0   500.0
  10:53:48.843   893.9  1838.4   -180.0   500.0
  10:53:48.890   893.9  1838.4   -180.0   500.0
  10:53:48.937   891.7  1838.4   -180.0   500.0
  10:53:48.968   889.4  1838.4   -180.0   500.0
  10:53:49.015   886.9  1838.4   -180.0   500.0
  10:53:49.062   884.6  1838.4   -180.0   500.0
  10:53:49.109   881.4  1838.4   -180.0   500.0
  10:53:49.140   879.1  1838.4   -180.0   500.0
  10:53:49.187   876.8  1838.4   -180.0   500.0
  10:53:49.234   876.8  1838.4   -180.0   500.0
  10:53:49.281   874.4  1838.4   -180.0   500.0
  10:53:49.312   871.4  1838.4   -180.0   500.0
  10:53:49.359   869.1  1838.4   -180.0   500.0
  10:53:49.390   869.1  1838.4   -180.0   500.0
  10:53:49.437   866.7  1838.4   -180.0   500.0
  10:53:49.468   864.4  1838.4   -180.0   500.0
  10:53:49.515   862.0  1838.4   -180.0   500.0
  10:53:49.562   859.6  1838.4   -180.0   500.0
  10:53:49.609   857.3  1838.4   -180.0   500.0
  10:53:49.640   854.9  1838.4   -180.0   490.0
  10:53:49.687   852.6  1838.4   -180.0   490.0
  10:53:49.734   850.3  1838.4   -180.0   490.0
  10:53:49.781   850.3  1838.4   -180.0   490.0
  10:53:49.812   848.0  1838.4   -180.0   480.0
  10:53:49.859   845.6  1838.4   -180.0   480.0
  10:53:49.906   843.3  1838.4   -180.0   480.0
  10:53:49.953   840.9  1838.4   -180.0   470.0
  10:53:49.984   838.6  1838.4   -180.0   470.0
  10:53:50.031   836.3  1838.4   -180.0   470.0
  10:53:50.078   834.0  1838.4   -180.0   460.0
  10:53:50.125   831.6  1838.4   -180.0   460.0
  10:53:50.171   829.2  1838.4   -180.0   460.0
  10:53:50.203   829.2  1838.4   -180.0   460.0
  10:53:50.250   826.9  1838.4   -180.0   460.0
  10:53:50.296   824.7  1838.4   -180.0   450.0
  10:53:50.343   822.2  1838.4   -180.0   450.0
  10:53:50.375   819.9  1838.4   -180.0   450.0
  10:53:50.421   817.5  1838.4   -180.0   440.0
  10:53:50.468   815.2  1838.4   -180.0   440.0
  10:53:50.515   812.9  1838.4   -180.0   440.0
  10:53:50.546   810.5  1838.4   -180.0   430.0
  10:53:50.593   808.2  1838.4   -180.0   430.0
  10:53:50.640   808.2  1838.4   -180.0   430.0
  10:53:50.687   805.9  1838.4   -180.0   420.0
  10:53:50.718   803.5  1838.4   -180.0   420.0
  10:53:50.765   801.2  1838.4   -180.0   420.0
  10:53:50.812   798.8  1838.4   -180.0   410.0
  10:53:50.859   796.4  1838.4   -180.0   410.0
  10:53:50.906   794.1  1838.4   -180.0   410.0
  10:53:50.937   791.8  1838.4   -180.0   400.0
  10:53:50.984   789.6  1838.4   -180.0   400.0
  10:53:51.031   787.2  1838.4   -180.0   400.0
  10:53:51.078   784.7  1838.4   -180.0   400.0
  10:53:51.109   784.7  1838.4   -180.0   390.0
  10:53:51.156   782.4  1838.4   -180.0   390.0
  10:53:51.203   780.2  1838.4   -180.0   380.0
  10:53:51.250   777.8  1838.4   -180.0   380.0
  10:53:51.281   775.4  1838.4   -180.0   380.0
  10:53:51.328   773.0  1838.4   -180.0   380.0
  10:53:51.375   770.9  1838.3   -180.0   380.0
  10:53:51.406   768.4  1838.3   -180.0   380.0
  10:53:51.453   766.0  1838.3   -180.0   370.0
  10:53:51.500   766.0  1838.3   -180.0   360.0
  10:53:51.546   763.7  1838.3   -180.0   360.0
  10:53:51.578   761.4  1838.3   -180.0   360.0
  10:53:51.625   759.1  1838.3   -180.0   360.0
  10:53:51.671   756.7  1838.3   -180.0   360.0
  10:53:51.718   754.3  1838.3   -180.0   350.0
  10:53:51.765   752.1  1838.3   -180.0   350.0
  10:53:51.812   749.7  1838.3   -180.0   350.0
  10:53:51.843   747.4  1838.3   -180.0   340.0
  10:53:51.890   744.9  1838.3   -180.0   340.0
  10:53:51.937   742.7  1838.3   -180.0   340.0
  10:53:51.984   742.7  1838.3   -180.0   330.0
  10:53:52.015   740.4  1838.3   -180.0   330.0
  10:53:52.062   738.0  1838.3   -180.0   330.0
  10:53:52.109   735.7  1838.3   -180.0   320.0
  10:53:52.156   732.8  1838.3   -180.0   320.0
  10:53:52.187   730.2  1838.3   -180.0   320.0
  10:53:52.234   727.9  1838.3   -180.0   310.0
  10:53:52.281   727.9  1838.3   -180.0   310.0
  10:53:52.328   725.5  1838.3   -180.0   310.0
  10:53:52.359   722.4  1838.3   -180.0   310.0
  10:53:52.406   720.1  1838.3   -180.0   310.0
  10:53:52.453   717.7  1838.3   -180.0   310.0
  10:53:52.500   715.5  1838.3   -180.0   310.0
  10:53:52.531   715.5  1838.3   -180.0   310.0
  10:53:52.578   713.1  1838.3   -180.0   320.0
  10:53:52.625   710.7  1838.3   -180.0   320.0
  10:53:52.671   708.3  1838.3   -180.0   320.0
  10:53:52.703   706.0  1838.3   -180.0   330.0
  10:53:52.750   703.2  1838.3   -180.0   340.0
  10:53:52.796   700.6  1838.3   -180.0   330.0
  10:53:52.843   698.2  1838.3   -180.0   340.0
  10:53:52.890   698.2  1838.3   -180.0   350.0
  10:53:52.937   695.9  1838.3   -180.0   350.0
  10:53:52.968   693.1  1838.3   -180.0   360.0
  10:53:53.015   691.3  1838.3   -180.0   360.0
  10:53:53.062   689.0  1838.3   -180.0   360.0
  10:53:53.125   686.6  1838.3   -180.0   360.0
  10:53:53.140   683.7  1838.3   -180.0   370.0
  10:53:53.187   683.7  1838.3   -180.0   370.0
  10:53:53.234   681.1  1838.3   -180.0   380.0
  10:53:53.281   678.8  1838.3   -180.0   380.0
  10:53:53.328   676.4  1838.3   -180.0   380.0
  10:53:53.359   674.0  1838.3   -180.0   390.0
  10:53:53.406   671.7  1838.3   -180.0   390.0
  10:53:53.453   669.3  1838.3   -180.0   390.0
  10:53:53.484   667.0  1838.3   -180.0   390.0
  10:53:53.531   667.0  1838.3   -180.0   400.0
  10:53:53.578   664.7  1838.3   -180.0   400.0
  10:53:53.625   662.4  1838.3   -180.0   410.0
  10:53:53.671   660.0  1838.3   -180.0   410.0
  10:53:53.703   657.7  1838.3   -180.0   410.0
  10:53:53.750   655.4  1838.3   -180.0   420.0
  10:53:53.796   653.0  1838.3   -180.0   420.0
  10:53:53.828   650.7  1838.3   -180.0   410.0
  10:53:53.875   648.4  1838.3   -180.0   420.0
  10:53:53.921   646.0  1838.3   -180.0   430.0
  10:53:53.968   643.6  1838.3   -180.0   430.0
  10:53:54.000   643.6  1838.3   -180.0   440.0
  10:53:54.046   641.3  1838.3   -180.0   450.0
  10:53:54.078   638.9  1838.3   -180.0   450.0
  10:53:54.109   636.7  1838.3   -180.0   450.0
  10:53:54.156   636.7  1838.3   -180.0   450.0
  10:53:54.203   634.0  1838.3   -180.0   450.0
  10:53:54.250   631.2  1838.3   -180.0   460.0
  10:53:54.296   628.9  1838.3   -180.0   470.0
  10:53:54.343   626.5  1838.3   -180.0   470.0
  10:53:54.375   624.2  1838.3   -180.0   470.0
  10:53:54.421   621.9  1838.3   -180.0   470.0
  10:53:54.468   619.5  1838.3   -180.0   470.0
  10:53:54.500   619.5  1838.3   -180.0   480.0
  10:53:54.546   617.2  1838.3   -180.0   490.0
  10:53:54.593   614.8  1838.3   -180.0   490.0
  10:53:54.640   612.4  1838.3   -180.0   490.0
  10:53:54.671   610.1  1838.3   -180.0   490.0
  10:53:54.718   607.9  1838.3   -180.0   490.0
  10:53:54.765   605.5  1838.3   -180.0   510.0
  10:53:54.812   603.1  1838.3   -180.0   520.0
  10:53:54.843   600.7  1838.3   -180.0   520.0
  10:53:54.890   598.4  1838.3   -180.0   520.0
  10:53:54.953   596.0  1838.3   -180.0   530.0
  10:53:54.984   596.0  1838.3   -180.0   530.0
  10:53:55.031   593.8  1838.3   -180.0   570.0
  10:53:55.062   591.4  1838.3   -180.0   600.0
  10:53:55.093   589.2  1838.3   -180.0   600.0
  10:53:55.140   586.7  1838.3   -180.0   730.0
  10:53:55.187   584.4  1838.2   -180.0   820.0
  10:53:55.234   582.0  1838.2   -180.0   820.0
  10:54:27.828    -0.1  1166.0    -90.0  1080.0
  10:54:27.875    -0.1  1163.6    -90.0   740.0
  10:54:27.906    -0.1  1160.8    -90.0   740.0
  10:54:27.953    -0.1  1159.0    -90.0   590.0
  10:54:28.000    -0.1  1156.6    -90.0   580.0
  10:54:28.078    -0.1  1154.3    -90.0   580.0
  10:54:28.093    -0.1  1151.2    -90.0   560.0
  10:54:28.125    -0.1  1151.2    -90.0   550.0
  10:54:28.171    -0.1  1148.9    -90.0   550.0
  10:54:28.218    -0.1  1146.5    -90.0   550.0
  10:54:28.265    -0.1  1144.2    -90.0   540.0
  10:54:28.296    -0.1  1141.9    -90.0   550.0
  10:54:28.343    -0.1  1139.4    -90.0   540.0
  10:54:28.390    -0.1  1137.1    -90.0   540.0
  10:54:28.437    -0.1  1134.8    -90.0   540.0
  10:54:28.484    -0.1  1132.4    -90.0   540.0
  10:54:28.515    -0.1  1132.4    -90.0   540.0
  10:54:28.562     0.0  1130.1    -90.0   540.0
  10:54:28.609     0.0  1127.8    -90.0   540.0
  10:54:28.640     0.0  1125.5    -90.0   540.0
  10:54:28.687     0.0  1123.2    -90.0   540.0
  10:54:28.734     0.0  1120.7    -90.0   540.0
  10:54:28.781     0.0  1118.5    -90.0   540.0
  10:54:28.812     0.0  1116.1    -90.0   540.0
  10:54:28.875     0.0  1113.8    -90.0   540.0
  10:54:28.906     0.0  1111.4    -90.0   540.0
  10:54:28.953     0.0  1109.1    -90.0   540.0
  10:54:28.984     0.0  1109.1    -90.0   540.0
  10:54:29.031     0.0  1106.7    -90.0   540.0
  10:54:29.078     0.0  1104.4    -90.0   540.0
  10:54:29.109     0.0  1102.1    -90.0   540.0
  10:54:29.156     0.0  1099.7    -90.0   530.0
  10:54:29.203     0.0  1097.3    -90.0   530.0
  10:54:29.250     0.0  1095.0    -90.0   530.0
  10:54:29.281     0.0  1095.0    -90.0   530.0
  10:54:29.328     0.0  1092.7    -90.0   530.0
  10:54:29.359     0.0  1090.3    -90.0   530.0
  10:54:29.406     0.0  1088.0    -90.0   530.0
  10:54:29.453     0.0  1085.7    -90.0   530.0
  10:54:29.500     0.0  1083.3    -90.0   520.0
  10:54:29.531     0.0  1081.0    -90.0   520.0
  10:54:29.578     0.0  1078.6    -90.0   520.0
  10:54:29.625     0.0  1076.3    -90.0   520.0
  10:54:29.671     0.0  1074.0    -90.0   520.0
  10:54:29.703     0.0  1074.0    -90.0   520.0
  10:54:29.750     0.0  1071.7    -90.0   520.0
  10:54:29.796     0.0  1069.4    -90.0   520.0
  10:54:29.828     0.0  1067.1    -90.0   520.0
  10:54:29.875     0.0  1064.5    -90.0   520.0
  10:54:29.921     0.0  1062.2    -90.0   520.0
  10:54:29.968     0.0  1059.9    -90.0   520.0
  10:54:30.000     0.0  1057.6    -90.0   510.0
  10:54:30.046     0.0  1057.6    -90.0   510.0
  10:54:30.078     0.0  1055.3    -90.0   510.0
  10:54:30.125     0.0  1053.0    -90.0   510.0
  10:54:30.156     0.0  1050.7    -90.0   510.0
  10:54:30.203     0.0  1048.3    -90.0   510.0
  10:54:30.250     0.0  1048.3    -90.0   510.0
  10:54:30.281     0.0  1046.0    -90.0   510.0
  10:54:30.328     0.0  1043.7    -90.0   510.0
  10:54:30.375     0.0  1041.2    -90.0   510.0
  10:54:30.421     0.0  1039.0    -90.0   500.0
  10:54:30.453     0.0  1036.6    -90.0   510.0
  10:54:30.500     0.0  1034.2    -90.0   500.0
  10:54:30.546     0.0  1031.8    -90.0   500.0
  10:54:30.593     0.0  1029.5    -90.0   500.0
  10:54:30.625     0.0  1027.2    -90.0   500.0
  10:54:30.671     0.0  1024.8    -90.0   500.0
  10:54:30.718     0.0  1024.8    -90.0   500.0
  10:54:30.765     0.0  1022.2    -90.0   500.0
  10:54:30.796     0.0  1020.2    -90.0   490.0
  10:54:30.843     0.0  1017.9    -90.0   490.0
  10:54:30.890     0.0  1015.6    -90.0   490.0
  10:54:30.921     0.0  1013.1    -90.0   490.0
  10:54:30.968     0.0  1010.9    -90.0   490.0
  10:54:31.015     0.0  1008.5    -90.0   490.0
  10:54:31.062     0.0  1006.2    -90.0   490.0
  10:54:31.109     0.0  1003.9    -90.0   490.0
  10:54:31.140     0.0  1003.9    -90.0   490.0
  10:54:31.187     0.0  1001.4    -90.0   490.0
  10:54:31.234     0.0   999.2    -90.0   490.0
  10:54:31.281     0.1   996.7    -90.0   480.0
  10:54:31.328     0.1   994.4    -90.0   480.0
  10:54:31.359     0.1   992.1    -90.0   490.0
  10:54:31.406     0.1   989.7    -90.0   480.0
  10:54:31.453     0.1   987.5    -90.0   480.0
  10:54:31.484     0.1   987.5    -90.0   480.0
  10:54:31.531     0.1   985.2    -90.0   480.0
  10:54:31.562     0.1   982.8    -90.0   480.0
  10:54:31.609     0.1   980.4    -90.0   480.0
  10:54:31.656     0.1   978.1    -90.0   480.0
  10:54:31.703     0.1   975.8    -90.0   480.0
  10:54:31.734     0.1   973.4    -90.0   480.0
  10:54:31.781     0.1   971.0    -90.0   480.0
  10:54:31.828     0.1   971.0    -90.0   480.0
  10:54:31.859     0.1   968.8    -90.0   480.0
  10:54:31.906     0.1   966.4    -90.0   470.0
  10:54:31.953     0.1   964.0    -90.0   470.0
  10:54:32.000     0.1   961.8    -90.0   470.0
  10:54:32.031     0.1   959.4    -90.0   470.0
  10:54:32.078     0.1   957.1    -90.0   470.0
  10:54:32.109     0.1   957.1    -90.0   470.0
  10:54:32.156     0.1   954.6    -90.0   460.0
  10:54:32.187     0.1   952.3    -90.0   460.0
  10:54:32.234     0.1   950.0    -90.0   460.0
  10:54:32.281     0.1   947.6    -90.0   460.0
  10:54:32.328     0.1   945.3    -90.0   460.0
  10:54:32.359     0.1   943.0    -90.0   460.0
  10:54:32.406     0.1   940.6    -90.0   460.0
  10:54:32.453     0.1   938.3    -90.0   460.0
  10:54:32.484     0.1   938.3    -90.0   460.0
  10:54:32.531     0.1   936.0    -90.0   460.0
  10:54:32.578     0.1   933.7    -90.0   460.0
  10:54:32.625     0.1   931.3    -90.0   460.0
  10:54:32.671     0.1   929.0    -90.0   460.0
  10:54:32.703     0.1   926.7    -90.0   460.0
  10:54:32.750     0.1   924.2    -90.0   460.0
  10:54:32.796     0.1   922.0    -90.0   460.0
  10:54:32.828     0.1   919.6    -90.0   460.0
  10:54:32.875     0.1   917.4    -90.0   460.0
  10:54:32.921     0.1   917.4    -90.0   450.0
  10:54:32.968     0.1   914.9    -90.0   450.0
  10:54:33.015     0.1   912.6    -90.0   450.0
  10:54:33.062     0.1   910.2    -90.0   450.0
  10:54:33.093     0.1   907.8    -90.0   440.0
  10:54:33.140     0.1   905.6    -90.0   450.0
  10:54:33.187     0.1   903.3    -90.0   440.0
  10:54:33.218     0.1   900.9    -90.0   440.0
  10:54:33.265     0.1   898.6    -90.0   450.0
  10:54:33.312     0.1   896.2    -90.0   450.0
  10:54:33.359     0.1   893.8    -90.0   450.0
  10:54:33.406     0.1   893.8    -90.0   450.0
  10:54:33.437     0.1   891.5    -90.0   450.0
  10:54:33.484     0.1   889.0    -90.0   450.0
  10:54:33.531     0.1   886.9    -90.0   450.0
  10:54:33.578     0.1   884.4    -90.0   450.0
  10:54:33.609     0.1   882.2    -90.0   450.0
  10:54:33.656     0.1   879.9    -90.0   450.0
  10:54:33.703     0.1   877.5    -90.0   450.0
  10:54:33.750     0.1   875.1    -90.0   450.0
  10:54:33.781     0.1   872.9    -90.0   450.0
  10:54:33.828     0.1   872.9    -90.0   450.0
  10:54:33.875     0.1   870.4    -90.0   450.0
  10:54:33.921     0.1   868.1    -90.0   450.0
  10:54:33.953     0.2   865.7    -90.0   450.0
  10:54:34.000     0.2   863.4    -90.0   450.0
  10:54:34.046     0.2   861.2    -90.0   450.0
  10:54:34.078     0.2   858.7    -90.0   450.0
  10:54:34.125     0.2   856.5    -90.0   450.0
  10:54:34.156     0.2   856.5    -90.0   450.0
  10:54:34.218     0.2   854.0    -90.0   450.0
  10:54:34.265     0.2   851.8    -90.0   450.0
  10:54:34.312     0.2   849.4    -90.0   450.0
  10:54:34.343     0.2   847.1    -90.0   450.0
  10:54:34.390     0.2   844.6    -90.0   450.0
  10:54:34.437     0.2   842.5    -90.0   450.0
  10:54:34.468     0.2   840.1    -90.0   450.0
  10:54:34.515     0.2   837.8    -90.0   450.0
  10:54:34.562     0.2   837.8    -90.0   450.0
  10:54:34.593     0.2   835.4    -90.0   450.0
  10:54:34.640     0.2   833.1    -90.0   450.0
  10:54:34.687     0.2   830.7    -90.0   450.0
  10:54:34.734     0.2   828.4    -90.0   450.0
  10:54:34.781     0.2   826.0    -90.0   450.0
  10:54:34.812     0.2   823.7    -90.0   450.0
  10:54:34.859     0.2   821.3    -90.0   450.0
  10:54:34.906     0.2   819.1    -90.0   450.0
  10:54:34.953     0.2   816.7    -90.0   450.0
  10:54:34.984     0.2   814.0    -90.0   450.0
  10:54:35.031     0.2   812.0    -90.0   450.0
  10:54:35.078     0.2   809.7    -90.0   450.0
  10:54:35.125     0.2   809.7    -90.0   450.0
  10:54:35.171     0.2   807.3    -90.0   450.0
  10:54:35.203     0.2   805.0    -90.0   450.0
  10:54:35.250     0.2   802.6    -90.0   450.0
  10:54:35.296     0.2   800.4    -90.0   450.0
  10:54:35.343     0.2   797.9    -90.0   450.0
  10:54:35.375     0.2   795.7    -90.0   450.0
  10:54:35.421     0.2   793.3    -90.0   450.0
  10:54:35.468     0.2   790.9    -90.0   450.0
  10:54:35.515     0.2   790.9    -90.0   450.0
  10:54:35.546     0.2   788.7    -90.0   450.0
  10:54:35.593     0.2   786.3    -90.0   450.0
  10:54:35.640     0.2   784.0    -90.0   460.0
  10:54:35.687     0.2   781.6    -90.0   450.0
  10:54:35.718     0.2   779.3    -90.0   460.0
  10:54:35.765     0.2   776.9    -90.0   460.0
  10:54:35.812     0.2   774.5    -90.0   450.0
  10:54:35.859     0.2   772.2    -90.0   460.0
  10:54:35.890     0.2   769.9    -90.0   460.0
  10:54:35.937     0.2   769.9    -90.0   460.0
  10:54:36.000     0.2   765.3    -90.0   460.0
  10:54:36.031     0.2   765.3    -90.0   450.0
  10:54:36.078     0.2   762.8    -90.0   450.0
  10:54:36.125     0.2   760.5    -90.0   460.0
  10:54:36.156     0.2   758.2    -90.0   460.0
  10:54:36.203     0.2   755.9    -90.0   460.0
  10:54:36.250     0.2   753.5    -90.0   460.0
  10:54:36.281     0.2   751.1    -90.0   460.0
  10:54:36.328     0.2   748.8    -90.0   460.0
  10:54:36.390     0.2   746.4    -90.0   460.0
  10:54:36.421     0.2   746.4    -90.0   460.0
  10:54:36.453     0.2   744.2    -90.0   460.0
  10:54:36.500     0.2   741.8    -90.0   460.0
  10:54:36.546     0.2   739.5    -90.0   460.0
  10:54:36.593     0.2   737.2    -90.0   450.0
  10:54:36.625     0.2   734.8    -90.0   460.0
  10:54:36.671     0.3   732.5    -90.0   460.0
  10:54:36.718     0.3   730.2    -90.0   450.0
  10:54:36.765     0.3   727.8    -90.0   460.0
  10:54:36.812     0.3   725.4    -90.0   460.0
  10:54:36.843     0.3   725.4    -90.0   460.0
  10:54:36.890     0.3   723.1    -90.0   460.0
  10:54:36.937     0.3   720.8    -90.0   460.0
  10:54:36.968     0.3   718.4    -90.0   460.0
  10:54:37.015     0.3   715.7    -90.0   460.0
  10:54:37.062     0.3   713.7    -90.0   460.0
  10:54:37.109     0.3   711.4    -90.0   460.0
  10:54:37.156     0.3   709.0    -90.0   460.0
  10:54:37.203     0.3   706.7    -90.0   460.0
  10:54:37.234     0.3   704.4    -90.0   460.0
  10:54:37.281     0.3   704.4    -90.0   460.0
  10:54:37.328     0.3   702.1    -90.0   460.0
  10:54:37.359     0.3   699.8    -90.0   460.0
  10:54:37.406     0.3   697.3    -90.0   460.0
  10:54:37.453     0.3   695.0    -90.0   460.0
  10:54:37.484     0.3   692.6    -90.0   460.0
  10:54:37.531     0.3   690.3    -90.0   460.0
  10:54:37.578     0.3   688.0    -90.0   460.0
  10:54:37.609     0.3   688.0    -90.0   460.0
  10:54:37.656     0.3   685.7    -90.0   460.0
  10:54:37.703     0.3   683.3    -90.0   460.0
  10:54:37.750     0.3   681.0    -90.0   460.0
  10:54:37.781     0.3   678.6    -90.0   460.0
  10:54:37.828     0.3   676.3    -90.0   450.0
  10:54:37.875     0.3   673.8    -90.0   450.0
  10:54:37.921     0.3   671.6    -90.0   460.0
  10:54:37.968     0.3   669.3    -90.0   460.0
  10:54:38.000     0.3   669.3    -90.0   460.0
  10:54:38.046     0.3   664.5    -90.0   460.0
  10:54:38.093     0.3   664.5    -90.0   470.0
  10:54:38.140     0.3   662.2    -90.0   470.0
  10:54:38.171     0.3   659.9    -90.0   470.0
  10:54:38.203     0.3   657.6    -90.0   470.0
  10:54:38.250     0.3   654.8    -90.0   470.0
  10:54:38.281     0.3   654.8    -90.0   480.0
  10:54:38.328     0.3   653.0    -90.0   500.0
  10:54:38.375     0.3   650.5    -90.0   500.0
  10:54:38.421     0.3   648.2    -90.0   530.0
  10:54:38.453     0.3   645.9    -90.0   700.0
  10:54:38.500     0.3   643.5    -90.0   700.0
  10:54:38.546     0.3   641.2    -90.0   940.0
