Лабораторная работа 1. Анализ сенсорных данных об объекте

Маршрут: квадрат
Направление движения: против часовой стрелки
Скорость движения: 50.0 мм/с
Рабочий дальномер: левый (Rf_L)
Матрица положения дальномера Rf_L:
   0.000  -1.000   0.000  -120.0
   1.000   0.000   0.000   241.0
   0.000   0.000   1.000   229.5
       0       0       0       1

Выходная информация: положение робота, данные дальномера об объекте

          Time   X_rob   Y_rob  Ang_rob    Rf_L
  чч:мм:сс.ссс      мм      мм     град      мм
  10:58:40.984   488.7     0.9      0.0  1010.0
  10:58:41.015   490.9     0.9      0.0  1010.0
  10:58:46.625   763.1     0.8      0.0   960.0
  10:58:46.656   765.4     0.8      0.0   910.0
  10:58:46.687   767.7     0.8      0.0   910.0
  10:58:46.734   770.2     0.8      0.0   670.0
  10:58:46.781   772.5     0.8      0.0   610.0
  10:58:46.828   774.7     0.8      0.0   610.0
  10:58:46.859   774.7     0.8      0.0   570.0
  10:58:46.906   777.1     0.8      0.0   570.0
  10:58:46.953   779.4     0.8      0.0   570.0
  10:58:46.984   781.9     0.8      0.0   570.0
  10:58:47.046   784.2     0.8      0.0   570.0
  10:58:47.078   786.6     0.8      0.0   570.0
  10:58:47.125   788.8     0.8      0.0   570.0
  10:58:47.156   791.2     0.8      0.0   560.0
  10:58:47.203   793.5     0.8      0.0   570.0
  10:58:47.250   793.5     0.8      0.0   570.0
  10:58:47.296   796.2     0.8      0.0   570.0
  10:58:47.328   798.1     0.8      0.0   570.0
  10:58:47.375   800.4     0.7      0.0   570.0
  10:58:47.421   802.9     0.7      0.0   570.0
  10:58:47.468   805.1     0.7      0.0   570.0
  10:58:47.515   807.4     0.7      0.0   570.0
  10:58:47.562   809.8     0.7      0.0   560.0
  10:58:47.593   812.3     0.7      0.0   560.0
  10:58:47.625   812.3     0.7      0.0   560.0
  10:58:47.671   814.5     0.7      0.0   560.0
  10:58:47.718   816.8     0.7      0.0   560.0
  10:58:47.765   819.3     0.7      0.0   560.0
  10:58:47.812   821.6     0.7      0.0   550.0
  10:58:47.859   823.9     0.7      0.0   550.0
  10:58:47.890   826.3     0.7      0.0   550.0
  10:58:47.937   828.6     0.7      0.0   550.0
  10:58:47.984   831.0     0.7      0.0   550.0
  10:58:48.015   833.3     0.7      0.0   550.0
  10:58:48.062   833.3     0.7      0.0   550.0
  10:58:48.109   835.5     0.7      0.0   550.0
  10:58:48.156   838.0     0.7      0.0   550.0
  10:58:48.187   840.3     0.7      0.0   550.0
  10:58:48.234   842.6     0.7      0.0   550.0
  10:58:48.281   844.9     0.7      0.0   550.0
  10:58:48.312   847.2     0.7      0.0   550.0
  10:58:48.343   847.2     0.7      0.0   550.0
  10:58:48.390   849.7     0.7      0.0   550.0
  10:58:48.437   852.0     0.7      0.0   540.0
  10:58:48.468   854.3     0.7      0.0   540.0
  10:58:48.515   856.6     0.7      0.0   540.0
  10:58:48.562   859.0     0.7      0.0   540.0
  10:58:48.609   861.4     0.7      0.0   540.0
  10:58:48.640   863.6     0.7      0.0   540.0
  10:58:48.687   866.1     0.7      0.0   540.0
  10:58:48.734   866.1     0.7      0.0   540.0
  10:58:48.781   868.4     0.7      0.0   540.0
  10:58:48.812   870.8     0.7      0.0   540.0
  10:58:48.859   873.1     0.7      0.0   540.0
  10:58:48.906   875.3     0.7      0.0   530.0
  10:58:48.953   877.7     0.7      0.0   530.0
  10:58:48.984   880.1     0.7      0.0   530.0
  10:58:49.031   882.3     0.7      0.0   530.0
  10:58:49.078   884.8     0.7      0.0   530.0
  10:58:49.125   887.1     0.7      0.0   530.0
  10:58:49.156   887.1     0.7      0.0   520.0
  10:58:49.203   889.5     0.7      0.0   520.0
  10:58:49.250   891.7     0.7      0.0   520.0
  10:58:49.296   894.1     0.7      0.0   520.0
  10:58:49.328   896.5     0.7      0.0   520.0
  10:58:49.375   898.8     0.7      0.0   520.0
  10:58:49.421   901.0     0.7      0.0   520.0
  10:58:49.468   903.4     0.7      0.0   520.0
  10:58:49.515   905.7     0.7      0.0   520.0
  10:58:49.546   905.7     0.7      0.0   520.0
  10:58:49.593   908.1     0.7      0.0   510.0
  10:58:49.640   910.4     0.7      0.0   510.0
  10:58:49.671   912.8     0.7      0.0   520.0
  10:58:49.718   915.1     0.7      0.0   510.0
  10:58:49.765   917.5     0.7      0.0   510.0
  10:58:49.812   919.8     0.7      0.0   510.0
  10:58:49.843   922.1     0.7      0.0   510.0
  10:58:49.906   924.5     0.7      0.0   510.0
  10:58:49.937   926.7     0.7      0.0   510.0
  10:58:49.984   926.7     0.7      0.0   510.0
  10:58:50.015   929.1     0.7      0.0   510.0
  10:58:50.062   931.5     0.7      0.0   510.0
  10:58:50.109   933.8     0.7      0.0   500.0
  10:58:50.140   936.2     0.7      0.0   500.0
  10:58:50.187   938.5     0.7      0.0   500.0
  10:58:50.234   940.9     0.7      0.0   500.0
  10:58:50.265   943.3     0.7      0.0   500.0
  10:58:50.312   943.3     0.7      0.0   500.0
  10:58:50.343   945.7     0.7      0.0   500.0
  10:58:50.390   947.8     0.7      0.0   500.0
  10:58:50.421   950.2     0.7      0.0   500.0
  10:58:50.468   952.6     0.7      0.0   490.0
  10:58:50.515   952.6     0.7      0.0   490.0
  10:58:50.562   955.6     0.7      0.0   490.0
  10:58:50.593   958.0     0.7      0.0   490.0
  10:58:50.640   960.3     0.7      0.0   490.0
  10:58:50.703   962.7     0.7      0.0   490.0
  10:58:50.734   965.4     0.7      0.0   490.0
  10:58:50.765   967.3     0.7      0.0   490.0
  10:58:50.812   969.7     0.7      0.0   490.0
  10:58:50.859   969.7     0.7      0.0   490.0
  10:58:50.890   972.0     0.7      0.0   490.0
  10:58:50.937   974.5     0.7      0.0   490.0
  10:58:50.984   976.7     0.7      0.0   490.0
  10:58:51.031   979.1     0.7      0.0   490.0
  10:58:51.078   981.3     0.7      0.0   480.0
  10:58:51.125   983.8     0.7      0.0   480.0
  10:58:51.156   986.1     0.7      0.0   480.0
  10:58:51.203   988.4     0.7      0.0   480.0
  10:58:51.250   990.7     0.7      0.0   480.0
  10:58:51.281   990.7     0.7      0.0   480.0
  10:58:51.328   993.1     0.7      0.0   470.0
  10:58:51.375   995.4     0.7      0.0   470.0
  10:58:51.421   997.7     0.6      0.0   470.0
  10:58:51.468  1000.1     0.6      0.0   480.0
  10:58:51.500  1002.5     0.6      0.0   480.0
  10:58:51.546  1004.7     0.6      0.0   490.0
  10:58:51.593  1007.1     0.6      0.0   490.0
  10:58:51.640  1009.6     0.6      0.0   490.0
  10:58:51.671  1011.9     0.6      0.0   490.0
  10:58:51.718  1011.9     0.6      0.0   490.0
  10:58:51.765  1014.3     0.6      0.0   490.0
  10:58:51.812  1016.5     0.6      0.0   490.0
  10:58:51.859  1019.0     0.6      0.0   500.0
  10:58:51.890  1021.1     0.6      0.0   500.0
  10:58:51.937  1023.4     0.6      0.0   500.0
  10:58:51.984  1025.9     0.6      0.0   500.0
  10:58:52.015  1028.1     0.6      0.0   500.0
  10:58:52.062  1030.4     0.6      0.0   510.0
  10:58:52.109  1032.8     0.6      0.0   520.0
  10:58:52.156  1032.8     0.6      0.0   520.0
  10:58:52.187  1035.3     0.6      0.0   530.0
  10:58:52.218  1037.6     0.6      0.0   520.0
  10:58:52.265  1039.9     0.6      0.0   520.0
  10:58:52.312  1042.3     0.6      0.0   540.0
  10:58:52.359  1044.6     0.6      0.0   540.0
  10:58:52.406  1046.9     0.6      0.0   540.0
  10:58:52.437  1049.1     0.6      0.0   550.0
  10:58:52.484  1049.1     0.6      0.0   560.0
  10:58:52.531  1051.7     0.6      0.0   540.0
  10:58:52.562  1053.9     0.6      0.0   560.0
  10:58:52.609  1056.2     0.6      0.0   560.0
  10:58:52.656  1058.6     0.6      0.0   560.0
  10:58:52.687  1060.9     0.6      0.0   560.0
  10:58:52.734  1063.3     0.6      0.0   560.0
  10:58:52.781  1065.7     0.6      0.0   560.0
  10:58:52.828  1065.7     0.6      0.0   560.0
  10:58:52.859  1068.0     0.6      0.0   560.0
  10:58:52.906  1070.2     0.6      0.0   560.0
  10:58:52.953  1072.6     0.6      0.0   560.0
  10:58:53.000  1075.1     0.6      0.0   570.0
  10:58:53.031  1077.3     0.6      0.0   570.0
  10:58:53.078  1079.6     0.6      0.0   570.0
  10:58:53.125  1082.0     0.6      0.0   570.0
  10:58:53.171  1084.4     0.6      0.0   570.0
  10:58:53.203  1086.7     0.6      0.0   570.0
  10:58:53.250  1086.7     0.6      0.0   570.0
  10:58:53.296  1089.0     0.6      0.0   570.0
  10:58:53.359  1093.7     0.6      0.0   570.0
  10:58:53.390  1093.7     0.6      0.0   560.0
  10:58:53.421  1096.0     0.6      0.0   560.0
  10:58:53.468  1098.5     0.6      0.0   560.0
  10:58:53.515  1100.7     0.6      0.0   560.0
  10:58:53.562  1103.0     0.6      0.0   560.0
  10:58:53.593  1105.4     0.6      0.0   570.0
  10:58:53.640  1107.6     0.6      0.0   570.0
  10:58:53.687  1110.0     0.6      0.0   570.0
  10:58:53.734  1110.0     0.6      0.0   570.0
  10:58:53.781  1112.4     0.6      0.0   560.0
  10:58:53.812  1114.7     0.6      0.0   560.0
  10:58:53.859  1117.0     0.6      0.0   570.0
  10:58:53.906  1119.5     0.6      0.0   570.0
  10:58:53.937  1121.7     0.6      0.0   570.0
  10:58:53.984  1124.1     0.6      0.0   570.0
  10:58:54.031  1126.4     0.6      0.0   570.0
  10:58:54.078  1128.8     0.6      0.0   570.0
  10:58:54.109  1131.1     0.6      0.0   570.0
  10:58:54.156  1131.1     0.6      0.0   570.0
  10:58:54.203  1133.9     0.6      0.0   570.0
  10:58:54.250  1135.8     0.6      0.0   570.0
  10:58:54.281  1138.2     0.6      0.0   570.0
  10:58:54.328  1140.4     0.6      0.0   570.0
  10:58:54.375  1142.9     0.6      0.0   570.0
  10:58:54.421  1145.2     0.6      0.0   570.0
  10:58:54.468  1147.6     0.6      0.0   570.0
  10:58:54.515  1149.9     0.6      0.0   570.0
  10:58:54.546  1152.2     0.6      0.0   570.0
  10:58:54.593  1154.5     0.6      0.0   570.0
  10:58:54.640  1154.5     0.6      0.0   570.0
  10:58:54.687  1156.8     0.6      0.0   570.0
  10:58:54.718  1159.2     0.6      0.0   570.0
  10:58:54.781  1161.5     0.6      0.0   570.0
  10:58:54.812  1163.8     0.6      0.0   570.0
  10:58:54.859  1166.2     0.6      0.0   570.0
  10:58:54.890  1168.6     0.6      0.0   570.0
  10:58:54.937  1170.9     0.6      0.0   570.0
  10:58:54.984  1173.2     0.6      0.0   570.0
  10:58:55.031  1173.2     0.6      0.0   570.0
  10:58:55.062  1175.5     0.6      0.0   560.0
  10:58:55.109  1177.9     0.6      0.0   560.0
  10:58:55.156  1180.3     0.6      0.0   560.0
  10:58:55.203  1182.6     0.6      0.0   560.0
  10:58:55.234  1184.9     0.6      0.0   560.0
  10:58:55.281  1187.3     0.6      0.0   560.0
  10:58:55.328  1189.7     0.6      0.0   570.0
  10:58:55.359  1191.9     0.6      0.0   570.0
  10:58:55.406  1194.3     0.6      0.0   570.0
  10:58:55.453  1194.3     0.6      0.0   570.0
  10:58:55.500  1196.7     0.6      0.0   570.0
  10:58:55.546  1199.0     0.5      0.0   570.0
  10:58:55.578  1201.2     0.5      0.0   560.0
  10:58:55.625  1203.6     0.5      0.0   560.0
  10:58:55.671  1206.0     0.5      0.0   560.0
  10:58:55.718  1208.3     0.5      0.0   570.0
  10:58:55.750  1210.7     0.5      0.0   570.0
  10:58:55.796  1213.1     0.5      0.0   570.0
  10:58:55.843  1215.3     0.5      0.0   560.0
  10:58:55.890  1215.3     0.5      0.0   560.0
  10:58:55.921  1217.6     0.5      0.0   570.0
  10:58:55.984  1220.0     0.5      0.0   570.0
  10:58:56.000  1220.0     0.5      0.0   570.0
  10:58:56.046  1222.9     0.5      0.0   570.0
  10:58:56.093  1225.6     0.5      0.0   570.0
  10:58:56.125  1227.8     0.5      0.0   560.0
  10:58:56.171  1230.2     0.5      0.0   570.0
  10:58:56.218  1232.5     0.5      0.0   570.0
  10:58:56.265  1234.8     0.5      0.0   570.0
  10:58:56.296  1237.2     0.5      0.0   570.0
  10:58:56.343  1239.5     0.5      0.0   570.0
  10:58:56.390  1241.9     0.5      0.0   570.0
  10:58:56.437  1241.9     0.5      0.0   570.0
  10:58:56.468  1244.1     0.5      0.0   560.0
  10:58:56.515  1246.5     0.5      0.0   560.0
  10:58:56.562  1248.9     0.5      0.0   570.0
  10:58:56.609  1251.2     0.5      0.0   570.0
  10:58:56.656  1253.6     0.5      0.0   570.0
  10:58:56.687  1255.8     0.5      0.0   580.0
  10:58:56.734  1258.3     0.5      0.0   570.0
  10:58:56.796  1260.6     0.5      0.0   570.0
  10:58:56.828  1262.9     0.5      0.0   570.0
  10:58:56.859  1265.2     0.5      0.0   580.0
  10:58:56.906  1265.2     0.5      0.0   580.0
  10:58:56.953  1267.6     0.5      0.0   580.0
  10:58:57.000  1269.9     0.5      0.0   570.0
  10:58:57.031  1272.2     0.5      0.0   570.0
  10:58:57.078  1274.6     0.5      0.0   570.0
  10:58:57.109  1276.9     0.5      0.0   570.0
  10:58:57.171  1279.3     0.5      0.0   570.0
  10:58:57.203  1281.6     0.5      0.0   570.0
  10:58:57.250  1283.9     0.5      0.0   570.0
  10:58:57.296  1283.9     0.5      0.0   570.0
  10:58:57.343  1286.3     0.5      0.0   570.0
  10:58:57.375  1288.6     0.5      0.0   570.0
  10:58:57.421  1291.0     0.5      0.0   570.0
  10:58:57.468  1293.3     0.5      0.0   580.0
  10:58:57.500  1295.6     0.5      0.0   580.0
  10:58:57.546  1298.0     0.5      0.0   580.0
  10:58:57.593  1300.4     0.5      0.0   580.0
  10:58:57.640  1302.7     0.5      0.0   570.0
  10:58:57.687  1305.1     0.5      0.0   570.0
  10:58:57.718  1305.1     0.5      0.0   570.0
  10:58:57.765  1307.3     0.5      0.0   570.0
  10:58:57.812  1309.6     0.5      0.0   570.0
  10:58:57.859  1312.1     0.5      0.0   570.0
  10:58:57.890  1314.3     0.5      0.0   580.0
  10:58:57.937  1316.7     0.5      0.0   580.0
  10:58:57.984  1319.2     0.5      0.0   580.0
  10:58:58.031  1321.3     0.5      0.0   580.0
  10:58:58.062  1323.7     0.5      0.0   580.0
  10:58:58.109  1326.0     0.5      0.0   590.0
  10:58:58.156  1328.4     0.5      0.0   600.0
  10:58:58.218  1328.4     0.5      0.0   600.0
  10:58:58.250  1330.6     0.5      0.0   620.0
  10:58:58.281  1333.8     0.5      0.0   700.0
  10:58:58.328  1336.2     0.5      0.0   700.0
  10:58:58.375  1338.4     0.5      0.0   940.0
  10:58:59.718  1404.1     0.4      0.0  1040.0
  10:58:59.765  1406.4     0.4      0.0  1040.0
  10:58:59.984  1415.6     0.4      0.0  1080.0
  10:59:00.031  1418.0     0.4      0.0  1080.0
  10:59:05.125  1668.3     0.3      0.0  1100.0
  10:59:05.171  1670.7     0.3      0.0  1100.0
  10:59:34.546  1838.5   867.9     90.0  1100.0
  10:59:34.578  1838.5   870.6     90.0  1100.0
  10:59:34.656  1838.5   872.7     90.0   790.0
  10:59:34.703  1838.5   874.9     90.0   790.0
  10:59:34.734  1838.5   877.3     90.0   690.0
  10:59:34.781  1838.4   879.7     90.0   670.0
  10:59:34.812  1838.4   879.7     90.0   670.0
  10:59:34.859  1838.4   882.0     90.0   660.0
  10:59:34.890  1838.4   884.3     90.0   660.0
  10:59:34.937  1838.4   886.7     90.0   660.0
  10:59:34.984  1838.4   889.1     90.0   650.0
  10:59:35.031  1838.4   891.3     90.0   650.0
  10:59:35.078  1838.4   893.7     90.0   650.0
  10:59:35.109  1838.4   896.0     90.0   640.0
  10:59:35.156  1838.4   898.4     90.0   640.0
  10:59:35.203  1838.4   900.9     90.0   640.0
  10:59:35.234  1838.4   900.9     90.0   640.0
  10:59:35.281  1838.4   903.0     90.0   640.0
  10:59:35.328  1838.4   905.4     90.0   640.0
  10:59:35.375  1838.4   907.7     90.0   640.0
  10:59:35.421  1838.4   910.0     90.0   640.0
  10:59:35.453  1838.4   912.4     90.0   640.0
  10:59:35.500  1838.4   914.7     90.0   640.0
  10:59:35.546  1838.4   917.1     90.0   640.0
  10:59:35.593  1838.4   919.4     90.0   640.0
  10:59:35.640  1838.4   919.4     90.0   620.0
  10:59:35.671  1838.4   921.8     90.0   620.0
  10:59:35.718  1838.4   924.1     90.0   630.0
  10:59:35.765  1838.4   926.4     90.0   630.0
  10:59:35.828  1838.4   928.8     90.0   630.0
  10:59:35.843  1838.4   931.3     90.0   630.0
  10:59:35.890  1838.4   933.5     90.0   630.0
  10:59:35.937  1838.4   935.8     90.0   630.0
  10:59:35.984  1838.4   938.1     90.0   630.0
  10:59:36.015  1838.4   940.5     90.0   630.0
  10:59:36.062  1838.4   940.5     90.0   620.0
  10:59:36.109  1838.4   942.8     90.0   620.0
  10:59:36.140  1838.4   945.1     90.0   620.0
  10:59:36.187  1838.4   947.6     90.0   620.0
  10:59:36.234  1838.4   949.9     90.0   620.0
  10:59:36.281  1838.4   952.2     90.0   620.0
  10:59:36.312  1838.4   954.6     90.0   610.0
  10:59:36.359  1838.4   956.8     90.0   610.0
  10:59:36.406  1838.4   959.2     90.0   620.0
  10:59:36.453  1838.4   959.2     90.0   610.0
  10:59:36.484  1838.4   961.5     90.0   610.0
  10:59:36.531  1838.4   963.9     90.0   610.0
  10:59:36.578  1838.4   966.1     90.0   610.0
  10:59:36.625  1838.4   968.6     90.0   610.0
  10:59:36.671  1838.4   971.0     90.0   610.0
  10:59:36.703  1838.4   973.3     90.0   610.0
  10:59:36.750  1838.4   975.6     90.0   610.0
  10:59:36.796  1838.4   977.9     90.0   610.0
  10:59:36.828  1838.4   980.3     90.0   590.0
  10:59:36.875  1838.4   980.3     90.0   590.0
  10:59:36.921  1838.4   982.6     90.0   550.0
  10:59:36.968  1838.4   985.0     90.0   510.0
  10:59:37.000  1838.4   987.4     90.0   510.0
  10:59:37.046  1838.4   989.5     90.0   410.0
  10:59:37.093  1838.4   991.9     90.0   390.0
  10:59:37.140  1838.4   994.2     90.0   390.0
  10:59:37.187  1838.4   996.7     90.0   380.0
  10:59:37.234  1838.4   998.9     90.0   380.0
  10:59:37.265  1838.4  1001.3     90.0   380.0
  10:59:37.312  1838.4  1001.3     90.0   380.0
  10:59:37.359  1838.4  1003.6     90.0   380.0
  10:59:37.390  1838.4  1006.0     90.0   380.0
  10:59:37.437  1838.4  1008.3     90.0   380.0
  10:59:37.484  1838.4  1010.7     90.0   380.0
  10:59:37.531  1838.4  1013.0     90.0   380.0
  10:59:37.562  1838.4  1015.3     90.0   390.0
  10:59:37.609  1838.4  1017.6     90.0   390.0
  10:59:37.656  1838.4  1020.0     90.0   390.0
  10:59:37.703  1838.4  1022.4     90.0   390.0
  10:59:37.734  1838.4  1022.4     90.0   390.0
  10:59:37.781  1838.4  1024.6     90.0   390.0
  10:59:37.843  1838.4  1027.1     90.0   400.0
  10:59:37.875  1838.4  1030.1     90.0   390.0
  10:59:37.906  1838.4  1032.5     90.0   400.0
  10:59:37.953  1838.4  1034.8     90.0   400.0
  10:59:38.000  1838.4  1037.1     90.0   400.0
  10:59:38.046  1838.4  1037.1     90.0   400.0
  10:59:38.093  1838.4  1039.5     90.0   400.0
  10:59:38.125  1838.4  1041.8     90.0   400.0
  10:59:38.171  1838.4  1044.2     90.0   400.0
  10:59:38.218  1838.4  1046.5     90.0   410.0
  10:59:38.265  1838.4  1048.9     90.0   410.0
  10:59:38.296  1838.4  1051.2     90.0   410.0
  10:59:38.343  1838.4  1053.5     90.0   410.0
  10:59:38.390  1838.4  1056.0     90.0   410.0
  10:59:38.437  1838.4  1058.2     90.0   410.0
  10:59:38.484  1838.4  1060.5     90.0   410.0
  10:59:38.515  1838.4  1060.5     90.0   410.0
  10:59:38.562  1838.4  1062.9     90.0   410.0
  10:59:38.609  1838.4  1065.2     90.0   420.0
  10:59:38.656  1838.4  1067.6     90.0   420.0
  10:59:38.703  1838.4  1069.9     90.0   420.0
  10:59:38.734  1838.4  1072.3     90.0   420.0
  10:59:38.781  1838.4  1074.6     90.0   420.0
  10:59:38.828  1838.4  1076.9     90.0   420.0
  10:59:38.875  1838.4  1079.3     90.0   420.0
  10:59:38.906  1838.4  1081.7     90.0   420.0
  10:59:38.953  1838.4  1081.7     90.0   430.0
  10:59:39.000  1838.4  1084.0     90.0   430.0
  10:59:39.031  1838.4  1086.4     90.0   430.0
  10:59:39.078  1838.4  1088.6     90.0   430.0
  10:59:39.125  1838.4  1091.0     90.0   430.0
  10:59:39.171  1838.4  1093.3     90.0   430.0
  10:59:39.203  1838.4  1095.6     90.0   430.0
  10:59:39.250  1838.4  1097.9     90.0   430.0
  10:59:39.296  1838.4  1100.3     90.0   430.0
  10:59:39.343  1838.4  1102.7     90.0   440.0
  10:59:39.375  1838.4  1102.7     90.0   430.0
  10:59:39.421  1838.4  1105.0     90.0   430.0
  10:59:39.468  1838.4  1107.3     90.0   440.0
  10:59:39.515  1838.4  1109.6     90.0   440.0
  10:59:39.562  1838.4  1112.1     90.0   440.0
  10:59:39.593  1838.4  1114.3     90.0   440.0
  10:59:39.640  1838.4  1116.7     90.0   450.0
  10:59:39.671  1838.4  1116.7     90.0   440.0
  10:59:39.703  1838.4  1119.0     90.0   450.0
  10:59:39.734  1838.4  1121.3     90.0   440.0
  10:59:39.781  1838.4  1123.7     90.0   440.0
  10:59:39.828  1838.4  1126.0     90.0   450.0
  10:59:39.875  1838.4  1128.4     90.0   450.0
  10:59:39.906  1838.4  1128.4     90.0   450.0
  10:59:39.953  1838.4  1130.8     90.0   450.0
  10:59:39.984  1838.4  1133.1     90.0   450.0
  10:59:40.031  1838.4  1135.4     90.0   450.0
  10:59:40.078  1838.4  1137.7     90.0   450.0
  10:59:40.125  1838.4  1137.7     90.0   460.0
  10:59:40.171  1838.4  1140.8     90.0   460.0
  10:59:40.203  1838.4  1143.2     90.0   460.0
  10:59:40.250  1838.4  1145.6     90.0   460.0
  10:59:40.296  1838.4  1147.9     90.0   460.0
  10:59:40.328  1838.4  1150.3     90.0   460.0
  10:59:40.375  1838.4  1152.6     90.0   460.0
  10:59:40.421  1838.4  1154.8     90.0   460.0
  10:59:40.468  1838.4  1157.2     90.0   460.0
  10:59:40.500  1838.4  1157.2     90.0   460.0
  10:59:40.546  1838.4  1159.5     90.0   460.0
  10:59:40.593  1838.4  1161.9     90.0   470.0
  10:59:40.625  1838.4  1164.3     90.0   470.0
  10:59:40.687  1838.4  1166.6     90.0   460.0
  10:59:40.718  1838.4  1169.0     90.0   470.0
  10:59:40.765  1838.4  1171.3     90.0   470.0
  10:59:40.812  1838.4  1173.6     90.0   470.0
  10:59:40.859  1838.4  1176.0     90.0   480.0
  10:59:40.890  1838.4  1178.4     90.0   480.0
  10:59:40.937  1838.4  1180.7     90.0   480.0
  10:59:40.984  1838.4  1180.7     90.0   480.0
  10:59:41.031  1838.4  1183.0     90.0   480.0
  10:59:41.062  1838.4  1185.3     90.0   480.0
  10:59:41.109  1838.4  1187.7     90.0   490.0
  10:59:41.156  1838.4  1189.9     90.0   490.0
  10:59:41.203  1838.4  1192.3     90.0   490.0
  10:59:41.234  1838.3  1194.7     90.0   490.0
  10:59:41.281  1838.3  1196.9     90.0   480.0
  10:59:41.328  1838.3  1199.3     90.0   480.0
  10:59:41.359  1838.3  1201.7     90.0   490.0
  10:59:41.406  1838.3  1201.7     90.0   490.0
  10:59:41.453  1838.3  1204.0     90.0   490.0
  10:59:41.500  1838.3  1206.3     90.0   490.0
  10:59:41.546  1838.3  1208.7     90.0   490.0
  10:59:41.578  1838.3  1211.2     90.0   490.0
  10:59:41.625  1838.3  1213.4     90.0   500.0
  10:59:41.671  1838.3  1215.7     90.0   490.0
  10:59:41.718  1838.3  1218.0     90.0   490.0
  10:59:41.750  1838.3  1220.3     90.0   490.0
  10:59:41.796  1838.3  1222.8     90.0   500.0
  10:59:41.843  1838.3  1222.8     90.0   500.0
  10:59:41.906  1838.3  1225.0     90.0   500.0
  10:59:41.937  1838.3  1227.5     90.0   500.0
  10:59:41.968  1838.3  1229.8     90.0   500.0
  10:59:42.015  1838.3  1232.1     90.0   500.0
  10:59:42.062  1838.3  1234.5     90.0   490.0
  10:59:42.109  1838.3  1236.8     90.0   490.0
  10:59:42.140  1838.3  1239.1     90.0   490.0
  10:59:42.187  1838.3  1241.5     90.0   490.0
  10:59:42.234  1838.3  1243.7     90.0   490.0
  10:59:42.281  1838.3  1246.1     90.0   490.0
  10:59:42.312  1838.3  1246.1     90.0   490.0
  10:59:42.359  1838.3  1248.5     90.0   490.0
  10:59:42.406  1838.3  1250.9     90.0   490.0
  10:59:42.453  1838.3  1253.2     90.0   490.0
  10:59:42.484  1838.3  1255.6     90.0   490.0
  10:59:42.531  1838.3  1257.9     90.0   490.0
  10:59:42.578  1838.3  1260.2     90.0   490.0
  10:59:42.625  1838.3  1262.5     90.0   480.0
  10:59:42.671  1838.3  1264.9     90.0   490.0
  10:59:42.703  1838.3  1264.9     90.0   480.0
  10:59:42.750  1838.3  1267.4     90.0   480.0
  10:59:42.796  1838.3  1269.6     90.0   480.0
  10:59:42.843  1838.3  1271.9     90.0   480.0
  10:59:42.875  1838.3  1274.2     90.0   480.0
  10:59:42.921  1838.3  1276.5     90.0   480.0
  10:59:42.968  1838.3  1278.9     90.0   480.0
  10:59:43.000  1838.3  1281.2     90.0   470.0
  10:59:43.046  1838.3  1283.6     90.0   480.0
  10:59:43.093  1838.3  1283.6     90.0   480.0
  10:59:43.140  1838.3  1285.9     90.0   480.0
  10:59:43.171  1838.3  1288.2     90.0   480.0
  10:59:43.218  1838.3  1290.5     90.0   480.0
  10:59:43.265  1838.3  1292.9     90.0   480.0
  10:59:43.296  1838.3  1295.3     90.0   480.0
  10:59:43.343  1838.3  1297.6     90.0   480.0
  10:59:43.390  1838.3  1300.0     90.0   480.0
  10:59:43.437  1838.3  1302.2     90.0   490.0
  10:59:43.484  1838.3  1304.6     90.0   500.0
  10:59:43.531  1838.3  1307.0     90.0   500.0
  10:59:43.562  1838.3  1307.0     90.0   500.0
  10:59:43.609  1838.3  1309.4     90.0   500.0
  10:59:43.656  1838.3  1311.7     90.0   500.0
  10:59:43.703  1838.3  1314.0     90.0   510.0
  10:59:43.734  1838.3  1316.3     90.0   510.0
  10:59:43.781  1838.3  1318.6     90.0   510.0
  10:59:43.828  1838.3  1321.0     90.0   520.0
  10:59:43.875  1838.3  1323.3     90.0   530.0
  10:59:43.906  1838.3  1325.6     90.0   530.0
  10:59:43.953  1838.3  1325.6     90.0   530.0
  10:59:44.000  1838.3  1328.2     90.0   540.0
  10:59:44.031  1838.3  1330.4     90.0   530.0
  10:59:44.078  1838.3  1332.8     90.0   540.0
  10:59:44.125  1838.3  1335.0     90.0   550.0
  10:59:44.171  1838.3  1337.4     90.0   550.0
  10:59:44.203  1838.3  1339.7     90.0   550.0
  10:59:44.250  1838.3  1342.0     90.0   570.0
  10:59:44.296  1838.3  1344.3     90.0   560.0
  10:59:44.328  1838.3  1344.3     90.0   560.0
  10:59:44.375  1838.3  1346.6     90.0   570.0
  10:59:44.406  1838.3  1349.1     90.0   570.0
  10:59:44.453  1838.3  1351.5     90.0   570.0
  10:59:44.484  1838.3  1353.8     90.0   580.0
  10:59:44.531  1838.3  1356.1     90.0   580.0
  10:59:44.578  1838.3  1358.4     90.0   600.0
  10:59:44.609  1838.3  1358.4     90.0   580.0
  10:59:44.656  1838.3  1360.9     90.0   580.0
  10:59:44.703  1838.3  1363.2     90.0   580.0
  10:59:44.750  1838.3  1365.4     90.0   590.0
  10:59:44.781  1838.3  1367.8     90.0   590.0
  10:59:44.828  1838.3  1370.2     90.0   590.0
  10:59:44.875  1838.3  1372.4     90.0   600.0
  10:59:44.921  1838.3  1374.8     90.0   600.0
  10:59:44.968  1838.3  1377.1     90.0   630.0
  10:59:44.984  1838.3  1377.1     90.0   600.0
  10:59:45.015  1838.3  1379.5     90.0   600.0
  10:59:45.062  1838.3  1381.9     90.0   610.0
  10:59:45.093  1838.3  1381.9     90.0   620.0
  10:59:45.140  1838.3  1384.2     90.0   620.0
  10:59:45.187  1838.3  1386.5     90.0   620.0
  10:59:45.218  1838.3  1388.8     90.0   630.0
  10:59:45.265  1838.3  1391.2     90.0   630.0
  10:59:45.312  1838.3  1393.4     90.0   680.0
  10:59:45.359  1838.3  1395.9     90.0   700.0
  10:59:45.390  1838.3  1395.9     90.0   700.0
  10:59:45.437  1838.3  1398.1     90.0   720.0
  10:59:45.484  1838.3  1400.6     90.0   730.0
  10:59:45.515  1838.3  1403.0     90.0   730.0
  10:59:45.562  1838.3  1405.2     90.0   840.0
  11:00:17.578  1085.7  1838.5   -180.0  1050.0
  11:00:17.625  1083.4  1838.5   -180.0  1000.0
  11:00:17.671  1081.2  1838.5   -180.0  1000.0
  11:00:17.718  1078.8  1838.5   -180.0   670.0
  11:00:17.765  1076.4  1838.5   -180.0   650.0
  11:00:17.796  1076.4  1838.5   -180.0   650.0
  11:00:17.843  1074.1  1838.5   -180.0   640.0
  11:00:17.890  1071.8  1838.5   -180.0   640.0
  11:00:17.937  1069.5  1838.5   -180.0   640.0
  11:00:17.984  1067.0  1838.5   -180.0   630.0
  11:00:18.015  1064.8  1838.5   -180.0   630.0
  11:00:18.062  1062.4  1838.5   -180.0   630.0
  11:00:18.093  1060.1  1838.5   -180.0   610.0
  11:00:18.140  1057.7  1838.5   -180.0   610.0
  11:00:18.187  1057.7  1838.5   -180.0   620.0
  11:00:18.234  1055.4  1838.5   -180.0   630.0
  11:00:18.281  1053.0  1838.5   -180.0   630.0
  11:00:18.312  1050.6  1838.5   -180.0   630.0
  11:00:18.343  1048.4  1838.5   -180.0   610.0
  11:00:18.390  1046.1  1838.5   -180.0   590.0
  11:00:18.437  1043.7  1838.5   -180.0   600.0
  11:00:18.484  1041.3  1838.5   -180.0   590.0
  11:00:18.515  1041.3  1838.5   -180.0   590.0
  11:00:18.562  1039.0  1838.5   -180.0   590.0
  11:00:18.609  1036.6  1838.5   -180.0   590.0
  11:00:18.656  1034.2  1838.5   -180.0   580.0
  11:00:18.687  1031.7  1838.5   -180.0   590.0
  11:00:18.734  1028.9  1838.5   -180.0   580.0
  11:00:18.781  1028.9  1838.5   -180.0   580.0
  11:00:18.812  1026.5  1838.5   -180.0   580.0
  11:00:18.859  1024.0  1838.5   -180.0   580.0
  11:00:18.906  1021.9  1838.5   -180.0   580.0
  11:00:18.953  1019.6  1838.5   -180.0   580.0
  11:00:19.000  1017.1  1838.5   -180.0   580.0
  11:00:19.046  1014.7  1838.5   -180.0   570.0
  11:00:19.078  1012.5  1838.5   -180.0   570.0
  11:00:19.125  1010.2  1838.5   -180.0   560.0
  11:00:19.171  1007.8  1838.5   -180.0   550.0
  11:00:19.218  1005.5  1838.5   -180.0   560.0
  11:00:19.265  1003.1  1838.5   -180.0   550.0
  11:00:19.296  1003.1  1838.5   -180.0   550.0
  11:00:19.343  1000.8  1838.5   -180.0   550.0
  11:00:19.375   998.5  1838.5   -180.0   550.0
  11:00:19.421   996.0  1838.5   -180.0   550.0
  11:00:19.468   993.7  1838.5   -180.0   550.0
  11:00:19.515   991.4  1838.5   -180.0   540.0
  11:00:19.562   989.1  1838.5   -180.0   540.0
  11:00:19.593   986.8  1838.5   -180.0   540.0
  11:00:19.640   986.8  1838.5   -180.0   530.0
  11:00:19.687   984.5  1838.5   -180.0   530.0
  11:00:19.718   981.7  1838.5   -180.0   530.0
  11:00:19.765   979.8  1838.5   -180.0   500.0
  11:00:19.812   977.4  1838.5   -180.0   490.0
  11:00:19.859   975.1  1838.5   -180.0   490.0
  11:00:19.890   975.1  1838.5   -180.0   440.0
  11:00:19.937   972.0  1838.5   -180.0   430.0
  11:00:19.984   969.6  1838.5   -180.0   430.0
  11:00:20.031   967.3  1838.5   -180.0   410.0
  11:00:20.078   964.9  1838.5   -180.0   410.0
  11:00:20.109   961.9  1838.5   -180.0   410.0
  11:00:20.156   959.5  1838.5   -180.0   400.0
  11:00:20.203   959.5  1838.5   -180.0   400.0
  11:00:20.234   957.1  1838.5   -180.0   400.0
  11:00:20.281   954.8  1838.5   -180.0   400.0
  11:00:20.328   952.5  1838.5   -180.0   400.0
  11:00:20.375   950.2  1838.5   -180.0   400.0
  11:00:20.406   947.8  1838.5   -180.0   390.0
  11:00:20.453   945.4  1838.5   -180.0   390.0
  11:00:20.500   942.8  1838.5   -180.0   390.0
  11:00:20.546   940.7  1838.5   -180.0   390.0
  11:00:20.578   940.7  1838.5   -180.0   390.0
  11:00:20.625   938.4  1838.5   -180.0   390.0
  11:00:20.671   933.7  1838.5   -180.0   390.0
  11:00:20.718   933.7  1838.5   -180.0   390.0
  11:00:20.750   931.3  1838.5   -180.0   390.0
  11:00:20.796   929.0  1838.5   -180.0   390.0
  11:00:20.843   926.8  1838.5   -180.0   390.0
  11:00:20.890   924.3  1838.5   -180.0   390.0
  11:00:20.937   922.0  1838.5   -180.0   390.0
  11:00:20.984   919.7  1838.5   -180.0   390.0
  11:00:21.015   917.3  1838.5   -180.0   390.0
  11:00:21.062   915.0  1838.5   -180.0   380.0
  11:00:21.109   915.0  1838.5   -180.0   380.0
  11:00:21.156   912.7  1838.5   -180.0   380.0
  11:00:21.187   910.3  1838.5   -180.0   380.0
  11:00:21.234   908.0  1838.5   -180.0   380.0
  11:00:21.296   905.6  1838.5   -180.0   380.0
  11:00:21.328   902.6  1838.4   -180.0   370.0
  11:00:21.359   902.6  1838.4   -180.0   370.0
  11:00:21.406   900.2  1838.4   -180.0   370.0
  11:00:21.453   897.8  1838.4   -180.0   370.0
  11:00:21.500   895.6  1838.4   -180.0   370.0
  11:00:21.531   893.2  1838.4   -180.0   370.0
  11:00:21.578   890.9  1838.4   -180.0   370.0
  11:00:21.625   888.5  1838.4   -180.0   370.0
  11:00:21.671   886.1  1838.4   -180.0   370.0
  11:00:21.718   883.8  1838.4   -180.0   370.0
  11:00:21.750   883.8  1838.4   -180.0   370.0
  11:00:21.796   881.5  1838.4   -180.0   370.0
  11:00:21.828   879.1  1838.4   -180.0   370.0
  11:00:21.875   876.9  1838.4   -180.0   370.0
  11:00:21.937   874.4  1838.4   -180.0   370.0
  11:00:21.968   872.1  1838.4   -180.0   360.0
  11:00:22.015   869.8  1838.4   -180.0   360.0
  11:00:22.046   867.5  1838.4   -180.0   360.0
  11:00:22.093   865.0  1838.4   -180.0   360.0
  11:00:22.140   862.8  1838.4   -180.0   360.0
  11:00:22.187   862.8  1838.4   -180.0   360.0
  11:00:22.234   860.5  1838.4   -180.0   360.0
  11:00:22.265   858.1  1838.4   -180.0   360.0
  11:00:22.312   855.7  1838.4   -180.0   360.0
  11:00:22.359   853.4  1838.4   -180.0   360.0
  11:00:22.406   851.1  1838.4   -180.0   350.0
  11:00:22.437   848.7  1838.4   -180.0   350.0
  11:00:22.484   846.4  1838.4   -180.0   350.0
  11:00:22.531   844.2  1838.4   -180.0   350.0
  11:00:22.578   841.7  1838.4   -180.0   350.0
  11:00:22.609   839.4  1838.4   -180.0   350.0
  11:00:22.656   839.4  1838.4   -180.0   350.0
  11:00:22.703   837.0  1838.4   -180.0   350.0
  11:00:22.750   834.7  1838.4   -180.0   350.0
  11:00:22.781   832.4  1838.4   -180.0   350.0
  11:00:22.828   830.0  1838.4   -180.0   350.0
  11:00:22.875   827.7  1838.4   -180.0   340.0
  11:00:22.906   825.3  1838.4   -180.0   340.0
  11:00:22.953   823.0  1838.4   -180.0   340.0
  11:00:23.000   823.0  1838.4   -180.0   340.0
  11:00:23.031   820.7  1838.4   -180.0   340.0
  11:00:23.078   818.3  1838.4   -180.0   340.0
  11:00:23.125   816.0  1838.4   -180.0   340.0
  11:00:23.171   813.7  1838.4   -180.0   340.0
  11:00:23.218   811.3  1838.4   -180.0   340.0
  11:00:23.250   809.0  1838.4   -180.0   340.0
  11:00:23.296   806.6  1838.4   -180.0   340.0
  11:00:23.343   806.6  1838.4   -180.0   340.0
  11:00:23.375   803.9  1838.4   -180.0   330.0
  11:00:23.406   801.2  1838.4   -180.0   330.0
  11:00:23.453   798.8  1838.4   -180.0   330.0
  11:00:23.500   796.6  1838.4   -180.0   330.0
  11:00:23.546   794.1  1838.4   -180.0   330.0
  11:00:23.578   794.1  1838.4   -180.0   330.0
  11:00:23.625   791.8  1838.4   -180.0   330.0
  11:00:23.671   789.5  1838.4   -180.0   330.0
  11:00:23.718   787.2  1838.4   -180.0   330.0
  11:00:23.750   784.8  1838.4   -180.0   320.0
  11:00:23.796   782.5  1838.4   -180.0   320.0
  11:00:23.843   780.2  1838.4   -180.0   320.0
  11:00:23.890   777.8  1838.4   -180.0   320.0
  11:00:23.937   775.5  1838.4   -180.0   320.0
  11:00:23.968   773.1  1838.4   -180.0   320.0
  11:00:24.015   773.1  1838.4   -180.0   320.0
  11:00:24.062   770.8  1838.4   -180.0   320.0
  11:00:24.109   768.5  1838.4   -180.0   320.0
  11:00:24.140   766.1  1838.4   -180.0   310.0
  11:00:24.187   763.8  1838.4   -180.0   310.0
  11:00:24.234   761.4  1838.4   -180.0   310.0
  11:00:24.281   759.0  1838.4   -180.0   310.0
  11:00:24.328   756.8  1838.4   -180.0   310.0
  11:00:24.359   754.4  1838.4   -180.0   310.0
  11:00:24.406   752.1  1838.4   -180.0   310.0
  11:00:24.453   752.1  1838.4   -180.0   300.0
  11:00:24.484   749.7  1838.4   -180.0   300.0
  11:00:24.562   745.0  1838.4   -180.0   300.0
  11:00:24.578   745.0  1838.4   -180.0   300.0
  11:00:24.625   741.9  1838.4   -180.0   310.0
  11:00:24.671   739.6  1838.4   -180.0   310.0
  11:00:24.703   739.6  1838.4   -180.0   310.0
  11:00:24.750   737.3  1838.4   -180.0   310.0
  11:00:24.796   734.8  1838.4   -180.0   310.0
  11:00:24.828   732.5  1838.4   -180.0   310.0
  11:00:24.875   730.3  1838.4   -180.0   320.0
  11:00:24.921   727.9  1838.4   -180.0   320.0
  11:00:24.968   725.5  1838.4   -180.0   320.0
  11:00:25.015   723.3  1838.4   -180.0   330.0
  11:00:25.046   720.9  1838.4   -180.0   330.0
  11:00:25.078   720.9  1838.4   -180.0   330.0
  11:00:25.125   718.5  1838.3   -180.0   330.0
  11:00:25.171   716.1  1838.3   -180.0   340.0
  11:00:25.203   713.8  1838.3   -180.0   340.0
  11:00:25.250   711.5  1838.3   -180.0   350.0
  11:00:25.296   709.1  1838.3   -180.0   360.0
  11:00:25.343   706.8  1838.3   -180.0   360.0
  11:00:25.375   704.4  1838.3   -180.0   360.0
  11:00:25.421   702.2  1838.3   -180.0   370.0
  11:00:25.468   702.2  1838.3   -180.0   370.0
  11:00:25.515   699.8  1838.3   -180.0   370.0
  11:00:25.546   697.5  1838.3   -180.0   380.0
  11:00:25.609   695.2  1838.3   -180.0   380.0
  11:00:25.640   692.8  1838.3   -180.0   380.0
  11:00:25.687   690.5  1838.3   -180.0   390.0
  11:00:25.718   688.1  1838.3   -180.0   390.0
  11:00:25.765   685.7  1838.3   -180.0   390.0
  11:00:25.812   683.4  1838.3   -180.0   400.0
  11:00:25.859   681.2  1838.3   -180.0   400.0
  11:00:25.906   681.2  1838.3   -180.0   410.0
  11:00:25.937   678.8  1838.3   -180.0   410.0
  11:00:25.984   676.5  1838.3   -180.0   410.0
  11:00:26.031   674.1  1838.3   -180.0   410.0
  11:00:26.078   671.7  1838.3   -180.0   410.0
  11:00:26.125   669.4  1838.3   -180.0   410.0
  11:00:26.156   667.0  1838.3   -180.0   430.0
  11:00:26.203   664.7  1838.3   -180.0   430.0
  11:00:26.234   664.7  1838.3   -180.0   430.0
  11:00:26.281   662.4  1838.3   -180.0   430.0
  11:00:26.328   660.1  1838.3   -180.0   440.0
  11:00:26.359   657.7  1838.3   -180.0   440.0
  11:00:26.406   655.4  1838.3   -180.0   450.0
  11:00:26.453   653.0  1838.3   -180.0   450.0
  11:00:26.500   650.6  1838.3   -180.0   450.0
  11:00:26.531   648.4  1838.3   -180.0   460.0
  11:00:26.593   646.0  1838.3   -180.0   460.0
  11:00:26.625   643.7  1838.3   -180.0   460.0
  11:00:26.671   643.7  1838.3   -180.0   470.0
  11:00:26.703   641.2  1838.3   -180.0   470.0
  11:00:26.750   639.0  1838.3   -180.0   470.0
  11:00:26.796   636.6  1838.3   -180.0   480.0
  11:00:26.828   634.2  1838.3   -180.0   470.0
  11:00:26.890   631.9  1838.3   -180.0   470.0
  11:00:26.921   629.6  1838.3   -180.0   480.0
  11:00:26.968   627.2  1838.3   -180.0   490.0
  11:00:27.015   624.9  1838.3   -180.0   490.0
  11:00:27.062   622.7  1838.3   -180.0   500.0
  11:00:27.093   622.7  1838.3   -180.0   510.0
  11:00:27.140   620.2  1838.3   -180.0   510.0
  11:00:27.187   617.8  1838.3   -180.0   510.0
  11:00:27.234   615.6  1838.3   -180.0   510.0
  11:00:27.265   613.2  1838.3   -180.0   510.0
  11:00:27.312   611.0  1838.3   -180.0   520.0
  11:00:27.359   608.4  1838.3   -180.0   520.0
  11:00:27.406   606.2  1838.3   -180.0   520.0
  11:00:27.437   603.9  1838.3   -180.0   540.0
  11:00:27.484   601.6  1838.3   -180.0   530.0
  11:00:27.531   601.6  1838.3   -180.0   530.0
  11:00:27.562   599.1  1838.3   -180.0   540.0
  11:00:27.609   597.0  1838.3   -180.0   540.0
  11:00:27.656   594.4  1838.3   -180.0   540.0
  11:00:27.703   592.3  1838.3   -180.0   550.0
  11:00:27.750   589.9  1838.3   -180.0   560.0
  11:00:27.781   587.5  1838.3   -180.0   560.0
  11:00:27.828   584.9  1838.3   -180.0   560.0
  11:00:27.875   582.9  1838.3   -180.0   570.0
  11:00:27.921   580.6  1838.3   -180.0   570.0
  11:00:27.968   578.2  1838.3   -180.0   580.0
  11:00:28.015   578.2  1838.3   -180.0   570.0
  11:00:28.046   575.2  1838.3   -180.0   570.0
  11:00:28.093   572.8  1838.3   -180.0   590.0
  11:00:28.140   570.4  1838.3   -180.0   590.0
  11:00:28.171   568.1  1838.3   -180.0   590.0
  11:00:28.218   565.7  1838.3   -180.0   600.0
  11:00:28.265   565.7  1838.3   -180.0   590.0
  11:00:28.312   563.2  1838.3   -180.0   590.0
  11:00:28.343   561.1  1838.3   -180.0   600.0
  11:00:28.390   558.7  1838.3   -180.0   590.0
  11:00:28.437   556.4  1838.3   -180.0   590.0
  11:00:28.484   554.0  1838.3   -180.0   640.0
  11:00:28.515   551.7  1838.3   -180.0   630.0
  11:00:28.562   549.3  1838.3   -180.0   630.0
  11:00:28.609   549.3  1838.3   -180.0   630.0
  11:00:28.656   547.0  1838.3   -180.0   630.0
  11:00:28.687   543.9  1838.3   -180.0   630.0
  11:00:28.734   541.5  1838.3   -180.0   650.0
  11:00:28.781   539.1  1838.3   -180.0   670.0
  11:00:28.828   536.9  1838.3   -180.0   670.0
  11:00:28.875   534.4  1838.3   -180.0   760.0
  11:00:28.906   532.1  1838.3   -180.0   780.0
  11:00:28.953   529.7  1838.2   -180.0   780.0
  11:00:29.000   529.7  1838.2   -180.0   910.0
  11:01:00.515    -0.1  1165.9    -90.0   870.0
  11:01:00.546    -0.1  1165.9    -90.0   870.0
  11:01:00.578    -0.1  1163.6    -90.0   870.0
  11:01:00.625    -0.1  1161.3    -90.0   630.0
  11:01:00.671    -0.1  1158.9    -90.0   580.0
  11:01:00.703    -0.1  1156.4    -90.0   580.0
  11:01:00.750    -0.1  1154.1    -90.0   570.0
  11:01:00.796    -0.1  1151.9    -90.0   570.0
  11:01:00.843    -0.1  1151.9    -90.0   570.0
  11:01:00.890    -0.1  1149.6    -90.0   570.0
  11:01:00.921    -0.1  1147.2    -90.0   560.0
  11:01:00.968    -0.1  1144.8    -90.0   570.0
  11:01:01.015    -0.1  1142.5    -90.0   570.0
  11:01:01.062    -0.1  1140.0    -90.0   560.0
  11:01:01.125     0.0  1137.8    -90.0   570.0
  11:01:01.140     0.0  1135.1    -90.0   560.0
  11:01:01.187     0.0  1133.1    -90.0   550.0
  11:01:01.234     0.0  1130.7    -90.0   560.0
  11:01:01.281     0.0  1128.5    -90.0   560.0
  11:01:01.312     0.0  1128.5    -90.0   560.0
  11:01:01.359     0.0  1125.8    -90.0   560.0
  11:01:01.406     0.0  1123.1    -90.0   560.0
  11:01:01.437     0.0  1120.7    -90.0   560.0
  11:01:01.484     0.0  1118.3    -90.0   560.0
  11:01:01.531     0.0  1116.0    -90.0   560.0
  11:01:01.578     0.0  1116.0    -90.0   560.0
  11:01:01.625     0.0  1113.5    -90.0   560.0
  11:01:01.656     0.0  1111.3    -90.0   560.0
  11:01:01.703     0.0  1109.0    -90.0   550.0
  11:01:01.750     0.0  1106.6    -90.0   550.0
  11:01:01.796     0.0  1104.3    -90.0   550.0
  11:01:01.828     0.0  1101.9    -90.0   550.0
  11:01:01.875     0.0  1099.5    -90.0   550.0
  11:01:01.921     0.0  1097.2    -90.0   550.0
  11:01:01.968     0.0  1095.0    -90.0   550.0
  11:01:02.000     0.0  1095.0    -90.0   550.0
  11:01:02.046     0.0  1092.6    -90.0   540.0
  11:01:02.093     0.0  1090.2    -90.0   530.0
  11:01:02.140     0.0  1087.9    -90.0   530.0
  11:01:02.187     0.0  1084.9    -90.0   540.0
  11:01:02.218     0.0  1082.4    -90.0   540.0
  11:01:02.265     0.0  1080.2    -90.0   540.0
  11:01:02.312     0.0  1077.8    -90.0   540.0
  11:01:02.359     0.0  1077.8    -90.0   540.0
  11:01:02.390     0.0  1075.3    -90.0   540.0
  11:01:02.437     0.0  1073.0    -90.0   540.0
  11:01:02.484     0.0  1070.7    -90.0   530.0
  11:01:02.531     0.0  1068.5    -90.0   530.0
  11:01:02.562     0.0  1066.1    -90.0   530.0
  11:01:02.609     0.0  1063.8    -90.0   530.0
  11:01:02.656     0.0  1061.4    -90.0   530.0
  11:01:02.687     0.0  1059.1    -90.0   530.0
  11:01:02.734     0.0  1059.1    -90.0   530.0
  11:01:02.781     0.0  1056.7    -90.0   530.0
  11:01:02.828     0.0  1054.4    -90.0   530.0
  11:01:02.875     0.0  1052.1    -90.0   520.0
  11:01:02.906     0.0  1049.8    -90.0   520.0
  11:01:02.953     0.0  1047.3    -90.0   520.0
  11:01:03.000     0.0  1045.1    -90.0   520.0
  11:01:03.046     0.0  1042.8    -90.0   520.0
  11:01:03.078     0.0  1040.3    -90.0   520.0
  11:01:03.140     0.0  1040.3    -90.0   520.0
  11:01:03.171     0.0  1038.0    -90.0   520.0
  11:01:03.218     0.0  1035.7    -90.0   520.0
  11:01:03.250     0.0  1033.4    -90.0   520.0
  11:01:03.296     0.0  1030.9    -90.0   520.0
  11:01:03.328     0.0  1028.7    -90.0   520.0
  11:01:03.375     0.0  1026.3    -90.0   510.0
  11:01:03.421     0.0  1024.0    -90.0   520.0
  11:01:03.453     0.0  1024.0    -90.0   510.0
  11:01:03.484     0.0  1021.6    -90.0   510.0
  11:01:03.531     0.0  1019.3    -90.0   510.0
  11:01:03.578     0.0  1017.0    -90.0   510.0
  11:01:03.625     0.0  1014.6    -90.0   510.0
  11:01:03.671     0.0  1012.1    -90.0   510.0
  11:01:03.703     0.0  1009.9    -90.0   510.0
  11:01:03.750     0.0  1007.6    -90.0   510.0
  11:01:03.796     0.0  1007.6    -90.0   510.0
  11:01:03.843     0.1  1005.2    -90.0   500.0
  11:01:03.859     0.1  1002.9    -90.0   500.0
  11:01:03.906     0.1  1000.6    -90.0   500.0
  11:01:03.953     0.1   998.2    -90.0   500.0
  11:01:03.984     0.1   995.9    -90.0   500.0
  11:01:04.031     0.1   995.9    -90.0   500.0
  11:01:04.062     0.1   993.6    -90.0   500.0
  11:01:04.109     0.1   991.2    -90.0   500.0
  11:01:04.156     0.1   988.9    -90.0   500.0
  11:01:04.203     0.1   986.5    -90.0   500.0
  11:01:04.234     0.1   984.2    -90.0   500.0
  11:01:04.281     0.1   981.9    -90.0   500.0
  11:01:04.328     0.1   979.5    -90.0   500.0
  11:01:04.375     0.1   979.5    -90.0   490.0
  11:01:04.406     0.1   977.2    -90.0   490.0
  11:01:04.453     0.1   974.8    -90.0   490.0
  11:01:04.500     0.1   972.6    -90.0   490.0
  11:01:04.531     0.1   970.3    -90.0   490.0
  11:01:04.578     0.1   967.9    -90.0   490.0
  11:01:04.625     0.1   965.5    -90.0   490.0
  11:01:04.671     0.1   963.2    -90.0   490.0
  11:01:04.703     0.1   960.8    -90.0   480.0
  11:01:04.750     0.1   960.8    -90.0   480.0
  11:01:04.796     0.1   958.4    -90.0   490.0
  11:01:04.843     0.1   956.1    -90.0   480.0
  11:01:04.875     0.1   953.9    -90.0   480.0
  11:01:04.921     0.1   951.5    -90.0   480.0
  11:01:04.953     0.1   949.1    -90.0   480.0
  11:01:05.000     0.1   946.9    -90.0   480.0
  11:01:05.046     0.1   946.9    -90.0   480.0
  11:01:05.093     0.1   942.1    -90.0   480.0
  11:01:05.140     0.1   942.1    -90.0   480.0
  11:01:05.187     0.1   939.7    -90.0   480.0
  11:01:05.203     0.1   936.9    -90.0   480.0
  11:01:05.250     0.1   934.3    -90.0   470.0
  11:01:05.296     0.1   934.3    -90.0   470.0
  11:01:05.343     0.1   932.0    -90.0   470.0
  11:01:05.390     0.1   929.7    -90.0   470.0
  11:01:05.421     0.1   927.0    -90.0   470.0
  11:01:05.453     0.1   925.0    -90.0   470.0
  11:01:05.500     0.1   922.6    -90.0   460.0
  11:01:05.546     0.1   920.3    -90.0   470.0
  11:01:05.593     0.1   917.9    -90.0   460.0
  11:01:05.625     0.1   915.6    -90.0   460.0
  11:01:05.671     0.1   915.6    -90.0   470.0
  11:01:05.718     0.1   913.2    -90.0   460.0
  11:01:05.765     0.1   911.0    -90.0   460.0
  11:01:05.796     0.1   908.6    -90.0   460.0
  11:01:05.843     0.1   906.2    -90.0   460.0
  11:01:05.890     0.1   903.9    -90.0   460.0
  11:01:05.937     0.1   901.5    -90.0   460.0
  11:01:05.984     0.1   899.2    -90.0   460.0
  11:01:06.015     0.1   896.9    -90.0   460.0
  11:01:06.062     0.1   894.6    -90.0   460.0
  11:01:06.109     0.1   892.3    -90.0   460.0
  11:01:06.156     0.1   892.3    -90.0   460.0
  11:01:06.203     0.1   889.9    -90.0   460.0
  11:01:06.234     0.1   887.5    -90.0   460.0
  11:01:06.281     0.1   885.1    -90.0   450.0
  11:01:06.328     0.1   882.9    -90.0   450.0
  11:01:06.375     0.1   880.5    -90.0   460.0
  11:01:06.406     0.1   878.2    -90.0   450.0
  11:01:06.453     0.1   875.8    -90.0   450.0
  11:01:06.484     0.1   875.8    -90.0   450.0
  11:01:06.531     0.2   873.5    -90.0   450.0
  11:01:06.593     0.2   868.9    -90.0   450.0
  11:01:06.625     0.2   868.9    -90.0   450.0
  11:01:06.656     0.2   866.5    -90.0   450.0
  11:01:06.703     0.2   864.2    -90.0   450.0
  11:01:06.750     0.2   861.8    -90.0   440.0
  11:01:06.796     0.2   859.5    -90.0   440.0
  11:01:06.828     0.2   857.1    -90.0   440.0
  11:01:06.875     0.2   857.1    -90.0   440.0
  11:01:06.921     0.2   854.8    -90.0   440.0
  11:01:06.968     0.2   852.4    -90.0   440.0
  11:01:07.000     0.2   850.1    -90.0   440.0
  11:01:07.046     0.2   847.7    -90.0   430.0
  11:01:07.093     0.2   845.4    -90.0   430.0
  11:01:07.140     0.2   843.2    -90.0   430.0
  11:01:07.187     0.2   840.8    -90.0   430.0
  11:01:07.218     0.2   838.0    -90.0   430.0
  11:01:07.265     0.2   836.1    -90.0   430.0
  11:01:07.312     0.2   833.7    -90.0   430.0
  11:01:07.359     0.2   833.7    -90.0   430.0
  11:01:07.390     0.2   831.4    -90.0   430.0
  11:01:07.437     0.2   828.7    -90.0   430.0
  11:01:07.484     0.2   826.8    -90.0   430.0
  11:01:07.531     0.2   824.4    -90.0   430.0
  11:01:07.562     0.2   822.0    -90.0   430.0
  11:01:07.609     0.2   819.7    -90.0   430.0
  11:01:07.656     0.2   817.4    -90.0   430.0
  11:01:07.703     0.2   815.0    -90.0   420.0
  11:01:07.734     0.2   812.7    -90.0   420.0
  11:01:07.781     0.2   812.7    -90.0   420.0
  11:01:07.828     0.2   810.4    -90.0   420.0
  11:01:07.875     0.2   808.0    -90.0   420.0
  11:01:07.921     0.2   805.6    -90.0   420.0
  11:01:07.953     0.2   803.3    -90.0   420.0
  11:01:08.000     0.2   801.0    -90.0   420.0
  11:01:08.046     0.2   798.6    -90.0   420.0
  11:01:08.093     0.2   796.3    -90.0   410.0
  11:01:08.171     0.2   793.9    -90.0   410.0
  11:01:08.218     0.2   791.7    -90.0   410.0
  11:01:08.250     0.2   789.3    -90.0   410.0
  11:01:08.296     0.2   787.0    -90.0   410.0
  11:01:08.343     0.2   784.6    -90.0   410.0
  11:01:08.390     0.2   782.2    -90.0   410.0
  11:01:08.421     0.2   779.9    -90.0   410.0
  11:01:08.453     0.2   779.9    -90.0   410.0
  11:01:08.484     0.2   777.5    -90.0   410.0
  11:01:08.531     0.2   775.2    -90.0   410.0
  11:01:08.578     0.2   772.9    -90.0   410.0
  11:01:08.625     0.2   770.6    -90.0   400.0
  11:01:08.656     0.2   768.2    -90.0   400.0
  11:01:08.703     0.2   765.9    -90.0   400.0
  11:01:08.750     0.2   763.5    -90.0   400.0
  11:01:08.796     0.2   761.2    -90.0   400.0
  11:01:08.828     0.2   761.2    -90.0   400.0
  11:01:08.875     0.2   758.9    -90.0   400.0
  11:01:08.921     0.2   756.5    -90.0   400.0
  11:01:08.968     0.2   754.2    -90.0   400.0
  11:01:09.000     0.2   751.9    -90.0   400.0
  11:01:09.046     0.2   749.5    -90.0   400.0
  11:01:09.093     0.2   747.1    -90.0   400.0
  11:01:09.125     0.2   744.8    -90.0   400.0
  11:01:09.171     0.2   744.8    -90.0   400.0
  11:01:09.218     0.2   742.5    -90.0   400.0
  11:01:09.265     0.3   740.1    -90.0   400.0
  11:01:09.312     0.3   737.9    -90.0   410.0
  11:01:09.343     0.3   735.5    -90.0   410.0
  11:01:09.390     0.3   733.2    -90.0   410.0
  11:01:09.437     0.3   730.7    -90.0   420.0
  11:01:09.484     0.3   728.5    -90.0   420.0
  11:01:09.515     0.3   726.1    -90.0   420.0
  11:01:09.562     0.3   726.1    -90.0   430.0
  11:01:09.609     0.3   723.8    -90.0   430.0
  11:01:09.640     0.3   721.4    -90.0   430.0
  11:01:09.687     0.3   719.0    -90.0   440.0
  11:01:09.734     0.3   716.6    -90.0   440.0
  11:01:09.781     0.3   714.4    -90.0   440.0
  11:01:09.812     0.3   711.9    -90.0   450.0
  11:01:09.859     0.3   709.7    -90.0   460.0
  11:01:09.906     0.3   707.5    -90.0   450.0
  11:01:09.953     0.3   705.1    -90.0   460.0
  11:01:09.984     0.3   705.1    -90.0   460.0
  11:01:10.031     0.3   702.7    -90.0   460.0
  11:01:10.078     0.3   700.4    -90.0   470.0
  11:01:10.125     0.3   698.0    -90.0   480.0
  11:01:10.156     0.3   695.7    -90.0   480.0
  11:01:10.203     0.3   693.3    -90.0   480.0
  11:01:10.250     0.3   691.1    -90.0   480.0
  11:01:10.296     0.3   688.7    -90.0   480.0
  11:01:10.343     0.3   686.3    -90.0   490.0
  11:01:10.375     0.3   684.1    -90.0   490.0
  11:01:10.421     0.3   684.1    -90.0   490.0
  11:01:10.468     0.3   681.7    -90.0   500.0
  11:01:10.500     0.3   679.2    -90.0   510.0
  11:01:10.546     0.3   676.9    -90.0   500.0
  11:01:10.593     0.3   674.7    -90.0   510.0
  11:01:10.640     0.3   672.3    -90.0   510.0
  11:01:10.671     0.3   672.3    -90.0   510.0
  11:01:10.718     0.3   669.3    -90.0   530.0
  11:01:10.765     0.3   666.6    -90.0   530.0
  11:01:10.812     0.3   664.5    -90.0   530.0
  11:01:10.843     0.3   662.2    -90.0   530.0
  11:01:10.890     0.3   659.8    -90.0   530.0
  11:01:10.937     0.3   657.4    -90.0   530.0
  11:01:10.984     0.3   655.2    -90.0   550.0
  11:01:11.031     0.3   652.9    -90.0   540.0
  11:01:11.078     0.3   650.4    -90.0   530.0
  11:01:11.109     0.3   648.1    -90.0   540.0
  11:01:11.156     0.3   648.1    -90.0   540.0
  11:01:11.203     0.3   645.8    -90.0   540.0
  11:01:11.234     0.3   643.3    -90.0   560.0
  11:01:11.281     0.3   641.1    -90.0   570.0
  11:01:11.328     0.3   638.7    -90.0   570.0
  11:01:11.375     0.3   636.4    -90.0   590.0
  11:01:11.421     0.3   634.0    -90.0   620.0
  11:01:11.453     0.3   631.8    -90.0   620.0
  11:01:11.500     0.3   629.5    -90.0   760.0
  11:01:11.546     0.3   627.2    -90.0   800.0
  11:01:11.578     0.3   627.2    -90.0   800.0
  11:01:11.625     0.3   624.7    -90.0  1040.0
