Лабораторная работа 1. Анализ сенсорных данных об объекте

Маршрут: квадрат
Направление движения: по часовой стрелке
Скорость движения: 50.0 мм/с
Рабочий дальномер: правый (Rf_R)
Матрица положения дальномера Rf_R:
   0.000   1.000   0.000   -65.0
  -1.000   0.000   0.000  -223.0
   0.000   0.000   1.000   265.5
       0       0       0       1

Выходная информация: положение робота, данные дальномера об объекте

          Time   X_rob   Y_rob  Ang_rob    Rf_R
  чч:мм:сс.ссс      мм      мм     град      мм
  11:15:33.968    16.3   883.9     91.0  1070.0
  11:15:34.015    16.3   886.3     91.0   740.0
  11:15:34.062    16.2   888.7     91.0   740.0
  11:15:34.093    16.2   888.7     91.0   530.0
  11:15:34.140    16.2   890.9     91.0   480.0
  11:15:34.187    16.2   893.2     91.0   480.0
  11:15:34.234    16.1   895.6     91.0   470.0
  11:15:34.265    16.1   898.0     91.0   470.0
  11:15:34.312    16.0   900.4     91.0   470.0
  11:15:34.359    16.0   902.6     91.0   470.0
  11:15:34.390    16.0   905.0     91.0   470.0
  11:15:34.437    15.9   907.3     91.0   470.0
  11:15:34.484    15.9   907.3     91.0   470.0
  11:15:34.531    15.9   909.6     91.0   470.0
  11:15:34.578    15.8   912.0     91.0   470.0
  11:15:34.609    15.8   914.3     91.0   460.0
  11:15:34.656    15.7   916.7     91.0   460.0
  11:15:34.703    15.7   919.0     91.0   470.0
  11:15:34.734    15.7   921.4     91.0   460.0
  11:15:34.781    15.6   923.7     91.0   460.0
  11:15:34.812    15.6   923.7     91.0   460.0
  11:15:34.859    15.6   926.0     91.0   460.0
  11:15:34.906    15.5   928.3     91.0   460.0
  11:15:34.937    15.5   930.7     91.0   460.0
  11:15:34.984    15.5   933.1     91.0   460.0
  11:15:35.031    15.4   935.4     91.0   460.0
  11:15:35.078    15.4   937.8     91.0   460.0
  11:15:35.109    15.3   940.2     91.0   460.0
  11:15:35.156    15.3   942.3     91.0   460.0
  11:15:35.203    15.3   942.3     91.0   460.0
  11:15:35.250    15.3   944.7     91.0   460.0
  11:15:35.281    15.2   947.0     91.0   450.0
  11:15:35.328    15.2   949.3     91.0   460.0
  11:15:35.375    15.1   951.8     91.0   460.0
  11:15:35.421    15.1   954.1     91.0   450.0
  11:15:35.453    15.0   956.5     91.0   450.0
  11:15:35.484    15.0   956.5     91.0   460.0
  11:15:35.531    15.0   958.7     91.0   460.0
  11:15:35.578    15.0   961.1     91.0   460.0
  11:15:35.609    14.9   963.4     91.0   450.0
  11:15:35.656    14.9   965.8     91.0   450.0
  11:15:35.703    14.8   968.1     91.0   450.0
  11:15:35.734    14.8   968.1     91.0   450.0
  11:15:35.765    14.8   970.5     91.0   450.0
  11:15:35.812    14.8   972.8     91.0   450.0
  11:15:35.859    14.7   975.2     91.0   450.0
  11:15:35.906    14.7   977.5     91.0   450.0
  11:15:35.953    14.6   979.8     91.0   450.0
  11:15:35.984    14.6   982.2     91.0   450.0
  11:15:36.031    14.5   984.5     91.0   450.0
  11:15:36.078    14.5   986.9     91.0   450.0
  11:15:36.125    14.5   989.2     91.0   450.0
  11:15:36.156    14.5   989.2     91.0   450.0
  11:15:36.203    14.4   991.6     91.0   450.0
  11:15:36.250    14.4   993.9     91.0   450.0
  11:15:36.281    14.3   996.2     91.0   450.0
  11:15:36.328    14.3   998.6     91.0   450.0
  11:15:36.359    14.3  1000.8     91.0   450.0
  11:15:36.406    14.3  1000.8     91.0   440.0
  11:15:36.437    14.2  1003.1     91.0   440.0
  11:15:36.484    14.2  1005.6     91.0   450.0
  11:15:36.531    14.1  1007.8     91.0   440.0
  11:15:36.578    14.1  1011.1     91.0   440.0
  11:15:36.609    14.0  1013.3     91.0   440.0
  11:15:36.656    14.0  1015.6     91.0   440.0
  11:15:36.703    14.0  1015.6     91.0   440.0
  11:15:36.750    14.0  1018.1     91.0   440.0
  11:15:36.781    13.9  1020.3     91.0   440.0
  11:15:36.828    13.9  1022.7     91.0   440.0
  11:15:36.875    13.8  1025.0     91.0   440.0
  11:15:36.921    13.8  1027.4     91.0   440.0
  11:15:36.968    13.7  1029.8     91.0   440.0
  11:15:37.000    13.7  1032.2     91.0   440.0
  11:15:37.031    13.7  1032.2     91.0   440.0
  11:15:37.078    13.7  1034.4     91.0   440.0
  11:15:37.125    13.6  1036.7     91.0   440.0
  11:15:37.171    13.6  1039.1     91.0   440.0
  11:15:37.203    13.5  1041.4     91.0   440.0
  11:15:37.250    13.5  1043.7     91.0   440.0
  11:15:37.296    13.5  1046.1     91.0   440.0
  11:15:37.343    13.4  1048.4     91.0   440.0
  11:15:37.343    13.4  1048.4     91.0   440.0
  11:15:37.390    13.4  1050.8     91.0   440.0
  11:15:37.437    13.3  1053.0     91.0   440.0
  11:15:37.484    13.3  1055.5     91.0   440.0
  11:15:37.515    13.3  1055.5     91.0   440.0
  11:15:37.562    13.3  1057.7     91.0   440.0
  11:15:37.609    13.2  1060.3     91.0   430.0
  11:15:37.640    13.2  1062.5     91.0   430.0
  11:15:37.687    13.1  1064.8     91.0   430.0
  11:15:37.734    13.1  1067.2     91.0   430.0
  11:15:37.781    13.0  1070.3     91.0   430.0
  11:15:37.828    13.0  1072.6     91.0   430.0
  11:15:37.859    13.0  1072.6     91.0   430.0
  11:15:37.921    12.9  1077.3     91.0   430.0
  11:15:37.953    12.9  1077.3     91.0   430.0
  11:15:38.000    12.9  1079.6     91.0   430.0
  11:15:38.046    12.8  1082.0     91.0   430.0
  11:15:38.078    12.8  1084.3     91.0   430.0
  11:15:38.125    12.7  1086.6     91.0   430.0
  11:15:38.171    12.7  1089.0     91.0   430.0
  11:15:38.203    12.7  1091.3     91.0   430.0
  11:15:38.250    12.6  1093.7     91.0   430.0
  11:15:38.296    12.6  1093.7     91.0   430.0
  11:15:38.359    12.5  1098.3     91.0   430.0
  11:15:38.390    12.5  1098.3     91.0   430.0
  11:15:38.437    12.5  1100.7     91.0   430.0
  11:15:38.468    12.5  1103.1     91.0   430.0
  11:15:38.531    12.4  1105.4     91.0   420.0
  11:15:38.562    12.4  1107.7     91.0   420.0
  11:15:38.609    12.3  1110.0     91.0   430.0
  11:15:38.640    12.3  1112.4     91.0   420.0
  11:15:38.687    12.2  1114.7     91.0   420.0
  11:15:38.718    12.2  1114.7     91.0   430.0
  11:15:38.765    12.2  1117.0     91.0   430.0
  11:15:38.812    12.2  1119.4     91.0   430.0
  11:15:38.859    12.1  1121.7     91.0   430.0
  11:15:38.890    12.1  1124.0     91.0   430.0
  11:15:38.937    12.0  1126.4     91.0   420.0
  11:15:38.984    12.0  1128.7     91.0   420.0
  11:15:39.031    12.0  1131.1     91.0   420.0
  11:15:39.062    12.0  1131.1     91.0   420.0
  11:15:39.109    11.9  1133.4     91.0   420.0
  11:15:39.156    11.9  1135.7     91.0   420.0
  11:15:39.203    11.8  1138.1     91.0   420.0
  11:15:39.234    11.8  1140.4     91.0   420.0
  11:15:39.281    11.8  1142.8     91.0   420.0
  11:15:39.328    11.7  1145.1     91.0   420.0
  11:15:39.375    11.7  1147.4     91.0   430.0
  11:15:39.406    11.6  1149.8     91.0   430.0
  11:15:39.453    11.6  1152.1     91.0   430.0
  11:15:39.500    11.6  1152.1     91.0   440.0
  11:15:39.546    11.5  1154.4     91.0   450.0
  11:15:39.578    11.5  1156.7     91.0   450.0
  11:15:39.625    11.5  1159.2     91.0   470.0
  11:15:39.671    11.4  1161.5     91.0   490.0
  11:15:39.718    11.4  1163.9     91.0   490.0
  11:15:39.765    11.3  1166.1     91.0   510.0
  11:15:39.796    11.3  1168.6     91.0   530.0
  11:15:39.843    11.3  1170.9     91.0   530.0
  11:15:39.890    11.2  1173.3     91.0   550.0
  11:15:39.937    11.2  1175.5     91.0   560.0
  11:15:39.984    11.1  1178.0     91.0   560.0
  11:15:40.015    11.1  1178.0     91.0   560.0
  11:15:40.062    11.1  1180.2     91.0   570.0
  11:15:40.109    11.0  1182.5     91.0   570.0
  11:15:40.140    11.0  1184.9     91.0   620.0
  11:15:40.187    11.0  1187.2     91.0   590.0
  11:15:40.234    10.9  1189.5     91.0   590.0
  11:15:40.281    10.9  1191.9     91.0   630.0
  11:15:40.312    10.8  1194.2     91.0   780.0
  11:15:40.375    10.8  1196.6     91.0   780.0
  11:15:40.406    10.8  1196.6     91.0   810.0
  11:15:40.453    10.7  1199.6     91.0   930.0
  11:15:40.484    10.7  1202.0     91.0   930.0
  11:16:16.046   717.5  1838.7      0.0   710.0
  11:16:16.093   719.8  1838.7      0.0   650.0
  11:16:16.125   722.3  1838.7      0.0   650.0
  11:16:16.171   724.5  1838.7      0.0   550.0
  11:16:16.218   726.8  1838.7      0.0   540.0
  11:16:16.250   729.2  1838.7      0.0   540.0
  11:16:16.312   731.5  1838.7      0.0   530.0
  11:16:16.343   733.8  1838.7      0.0   530.0
  11:16:16.375   733.8  1838.7      0.0   530.0
  11:16:16.421   736.1  1838.7      0.0   530.0
  11:16:16.468   738.6  1838.7      0.0   530.0
  11:16:16.515   740.8  1838.7      0.0   530.0
  11:16:16.546   743.3  1838.7      0.0   530.0
  11:16:16.593   745.5  1838.7      0.0   530.0
  11:16:16.640   747.9  1838.7      0.0   530.0
  11:16:16.687   750.2  1838.7      0.0   520.0
  11:16:16.718   752.6  1838.7      0.0   520.0
  11:16:16.765   752.6  1838.7      0.0   520.0
  11:16:16.812   754.9  1838.7      0.0   520.0
  11:16:16.843   757.3  1838.7      0.0   520.0
  11:16:16.890   759.6  1838.7      0.0   520.0
  11:16:16.937   761.9  1838.7      0.0   520.0
  11:16:16.984   764.3  1838.7      0.0   520.0
  11:16:17.031   766.6  1838.7      0.0   520.0
  11:16:17.078   769.0  1838.7      0.0   520.0
  11:16:17.109   771.3  1838.7      0.0   520.0
  11:16:17.156   773.6  1838.7      0.0   520.0
  11:16:17.203   773.6  1838.7      0.0   520.0
  11:16:17.250   775.9  1838.7      0.0   520.0
  11:16:17.281   778.4  1838.7      0.0   520.0
  11:16:17.328   780.6  1838.7      0.0   510.0
  11:16:17.375   783.0  1838.7      0.0   510.0
  11:16:17.421   785.4  1838.7      0.0   520.0
  11:16:17.453   787.6  1838.7      0.0   510.0
  11:16:17.468   787.6  1838.7      0.0   510.0
  11:16:17.515   789.9  1838.7      0.0   510.0
  11:16:17.562   792.4  1838.7      0.0   520.0
  11:16:17.609   794.6  1838.7      0.0   510.0
  11:16:17.640   797.1  1838.7      0.0   510.0
  11:16:17.687   799.4  1838.7      0.0   510.0
  11:16:17.750   801.8  1838.7      0.0   510.0
  11:16:17.781   801.8  1838.7      0.0   510.0
  11:16:17.812   804.0  1838.7      0.0   510.0
  11:16:17.859   806.4  1838.7      0.0   510.0
  11:16:17.906   808.8  1838.7      0.0   510.0
  11:16:17.953   811.2  1838.7      0.0   510.0
  11:16:18.000   813.4  1838.7      0.0   510.0
  11:16:18.046   815.7  1838.8      0.0   510.0
  11:16:18.078   818.0  1838.8      0.0   510.0
  11:16:18.125   820.4  1838.8      0.0   510.0
  11:16:18.171   822.8  1838.8      0.0   510.0
  11:16:18.203   825.1  1838.8      0.0   510.0
  11:16:18.250   825.1  1838.8      0.0   500.0
  11:16:18.296   827.5  1838.8      0.0   510.0
  11:16:18.359   829.7  1838.8      0.0   500.0
  11:16:18.390   832.1  1838.8      0.0   500.0
  11:16:18.421   834.5  1838.8      0.0   500.0
  11:16:18.468   836.8  1838.8      0.0   500.0
  11:16:18.515   839.1  1838.8      0.0   500.0
  11:16:18.562   841.4  1838.8      0.0   500.0
  11:16:18.593   843.8  1838.8      0.0   500.0
  11:16:18.640   846.2  1838.8      0.0   500.0
  11:16:18.687   848.5  1838.8      0.0   500.0
  11:16:18.734   848.5  1838.8      0.0   500.0
  11:16:18.765   850.8  1838.8      0.0   500.0
  11:16:18.812   853.2  1838.8      0.0   500.0
  11:16:18.859   855.5  1838.8      0.0   500.0
  11:16:18.906   857.8  1838.8      0.0   500.0
  11:16:18.953   860.1  1838.8      0.0   500.0
  11:16:18.984   862.9  1838.8      0.0   500.0
  11:16:19.031   864.9  1838.8      0.0   500.0
  11:16:19.078   867.2  1838.8      0.0   500.0
  11:16:19.125   869.6  1838.8      0.0   500.0
  11:16:19.171   871.9  1838.8      0.0   500.0
  11:16:19.203   871.9  1838.8      0.0   500.0
  11:16:19.250   874.2  1838.8      0.0   500.0
  11:16:19.296   876.5  1838.8      0.0   490.0
  11:16:19.328   878.9  1838.8      0.0   490.0
  11:16:19.375   881.3  1838.8      0.0   490.0
  11:16:19.421   883.6  1838.8      0.0   490.0
  11:16:19.468   885.8  1838.8      0.0   490.0
  11:16:19.500   888.2  1838.8      0.0   490.0
  11:16:19.546   890.5  1838.8      0.0   490.0
  11:16:19.593   890.5  1838.8      0.0   490.0
  11:16:19.640   892.9  1838.8      0.0   490.0
  11:16:19.671   895.3  1838.8      0.0   490.0
  11:16:19.718   897.7  1838.8      0.0   490.0
  11:16:19.765   900.0  1838.8      0.0   490.0
  11:16:19.812   902.4  1838.8      0.0   490.0
  11:16:19.843   904.6  1838.8      0.0   490.0
  11:16:19.890   906.9  1838.8      0.0   490.0
  11:16:19.937   909.3  1838.8      0.0   490.0
  11:16:19.984   911.7  1838.8      0.0   490.0
  11:16:20.031   914.0  1838.8      0.0   490.0
  11:16:20.062   914.0  1838.8      0.0   490.0
  11:16:20.109   916.3  1838.8      0.0   490.0
  11:16:20.156   918.6  1838.8      0.0   490.0
  11:16:20.203   921.1  1838.8      0.0   490.0
  11:16:20.234   923.3  1838.8      0.0   490.0
  11:16:20.281   925.6  1838.8      0.0   480.0
  11:16:20.328   928.1  1838.8      0.0   480.0
  11:16:20.375   930.4  1838.8      0.0   490.0
  11:16:20.406   932.7  1838.8      0.0   490.0
  11:16:20.453   932.7  1838.8      0.0   480.0
  11:16:20.500   935.0  1838.8      0.0   480.0
  11:16:20.546   937.4  1838.8      0.0   480.0
  11:16:20.578   939.6  1838.8      0.0   480.0
  11:16:20.625   942.1  1838.8      0.0   480.0
  11:16:20.671   944.3  1838.8      0.0   480.0
  11:16:20.718   946.7  1838.8      0.0   480.0
  11:16:20.750   949.0  1838.8      0.0   480.0
  11:16:20.796   951.5  1838.8      0.0   480.0
  11:16:20.843   953.7  1838.8      0.0   480.0
  11:16:20.890   953.7  1838.8      0.0   480.0
  11:16:20.937   956.1  1838.8      0.0   480.0
  11:16:20.968   958.5  1838.8      0.0   480.0
  11:16:21.000   960.8  1838.8      0.0   480.0
  11:16:21.046   963.1  1838.8      0.0   480.0
  11:16:21.093   965.4  1838.8      0.0   480.0
  11:16:21.140   967.9  1838.8      0.0   480.0
  11:16:21.171   967.9  1838.8      0.0   480.0
  11:16:21.218   970.2  1838.8      0.0   480.0
  11:16:21.265   972.5  1838.8      0.0   480.0
  11:16:21.296   974.9  1838.8      0.0   480.0
  11:16:21.343   977.2  1838.8      0.0   480.0
  11:16:21.375   979.5  1838.8      0.0   490.0
  11:16:21.421   979.5  1838.8      0.0   480.0
  11:16:21.453   981.8  1838.8      0.0   480.0
  11:16:21.500   984.2  1838.8      0.0   480.0
  11:16:21.546   986.6  1838.8      0.0   490.0
  11:16:21.593   988.9  1838.8      0.0   480.0
  11:16:21.625   991.2  1838.8      0.0   490.0
  11:16:21.671   993.5  1838.8      0.0   490.0
  11:16:21.718   995.9  1838.8      0.0   490.0
  11:16:21.734   995.9  1838.8      0.0   490.0
  11:16:21.781   998.1  1838.8      0.0   490.0
  11:16:21.828  1000.6  1838.8      0.0   490.0
  11:16:21.859  1002.9  1838.8      0.0   490.0
  11:16:21.906  1005.2  1838.8      0.0   490.0
  11:16:21.937  1005.2  1838.8      0.0   490.0
  11:16:21.984  1007.6  1838.8      0.0   490.0
  11:16:22.015  1010.0  1838.8      0.0   490.0
  11:16:22.062  1012.2  1838.8      0.0   490.0
  11:16:22.109  1014.6  1838.8      0.0   490.0
  11:16:22.156  1016.9  1838.8      0.0   490.0
  11:16:22.203  1019.3  1838.8      0.0   490.0
  11:16:22.234  1022.1  1838.8      0.0   500.0
  11:16:22.281  1023.9  1838.8      0.0   500.0
  11:16:22.328  1026.3  1838.8      0.0   490.0
  11:16:22.375  1026.3  1838.8      0.0   500.0
  11:16:22.421  1028.6  1838.8      0.0   500.0
  11:16:22.453  1031.0  1838.8      0.0   500.0
  11:16:22.500  1033.4  1838.8      0.0   500.0
  11:16:22.546  1035.7  1838.8      0.0   500.0
  11:16:22.578  1038.0  1838.8      0.0   500.0
  11:16:22.625  1040.5  1838.8      0.0   500.0
  11:16:22.671  1042.7  1838.8      0.0   500.0
  11:16:22.718  1045.0  1838.8      0.0   500.0
  11:16:22.750  1045.0  1838.8      0.0   510.0
  11:16:22.796  1047.3  1838.8      0.0   500.0
  11:16:22.828  1049.7  1838.8      0.0   500.0
  11:16:22.875  1051.9  1838.8      0.0   510.0
  11:16:22.921  1054.4  1838.8      0.0   510.0
  11:16:22.968  1056.8  1838.8      0.0   500.0
  11:16:23.000  1059.0  1838.8      0.0   500.0
  11:16:23.046  1059.0  1838.8      0.0   510.0
  11:16:23.093  1062.2  1838.8      0.0   510.0
  11:16:23.140  1064.4  1838.8      0.0   510.0
  11:16:23.171  1066.8  1838.8      0.0   510.0
  11:16:23.234  1069.2  1838.8      0.0   510.0
  11:16:23.265  1071.5  1838.8      0.0   510.0
  11:16:23.296  1073.9  1838.8      0.0   520.0
  11:16:23.343  1076.2  1838.8      0.0   520.0
  11:16:23.390  1076.2  1838.8      0.0   520.0
  11:16:23.437  1078.5  1838.8      0.0   520.0
  11:16:23.484  1080.9  1838.8      0.0   520.0
  11:16:23.515  1083.2  1838.8      0.0   520.0
  11:16:23.562  1085.5  1838.8      0.0   520.0
  11:16:23.609  1087.9  1838.8      0.0   520.0
  11:16:23.687  1091.4  1838.8      0.0   520.0
  11:16:23.734  1093.3  1838.8      0.0   520.0
  11:16:23.781  1095.7  1838.8      0.0   520.0
  11:16:23.828  1098.0  1838.8      0.0   520.0
  11:16:23.843  1098.0  1838.8      0.0   530.0
  11:16:23.890  1100.7  1838.8      0.0   530.0
  11:16:23.921  1102.6  1838.8      0.0   530.0
  11:16:23.968  1105.0  1838.8      0.0   530.0
  11:16:24.015  1107.4  1838.8      0.0   520.0
  11:16:24.062  1109.7  1838.8      0.0   530.0
  11:16:24.109  1112.1  1838.8      0.0   530.0
  11:16:24.156  1114.4  1838.8      0.0   520.0
  11:16:24.187  1116.7  1838.8      0.0   530.0
  11:16:24.234  1119.0  1838.8      0.0   530.0
  11:16:24.281  1121.4  1838.8      0.0   530.0
  11:16:24.328  1121.4  1838.8      0.0   530.0
  11:16:24.359  1123.7  1838.8      0.0   530.0
  11:16:24.406  1126.1  1838.8      0.0   530.0
  11:16:24.453  1128.4  1838.8      0.0   540.0
  11:16:24.484  1130.7  1838.8      0.0   530.0
  11:16:24.531  1133.1  1838.8      0.0   530.0
  11:16:24.578  1135.4  1838.8      0.0   540.0
  11:16:24.625  1137.8  1838.8      0.0   530.0
  11:16:24.656  1140.1  1838.8      0.0   530.0
  11:16:24.703  1140.1  1838.8      0.0   540.0
  11:16:24.750  1142.4  1838.8      0.0   550.0
  11:16:24.796  1144.8  1838.8      0.0   540.0
  11:16:24.828  1147.2  1838.8      0.0   540.0
  11:16:24.875  1149.5  1838.8      0.0   540.0
  11:16:24.921  1151.8  1838.8      0.0   540.0
  11:16:24.968  1154.1  1838.8      0.0   540.0
  11:16:25.015  1156.5  1838.8      0.0   550.0
  11:16:25.046  1158.8  1838.8      0.0   550.0
  11:16:25.093  1161.2  1838.8      0.0   550.0
  11:16:25.140  1163.5  1838.8      0.0   550.0
  11:16:25.187  1163.5  1838.8      0.0   550.0
  11:16:25.218  1165.9  1838.8      0.0   550.0
  11:16:25.265  1168.3  1838.8      0.0   550.0
  11:16:25.312  1170.5  1838.8      0.0   550.0
  11:16:25.359  1172.9  1838.8      0.0   550.0
  11:16:25.406  1175.2  1838.8      0.0   550.0
  11:16:25.437  1177.5  1838.8      0.0   550.0
  11:16:25.484  1179.9  1838.8      0.0   550.0
  11:16:25.531  1182.3  1838.8      0.0   550.0
  11:16:25.562  1184.6  1838.8      0.0   550.0
  11:16:25.609  1184.6  1838.8      0.0   550.0
  11:16:25.656  1186.9  1838.8      0.0   560.0
  11:16:25.703  1189.3  1838.8      0.0   560.0
  11:16:25.734  1191.7  1838.8      0.0   560.0
  11:16:25.781  1193.9  1838.8      0.0   550.0
  11:16:25.828  1196.2  1838.8      0.0   550.0
  11:16:25.875  1198.6  1838.8      0.0   560.0
  11:16:25.906  1201.0  1838.8      0.0   550.0
  11:16:25.953  1203.2  1838.8      0.0   550.0
  11:16:26.000  1205.7  1838.8      0.0   560.0
  11:16:26.046  1208.0  1838.8      0.0   560.0
  11:16:26.093  1208.0  1838.8      0.0   560.0
  11:16:26.140  1210.3  1838.8      0.0   570.0
  11:16:26.171  1212.7  1838.8      0.0   560.0
  11:16:26.218  1215.0  1838.8      0.0   560.0
  11:16:26.265  1217.4  1838.8      0.0   560.0
  11:16:26.312  1219.7  1838.8      0.0   570.0
  11:16:26.359  1221.9  1838.8      0.0   570.0
  11:16:26.390  1224.3  1838.8      0.0   620.0
  11:16:26.437  1226.6  1838.8      0.0   660.0
  11:16:26.484  1228.9  1838.8      0.0   660.0
  11:16:26.531  1231.3  1838.8      0.0  1030.0
  11:16:26.546  1231.3  1838.8      0.0  1030.0
  11:16:26.593  1233.7  1838.8      0.0  1030.0
  11:17:03.546  1838.1  1070.0    -90.0  1010.0
  11:17:03.609  1838.1  1067.7    -90.0   990.0
  11:17:03.640  1838.1  1065.4    -90.0   990.0
  11:17:03.687  1838.1  1062.7    -90.0  1010.0
  11:17:03.718  1838.1  1060.6    -90.0   760.0
  11:17:03.765  1838.1  1058.3    -90.0   760.0
  11:17:03.812  1838.1  1058.3    -90.0   720.0
  11:17:03.859  1838.1  1056.0    -90.0   700.0
  11:17:03.890  1838.1  1053.6    -90.0   720.0
  11:17:03.937  1838.1  1051.2    -90.0   760.0
  11:17:03.984  1838.1  1049.1    -90.0   730.0
  11:17:04.031  1838.1  1046.7    -90.0   730.0
  11:17:04.078  1838.1  1044.3    -90.0   730.0
  11:17:04.109  1838.1  1041.9    -90.0   680.0
  11:17:04.140  1838.1  1041.9    -90.0   680.0
  11:17:04.187  1838.1  1039.6    -90.0   670.0
  11:17:04.234  1838.1  1037.2    -90.0   650.0
  11:17:04.281  1838.1  1035.0    -90.0   650.0
  11:17:04.312  1838.1  1032.6    -90.0   650.0
  11:17:04.359  1838.1  1030.3    -90.0   650.0
  11:17:04.406  1838.1  1027.9    -90.0   650.0
  11:17:04.453  1838.1  1025.7    -90.0   600.0
  11:17:04.500  1838.1  1023.1    -90.0   590.0
  11:17:04.531  1838.1  1021.0    -90.0   590.0
  11:17:04.578  1838.1  1018.5    -90.0   590.0
  11:17:04.625  1838.1  1018.5    -90.0   590.0
  11:17:04.671  1838.1  1016.3    -90.0   600.0
  11:17:04.703  1838.1  1013.9    -90.0   670.0
  11:17:04.750  1838.1  1011.5    -90.0   590.0
  11:17:04.796  1838.1  1009.1    -90.0   590.0
  11:17:04.843  1838.1  1006.9    -90.0   560.0
  11:17:04.890  1838.1  1004.4    -90.0   540.0
  11:17:04.921  1838.1  1002.2    -90.0   540.0
  11:17:04.968  1838.1   999.9    -90.0   550.0
  11:17:05.015  1838.1   997.5    -90.0   540.0
  11:17:05.046  1838.1   997.5    -90.0   550.0
  11:17:05.093  1838.1   995.2    -90.0   540.0
  11:17:05.140  1838.1   992.8    -90.0   510.0
  11:17:05.187  1838.1   990.5    -90.0   510.0
  11:17:05.234  1838.1   988.1    -90.0   490.0
  11:17:05.265  1838.1   985.9    -90.0   480.0
  11:17:05.312  1838.1   983.5    -90.0   480.0
  11:17:05.359  1838.1   981.1    -90.0   480.0
  11:17:05.406  1838.1   978.7    -90.0   480.0
  11:17:05.437  1838.1   976.4    -90.0   480.0
  11:17:05.484  1838.1   976.4    -90.0   480.0
  11:17:05.531  1838.1   973.9    -90.0   480.0
  11:17:05.578  1838.1   971.8    -90.0   480.0
  11:17:05.625  1838.1   969.5    -90.0   480.0
  11:17:05.656  1838.1   967.1    -90.0   480.0
  11:17:05.703  1838.1   963.6    -90.0   480.0
  11:17:05.750  1838.1   961.6    -90.0   480.0
  11:17:05.781  1838.1   961.6    -90.0   480.0
  11:17:05.828  1838.1   959.3    -90.0   480.0
  11:17:05.875  1838.1   957.0    -90.0   490.0
  11:17:05.921  1838.1   954.6    -90.0   490.0
  11:17:05.953  1838.1   952.2    -90.0   490.0
  11:17:06.000  1838.1   950.0    -90.0   490.0
  11:17:06.046  1838.1   947.5    -90.0   490.0
  11:17:06.093  1838.1   945.0    -90.0   500.0
  11:17:06.140  1838.1   942.9    -90.0   490.0
  11:17:06.171  1838.1   940.6    -90.0   490.0
  11:17:06.234  1838.1   938.2    -90.0   510.0
  11:17:06.265  1838.1   938.2    -90.0   510.0
  11:17:06.312  1838.1   935.8    -90.0   510.0
  11:17:06.343  1838.1   933.6    -90.0   510.0
  11:17:06.390  1838.1   931.2    -90.0   510.0
  11:17:06.437  1838.1   928.8    -90.0   510.0
  11:17:06.484  1838.1   926.6    -90.0   520.0
  11:17:06.515  1838.1   926.6    -90.0   520.0
  11:17:06.562  1838.1   923.5    -90.0   520.0
  11:17:06.609  1838.1   921.1    -90.0   530.0
  11:17:06.656  1838.1   918.7    -90.0   530.0
  11:17:06.687  1838.1   916.5    -90.0   530.0
  11:17:06.734  1838.1   914.1    -90.0   550.0
  11:17:06.781  1838.1   911.7    -90.0   540.0
  11:17:06.828  1838.1   909.4    -90.0   540.0
  11:17:06.859  1838.1   907.0    -90.0   540.0
  11:17:06.906  1838.1   907.0    -90.0   560.0
  11:17:06.953  1838.1   904.7    -90.0   550.0
  11:17:07.000  1838.1   902.3    -90.0   560.0
  11:17:07.031  1838.1   900.0    -90.0   560.0
  11:17:07.078  1838.1   897.6    -90.0   560.0
  11:17:07.125  1838.1   895.3    -90.0   560.0
  11:17:07.171  1838.1   893.0    -90.0   570.0
  11:17:07.218  1838.1   890.6    -90.0   570.0
  11:17:07.250  1838.1   888.3    -90.0   570.0
  11:17:07.296  1838.1   885.6    -90.0   570.0
  11:17:07.343  1838.1   883.6    -90.0   570.0
  11:17:07.390  1838.1   883.6    -90.0   590.0
  11:17:07.421  1838.1   881.3    -90.0   590.0
  11:17:07.468  1838.1   879.0    -90.0   570.0
  11:17:07.515  1838.1   876.6    -90.0   580.0
  11:17:07.562  1838.1   874.3    -90.0   590.0
  11:17:07.609  1838.1   872.0    -90.0   590.0
  11:17:07.640  1838.1   869.7    -90.0   590.0
  11:17:07.687  1838.1   867.3    -90.0   600.0
  11:17:07.734  1838.1   865.0    -90.0   600.0
  11:17:07.781  1838.1   862.6    -90.0   640.0
  11:17:07.812  1838.1   862.6    -90.0   600.0
  11:17:07.859  1838.1   860.3    -90.0   600.0
  11:17:07.906  1838.1   858.0    -90.0   600.0
  11:17:07.937  1838.1   855.5    -90.0   590.0
  11:17:07.984  1838.1   853.2    -90.0   590.0
  11:17:08.031  1838.1   850.9    -90.0   620.0
  11:17:08.062  1838.1   848.5    -90.0   630.0
  11:17:08.109  1838.1   846.2    -90.0   630.0
  11:17:08.156  1838.1   846.2    -90.0   650.0
  11:17:08.203  1838.0   843.8    -90.0   630.0
  11:17:08.234  1838.0   841.5    -90.0   630.0
  11:17:08.281  1838.0   839.2    -90.0   630.0
  11:17:08.328  1838.0   836.9    -90.0   640.0
  11:17:08.375  1838.0   834.6    -90.0   640.0
  11:17:08.421  1838.0   832.1    -90.0   640.0
  11:17:08.468  1838.0   829.9    -90.0   660.0
  11:17:08.500  1838.0   827.5    -90.0   640.0
  11:17:08.546  1838.0   825.1    -90.0   660.0
  11:17:08.593  1838.0   822.8    -90.0   640.0
  11:17:08.625  1838.0   822.8    -90.0   640.0
  11:17:08.671  1838.0   820.4    -90.0   660.0
  11:17:08.718  1838.0   818.2    -90.0   660.0
  11:17:08.765  1838.0   815.9    -90.0   660.0
  11:17:08.796  1838.0   813.5    -90.0   680.0
  11:17:08.843  1838.0   811.1    -90.0   660.0
  11:17:08.890  1838.0   808.8    -90.0   660.0
  11:17:08.937  1838.0   806.5    -90.0   760.0
  11:17:08.968  1838.0   804.2    -90.0   750.0
  11:17:09.015  1838.0   801.6    -90.0   750.0
  11:17:09.062  1838.0   801.6    -90.0   750.0
  11:17:09.109  1838.0   799.4    -90.0   750.0
  11:17:09.140  1838.0   797.0    -90.0   750.0
  11:17:09.187  1838.0   794.0    -90.0   750.0
  11:17:09.234  1838.0   791.7    -90.0   870.0
  11:17:09.281  1838.0   789.3    -90.0   810.0
  11:17:09.328  1838.0   787.0    -90.0   830.0
  11:17:09.359  1838.0   787.0    -90.0   830.0
  11:17:09.406  1838.0   784.6    -90.0   830.0
  11:17:09.453  1838.0   782.2    -90.0  1060.0
  11:17:09.531  1838.0   777.6    -90.0   830.0
  11:17:09.578  1838.0   774.9    -90.0   830.0
  11:17:09.625  1838.0   774.9    -90.0   900.0
  11:17:09.656  1838.0   772.1    -90.0   900.0
  11:17:47.984  1080.3     0.3    180.0  1090.0
  11:17:48.078  1075.6     0.3    180.0  1090.0
  11:17:48.109  1073.1     0.3    180.0   830.0
  11:17:48.156  1070.6     0.3    180.0   830.0
  11:17:48.203  1068.5     0.3    180.0   810.0
  11:17:48.250  1066.2     0.3    180.0   810.0
  11:17:48.296  1063.8     0.3    180.0   830.0
  11:17:48.343  1061.4     0.3    180.0   810.0
  11:17:48.375  1061.4     0.3    180.0   810.0
  11:17:48.421  1059.2     0.3    180.0   810.0
  11:17:48.468  1056.9     0.3    180.0   850.0
  11:17:48.500  1054.5     0.3    180.0   830.0
  11:17:48.546  1052.2     0.3    180.0   830.0
  11:17:48.593  1049.8     0.3    180.0   820.0
  11:17:48.640  1047.4     0.3    180.0   820.0
  11:17:48.687  1045.0     0.3    180.0   820.0
  11:17:48.718  1042.8     0.3    180.0   830.0
  11:17:48.765  1040.5     0.3    180.0   820.0
  11:17:48.812  1040.5     0.3    180.0   820.0
  11:17:48.859  1038.1     0.3    180.0   810.0
  11:17:48.890  1035.8     0.3    180.0   800.0
  11:17:48.921  1033.5     0.3    180.0   810.0
  11:17:48.968  1030.9     0.3    180.0   800.0
  11:17:49.015  1028.8     0.3    180.0   800.0
  11:17:49.046  1028.8     0.3    180.0   820.0
  11:17:49.093  1026.5     0.3    180.0   810.0
  11:17:49.140  1024.0     0.3    180.0   800.0
  11:17:49.187  1021.6     0.3    180.0   810.0
  11:17:49.218  1019.3     0.3    180.0   800.0
  11:17:49.265  1017.0     0.3    180.0   780.0
  11:17:49.312  1014.7     0.4    180.0   800.0
  11:17:49.343  1012.3     0.4    180.0   790.0
  11:17:49.390  1010.1     0.4    180.0   790.0
  11:17:49.437  1010.1     0.4    180.0   790.0
  11:17:49.484  1007.7     0.4    180.0   760.0
  11:17:49.515  1005.4     0.4    180.0   760.0
  11:17:49.562  1003.0     0.4    180.0   770.0
  11:17:49.609  1000.6     0.4    180.0   770.0
  11:17:49.656   998.4     0.4    180.0   770.0
  11:17:49.687   996.0     0.4    180.0   780.0
  11:17:49.750   993.7     0.4    180.0   780.0
  11:17:49.765   993.7     0.4    180.0   780.0
  11:17:49.812   991.3     0.4    180.0   780.0
  11:17:49.859   988.9     0.4    180.0   770.0
  11:17:49.890   986.6     0.4    180.0   760.0
  11:17:49.937   984.3     0.4    180.0   760.0
  11:17:49.984   982.0     0.4    180.0   760.0
  11:17:50.031   979.7     0.4    180.0   750.0
  11:17:50.062   977.3     0.4    180.0   750.0
  11:17:50.109   975.0     0.4    180.0   760.0
  11:17:50.156   975.0     0.4    180.0   740.0
  11:17:50.203   972.5     0.4    180.0   740.0
  11:17:50.234   970.2     0.4    180.0   740.0
  11:17:50.281   967.9     0.4    180.0   740.0
  11:17:50.312   965.6     0.4    180.0   740.0
  11:17:50.359   963.3     0.4    180.0   740.0
  11:17:50.390   960.8     0.4    180.0   720.0
  11:17:50.437   960.8     0.4    180.0   740.0
  11:17:50.484   958.6     0.4    180.0   740.0
  11:17:50.531   956.2     0.4    180.0   720.0
  11:17:50.562   953.8     0.4    180.0   740.0
  11:17:50.609   951.5     0.4    180.0   730.0
  11:17:50.656   949.3     0.4    180.0   720.0
  11:17:50.703   946.8     0.4    180.0   720.0
  11:17:50.734   944.6     0.4    180.0   700.0
  11:17:50.781   942.2     0.4    180.0   700.0
  11:17:50.828   939.9     0.4    180.0   700.0
  11:17:50.875   939.9     0.4    180.0   700.0
  11:17:50.906   937.6     0.4    180.0   700.0
  11:17:50.953   935.2     0.4    180.0   710.0
  11:17:50.984   932.9     0.4    180.0   710.0
  11:17:51.031   930.5     0.4    180.0   700.0
  11:17:51.078   928.2     0.4    180.0   700.0
  11:17:51.125   925.8     0.4    180.0   690.0
  11:17:51.156   923.5     0.4    180.0   690.0
  11:17:51.203   923.5     0.4    180.0   700.0
  11:17:51.250   921.1     0.4    180.0   690.0
  11:17:51.296   918.8     0.4    180.0   680.0
  11:17:51.328   916.5     0.4    180.0   690.0
  11:17:51.375   914.2     0.4    180.0   690.0
  11:17:51.421   911.8     0.4    180.0   690.0
  11:17:51.468   909.4     0.4    180.0   710.0
  11:17:51.515   907.1     0.4    180.0   710.0
  11:17:51.546   904.7     0.4    180.0   690.0
  11:17:51.593   902.4     0.4    180.0   690.0
  11:17:51.640   900.1     0.4    180.0   690.0
  11:17:51.687   900.1     0.4    180.0   690.0
  11:17:51.734   897.8     0.4    180.0   690.0
  11:17:51.765   895.4     0.4    180.0   680.0
  11:17:51.812   893.1     0.4    180.0   680.0
  11:17:51.859   889.9     0.4    180.0   680.0
  11:17:51.906   887.6     0.4    180.0   680.0
  11:17:51.937   887.6     0.4    180.0   670.0
  11:17:51.984   882.8     0.4    180.0   680.0
  11:17:52.031   882.8     0.4    180.0   670.0
  11:17:52.062   880.5     0.4    180.0   670.0
  11:17:52.093   878.3     0.4    180.0   670.0
  11:17:52.140   876.0     0.4    180.0   670.0
  11:17:52.187   873.7     0.4    180.0   670.0
  11:17:52.234   871.2     0.4    180.0   670.0
  11:17:52.281   871.2     0.4    180.0   660.0
  11:17:52.312   868.9     0.4    180.0   660.0
  11:17:52.359   866.5     0.4    180.0   670.0
  11:17:52.406   864.2     0.4    180.0   660.0
  11:17:52.453   861.9     0.4    180.0   660.0
  11:17:52.484   859.5     0.4    180.0   660.0
  11:17:52.531   857.3     0.4    180.0   670.0
  11:17:52.609   854.8     0.4    180.0   670.0
  11:17:52.625   852.1     0.4    180.0   670.0
  11:17:52.656   850.2     0.4    180.0   670.0
  11:17:52.703   850.2     0.4    180.0   670.0
  11:17:52.750   847.8     0.4    180.0   670.0
  11:17:52.796   845.5     0.4    180.0   670.0
  11:17:52.828   843.1     0.4    180.0   670.0
  11:17:52.875   840.8     0.4    180.0   670.0
  11:17:52.921   838.6     0.4    180.0   670.0
  11:17:52.968   836.1     0.4    180.0   660.0
  11:17:53.015   833.7     0.4    180.0   670.0
  11:17:53.046   833.7     0.4    180.0   660.0
  11:17:53.093   830.7     0.4    180.0   650.0
  11:17:53.140   828.3     0.4    180.0   650.0
  11:17:53.171   826.0     0.4    180.0   660.0
  11:17:53.218   823.5     0.4    180.0   650.0
  11:17:53.265   821.3     0.4    180.0   650.0
  11:17:53.312   819.0     0.4    180.0   650.0
  11:17:53.359   816.7     0.4    180.0   650.0
  11:17:53.390   816.7     0.4    180.0   650.0
  11:17:53.437   814.4     0.4    180.0   650.0
  11:17:53.484   812.0     0.4    180.0   650.0
  11:17:53.531   809.7     0.4    180.0   660.0
  11:17:53.578   807.2     0.4    180.0   650.0
  11:17:53.609   804.9     0.4    180.0   650.0
  11:17:53.656   802.6     0.4    180.0   650.0
  11:17:53.703   800.3     0.4    180.0   650.0
  11:17:53.750   797.9     0.4    180.0   650.0
  11:17:53.781   795.6     0.4    180.0   650.0
  11:17:53.828   793.3     0.4    180.0   650.0
  11:17:53.875   793.3     0.4    180.0   650.0
  11:17:53.921   790.9     0.4    180.0   650.0
  11:17:53.953   788.6     0.4    180.0   650.0
  11:17:54.000   786.2     0.4    180.0   650.0
  11:17:54.046   783.8     0.4    180.0   650.0
  11:17:54.078   781.6     0.4    180.0   650.0
  11:17:54.125   779.3     0.4    180.0   650.0
  11:17:54.171   776.9     0.4    180.0   650.0
  11:17:54.218   774.5     0.4    180.0   650.0
  11:17:54.265   774.5     0.4    180.0   650.0
  11:17:54.296   772.2     0.4    180.0   650.0
  11:17:54.343   769.9     0.4    180.0   650.0
  11:17:54.390   767.6     0.4    180.0   650.0
  11:17:54.437   765.2     0.4    180.0   650.0
  11:17:54.484   762.8     0.4    180.0   650.0
  11:17:54.515   760.4     0.4    180.0   650.0
  11:17:54.562   758.2     0.4    180.0   650.0
  11:17:54.609   755.8     0.4    180.0   650.0
  11:17:54.640   753.4     0.4    180.0   650.0
  11:17:54.687   751.0     0.4    180.0   650.0
  11:17:54.734   751.0     0.4    180.0   640.0
  11:17:54.781   748.8     0.4    180.0   640.0
  11:17:54.828   746.4     0.4    180.0   650.0
  11:17:54.859   744.1     0.4    180.0   640.0
  11:17:54.906   741.7     0.4    180.0   640.0
  11:17:54.953   739.5     0.4    180.0   650.0
  11:17:55.000   737.1     0.4    180.0   650.0
  11:17:55.031   734.7     0.4    180.0   640.0
  11:17:55.078   732.4     0.4    180.0   650.0
  11:17:55.125   730.1     0.4    180.0   640.0
  11:17:55.171   730.1     0.4    180.0   640.0
  11:17:55.203   727.7     0.4    180.0   640.0
  11:17:55.250   725.4     0.4    180.0   650.0
  11:17:55.296   723.1     0.4    180.0   650.0
  11:17:55.343   720.8     0.4    180.0   650.0
  11:17:55.375   718.4     0.4    180.0   640.0
  11:17:55.421   716.0     0.4    180.0   640.0
  11:17:55.468   713.7     0.4    180.0   640.0
  11:17:55.515   711.4     0.4    180.0   640.0
  11:17:55.562   709.1     0.5    180.0   640.0
  11:17:55.593   709.1     0.5    180.0   640.0
  11:17:55.640   706.6     0.5    180.0   640.0
  11:17:55.687   704.4     0.5    180.0   640.0
  11:17:55.734   702.0     0.5    180.0   640.0
  11:17:55.765   699.7     0.5    180.0   640.0
  11:17:55.812   697.4     0.5    180.0   640.0
  11:17:55.859   695.0     0.5    180.0   640.0
  11:17:55.906   692.7     0.5    180.0   630.0
  11:17:55.937   690.3     0.5    180.0   630.0
  11:17:55.984   688.0     0.5    180.0   630.0
  11:17:56.031   685.6     0.5    180.0   640.0
  11:17:56.078   685.6     0.5    180.0   640.0
  11:17:56.109   683.3     0.5    180.0   640.0
  11:17:56.156   680.9     0.5    180.0   640.0
  11:17:56.203   678.6     0.5    180.0   640.0
  11:17:56.250   676.2     0.5    180.0   640.0
  11:17:56.296   674.0     0.5    180.0   640.0
  11:17:56.328   671.7     0.5    180.0   640.0
  11:17:56.375   669.3     0.5    180.0   640.0
  11:17:56.421   667.0     0.5    180.0   640.0
  11:17:56.453   664.6     0.5    180.0   630.0
  11:17:56.500   664.6     0.5    180.0   630.0
  11:17:56.546   662.2     0.5    180.0   640.0
  11:17:56.593   659.9     0.5    180.0   630.0
  11:17:56.640   657.5     0.5    180.0   630.0
  11:17:56.671   655.0     0.5    180.0   640.0
  11:17:56.718   653.0     0.5    180.0   640.0
  11:17:56.765   650.5     0.5    180.0   640.0
  11:17:56.812   648.2     0.5    180.0   630.0
  11:17:56.843   645.8     0.5    180.0   630.0
  11:17:56.890   643.4     0.5    180.0   640.0
  11:17:56.937   643.4     0.5    180.0   640.0
  11:17:56.984   641.2     0.5    180.0   630.0
  11:17:57.015   638.9     0.5    180.0   640.0
  11:17:57.078   636.5     0.5    180.0   630.0
  11:17:57.109   634.0     0.5    180.0   630.0
  11:17:57.156   631.9     0.5    180.0   630.0
  11:17:57.203   629.5     0.5    180.0   630.0
  11:17:57.234   627.2     0.5    180.0   630.0
  11:17:57.281   624.6     0.5    180.0   630.0
  11:17:57.328   624.6     0.5    180.0   640.0
  11:17:57.359   622.5     0.5    180.0   640.0
  11:17:57.406   620.1     0.5    180.0   640.0
  11:17:57.453   617.8     0.5    180.0   660.0
  11:17:57.484   615.3     0.5    180.0   660.0
  11:17:57.531   613.1     0.5    180.0   670.0
  11:17:57.562   610.8     0.5    180.0   690.0
  11:17:57.609   608.5     0.5    180.0   690.0
  11:17:57.656   608.5     0.5    180.0   740.0
  11:17:57.703   606.1     0.5    180.0   740.0
  11:17:57.750   603.8     0.5    180.0   740.0
  11:17:57.781   601.4     0.5    180.0   820.0
  11:17:57.828   599.0     0.5    180.0   790.0
  11:17:57.875   596.7     0.5    180.0   750.0
  11:17:57.890   596.7     0.5    180.0   790.0
  11:17:57.937   594.4     0.5    180.0   850.0
  11:17:57.968   592.0     0.5    180.0   850.0
  11:17:58.015   589.8     0.5    180.0   930.0
  11:17:58.062   587.5     0.5    180.0  1030.0
  11:17:58.109   585.1     0.5    180.0  1030.0
