Лабораторная работа 1. Анализ сенсорных данных об объекте

Маршрут: квадрат
Направление движения: против часовой стрелки
Скорость движения: 50.0 мм/с
Рабочий дальномер: левый (Rf_L)
Матрица положения дальномера Rf_L:
   0.000  -1.000   0.000  -120.0
   1.000   0.000   0.000   241.0
   0.000   0.000   1.000   229.5
       0       0       0       1

Выходная информация: положение робота, данные дальномера об объекте

          Time   X_rob   Y_rob  Ang_rob    Rf_L
  чч:мм:сс.ссс      мм      мм     град      мм
  11:22:39.718   819.7   -33.6      1.9   950.0
  11:22:39.765   822.0   -33.5      1.9   880.0
  11:22:39.796   824.4   -33.4      1.9   890.0
  11:22:39.843   826.7   -33.3      1.9   880.0
  11:22:39.890   829.0   -33.3      1.9   800.0
  11:22:39.937   831.3   -33.2      1.9   800.0
  11:22:39.968   831.3   -33.2      1.9   770.0
  11:22:40.015   833.7   -33.1      1.9   770.0
  11:22:40.062   836.0   -33.0      1.9   770.0
  11:22:40.109   838.4   -32.9      1.9   760.0
  11:22:40.156   840.7   -32.9      1.9   750.0
  11:22:40.187   843.1   -32.8      1.9   750.0
  11:22:40.234   845.5   -32.7      1.9   760.0
  11:22:40.281   847.8   -32.6      1.9   760.0
  11:22:40.328   850.0   -32.6      1.9   760.0
  11:22:40.375   852.4   -32.5      1.9   740.0
  11:22:40.406   854.7   -32.4      1.9   740.0
  11:22:40.453   854.7   -32.4      1.9   750.0
  11:22:40.500   857.4   -32.3      1.9   740.0
  11:22:40.531   859.4   -32.2      1.9   740.0
  11:22:40.578   861.7   -32.2      1.9   740.0
  11:22:40.640   864.1   -32.1      1.9   740.0
  11:22:40.671   867.3   -32.0      1.9   740.0
  11:22:40.718   867.3   -32.0      1.9   740.0
  11:22:40.750   869.6   -31.9      1.9   730.0
  11:22:40.796   871.9   -31.8      1.9   730.0
  11:22:40.828   874.3   -31.8      1.9   730.0
  11:22:40.875   876.6   -31.7      1.9   730.0
  11:22:40.921   878.9   -31.6      1.9   720.0
  11:22:40.968   881.2   -31.5      1.9   730.0
  11:22:41.000   883.7   -31.4      1.9   720.0
  11:22:41.046   883.7   -31.4      1.9   720.0
  11:22:41.078   886.1   -31.4      1.9   720.0
  11:22:41.125   888.2   -31.3      1.9   710.0
  11:22:41.171   890.6   -31.2      1.9   710.0
  11:22:41.218   892.9   -31.1      1.9   710.0
  11:22:41.250   895.2   -31.1      1.9   710.0
  11:22:41.296   897.7   -31.0      1.9   710.0
  11:22:41.343   900.0   -30.9      1.9   710.0
  11:22:41.390   902.4   -30.8      1.9   710.0
  11:22:41.437   904.6   -30.7      1.9   690.0
  11:22:41.468   904.6   -30.7      1.9   700.0
  11:22:41.515   906.9   -30.7      1.9   700.0
  11:22:41.562   909.3   -30.6      1.9   690.0
  11:22:41.593   911.6   -30.5      1.9   690.0
  11:22:41.640   914.0   -30.4      1.9   690.0
  11:22:41.687   916.4   -30.4      1.9   680.0
  11:22:41.734   918.7   -30.3      1.9   680.0
  11:22:41.765   921.0   -30.2      1.9   670.0
  11:22:41.812   921.0   -30.2      1.9   670.0
  11:22:41.859   923.3   -30.1      1.9   670.0
  11:22:41.906   925.8   -30.0      1.9   670.0
  11:22:41.953   928.0   -30.0      1.9   670.0
  11:22:41.984   930.3   -29.9      1.9   670.0
  11:22:42.031   932.7   -29.8      1.9   660.0
  11:22:42.062   935.1   -29.7      1.9   660.0
  11:22:42.109   937.3   -29.7      1.9   660.0
  11:22:42.140   937.3   -29.7      1.9   660.0
  11:22:42.187   939.6   -29.6      1.9   650.0
  11:22:42.234   942.0   -29.5      1.9   650.0
  11:22:42.281   944.5   -29.4      1.9   650.0
  11:22:42.328   946.8   -29.3      1.9   650.0
  11:22:42.359   949.1   -29.3      1.9   650.0
  11:22:42.406   951.4   -29.2      1.9   650.0
  11:22:42.453   953.9   -29.1      1.9   640.0
  11:22:42.500   956.1   -29.0      1.9   640.0
  11:22:42.531   958.5   -29.0      1.9   640.0
  11:22:42.578   960.8   -28.9      1.9   640.0
  11:22:42.625   960.8   -28.9      1.9   640.0
  11:22:42.671   963.0   -28.8      1.9   620.0
  11:22:42.718   965.5   -28.7      1.9   610.0
  11:22:42.750   967.8   -28.7      1.9   620.0
  11:22:42.796   970.1   -28.6      1.9   620.0
  11:22:42.843   972.4   -28.5      1.9   620.0
  11:22:42.875   974.8   -28.4      1.9   620.0
  11:22:42.921   977.3   -28.3      1.9   610.0
  11:22:42.968   979.5   -28.3      1.9   600.0
  11:22:43.000   979.5   -28.3      1.9   610.0
  11:22:43.062   981.8   -28.2      1.9   610.0
  11:22:43.093   984.1   -28.1      1.9   600.0
  11:22:43.140   986.5   -28.0      1.9   600.0
  11:22:43.187   988.7   -28.0      1.9   600.0
  11:22:43.234   991.2   -27.9      1.9   600.0
  11:22:43.265   993.4   -27.8      1.9   600.0
  11:22:43.312   996.2   -27.7      1.9   590.0
  11:22:43.359   998.2   -27.6      1.9   590.0
  11:22:43.406  1000.5   -27.6      1.9   590.0
  11:22:43.437  1002.9   -27.5      1.9   590.0
  11:22:43.484  1002.9   -27.5      1.9   590.0
  11:22:43.531  1005.2   -27.4      1.9   590.0
  11:22:43.562  1007.5   -27.3      1.9   590.0
  11:22:43.609  1009.9   -27.3      1.9   590.0
  11:22:43.656  1012.2   -27.2      1.9   590.0
  11:22:43.703  1014.5   -27.1      1.9   590.0
  11:22:43.734  1016.8   -27.0      1.9   590.0
  11:22:43.781  1019.2   -27.0      1.9   590.0
  11:22:43.828  1021.5   -26.9      1.9   590.0
  11:22:43.875  1021.5   -26.9      1.9   590.0
  11:22:43.906  1023.8   -26.8      1.9   590.0
  11:22:43.937  1026.2   -26.7      1.9   590.0
  11:22:43.984  1028.6   -26.6      1.9   590.0
  11:22:44.031  1030.9   -26.6      1.9   590.0
  11:22:44.093  1033.2   -26.5      1.9   590.0
  11:22:44.125  1035.5   -26.4      1.9   590.0
  11:22:44.156  1037.8   -26.3      1.9   590.0
  11:22:44.203  1037.8   -26.3      1.9   590.0
  11:22:44.250  1040.2   -26.3      1.9   570.0
  11:22:44.296  1042.6   -26.2      1.9   580.0
  11:22:44.328  1044.9   -26.1      1.9   580.0
  11:22:44.375  1047.2   -26.0      1.9   580.0
  11:22:44.421  1049.5   -25.9      1.9   580.0
  11:22:44.468  1052.0   -25.9      1.9   580.0
  11:22:44.500  1054.2   -25.8      1.9   580.0
  11:22:44.546  1056.7   -25.7      1.9   580.0
  11:22:44.593  1056.7   -25.7      1.9   580.0
  11:22:44.640  1059.0   -25.6      1.9   580.0
  11:22:44.671  1061.2   -25.6      1.9   580.0
  11:22:44.718  1063.6   -25.5      1.9   580.0
  11:22:44.765  1066.0   -25.4      1.9   580.0
  11:22:44.812  1068.3   -25.3      1.9   580.0
  11:22:44.843  1070.6   -25.2      1.9   580.0
  11:22:44.906  1073.0   -25.2      1.9   580.0
  11:22:44.937  1075.4   -25.1      1.9   580.0
  11:22:44.984  1077.7   -25.0      1.9   580.0
  11:22:45.015  1077.7   -25.0      1.9   580.0
  11:22:45.062  1080.0   -24.9      1.9   580.0
  11:22:45.109  1082.3   -24.9      1.9   570.0
  11:22:45.156  1085.1   -24.8      1.9   560.0
  11:22:45.203  1086.9   -24.7      1.9   560.0
  11:22:45.234  1089.3   -24.6      1.9   570.0
  11:22:45.281  1091.6   -24.5      1.9   570.0
  11:22:45.328  1094.4   -24.5      1.9   570.0
  11:22:45.375  1096.3   -24.4      1.9   570.0
  11:22:45.406  1098.6   -24.3      1.9   570.0
  11:22:45.453  1101.0   -24.2      1.9   570.0
  11:22:45.515  1103.4   -24.2      1.9   560.0
  11:22:45.531  1103.4   -24.2      1.9   560.0
  11:22:45.578  1105.7   -24.1      1.9   560.0
  11:22:45.625  1108.1   -24.0      1.9   560.0
  11:22:45.671  1110.3   -23.9      1.9   560.0
  11:22:45.703  1112.8   -23.8      1.9   560.0
  11:22:45.750  1115.1   -23.8      1.9   560.0
  11:22:45.796  1117.4   -23.7      1.9   550.0
  11:22:45.828  1117.4   -23.7      1.9   550.0
  11:22:45.875  1119.7   -23.6      1.9   560.0
  11:22:45.921  1122.1   -23.5      1.9   560.0
  11:22:45.968  1124.5   -23.5      1.9   560.0
  11:22:46.000  1126.8   -23.4      1.9   560.0
  11:22:46.046  1129.0   -23.3      1.9   550.0
  11:22:46.093  1131.4   -23.2      1.9   550.0
  11:22:46.140  1134.0   -23.1      1.9   560.0
  11:22:46.187  1136.1   -23.1      1.9   560.0
  11:22:46.218  1138.4   -23.0      1.9   560.0
  11:22:46.265  1138.4   -23.0      1.9   550.0
  11:22:46.312  1140.7   -22.9      1.9   550.0
  11:22:46.343  1143.1   -22.8      1.9   550.0
  11:22:46.390  1145.4   -22.8      1.9   550.0
  11:22:46.437  1147.8   -22.7      1.9   550.0
  11:22:46.484  1150.2   -22.6      1.9   550.0
  11:22:46.531  1152.5   -22.5      1.9   550.0
  11:22:46.562  1154.9   -22.5      1.9   540.0
  11:22:46.609  1157.1   -22.4      1.9   540.0
  11:22:46.656  1159.5   -22.3      1.9   540.0
  11:22:46.718  1161.8   -22.2      1.9   540.0
  11:22:46.734  1161.8   -22.2      1.9   540.0
  11:22:46.781  1164.9   -22.1      1.9   540.0
  11:22:46.828  1167.2   -22.0      1.9   540.0
  11:22:46.875  1169.6   -22.0      1.9   540.0
  11:22:46.921  1171.9   -21.9      1.9   540.0
  11:22:46.953  1174.3   -21.8      1.9   540.0
  11:22:47.000  1174.3   -21.8      1.9   540.0
  11:22:47.046  1176.7   -21.7      1.9   540.0
  11:22:47.062  1179.1   -21.7      1.9   540.0
  11:22:47.109  1181.3   -21.6      1.9   540.0
  11:22:47.156  1183.7   -21.5      1.9   540.0
  11:22:47.187  1183.7   -21.5      1.9   530.0
  11:22:47.234  1185.9   -21.4      1.9   530.0
  11:22:47.281  1188.4   -21.3      1.9   530.0
  11:22:47.328  1190.6   -21.3      1.9   530.0
  11:22:47.359  1193.0   -21.2      1.9   530.0
  11:22:47.406  1195.3   -21.1      1.9   530.0
  11:22:47.453  1197.7   -21.0      1.9   530.0
  11:22:47.500  1200.1   -21.0      1.9   530.0
  11:22:47.531  1202.5   -20.9      1.9   530.0
  11:22:47.578  1204.7   -20.8      1.9   530.0
  11:22:47.625  1204.7   -20.8      1.9   530.0
  11:22:47.671  1207.1   -20.7      1.9   530.0
  11:22:47.703  1209.4   -20.6      1.9   530.0
  11:22:47.750  1211.6   -20.6      1.9   530.0
  11:22:47.796  1214.1   -20.5      1.9   510.0
  11:22:47.843  1216.4   -20.4      1.9   510.0
  11:22:47.875  1218.6   -20.3      1.9   520.0
  11:22:47.921  1221.1   -20.3      1.9   520.0
  11:22:47.968  1223.3   -20.2      1.9   510.0
  11:22:48.015  1223.3   -20.2      1.9   520.0
  11:22:48.046  1225.7   -20.1      1.9   530.0
  11:22:48.093  1228.1   -20.0      1.9   530.0
  11:22:48.125  1230.4   -19.9      1.9   530.0
  11:22:48.171  1233.0   -19.9      1.9   530.0
  11:22:48.218  1235.0   -19.8      1.9   530.0
  11:22:48.265  1237.5   -19.7      1.9   540.0
  11:22:48.296  1239.7   -19.6      1.9   590.0
  11:22:48.343  1242.0   -19.6      1.9   590.0
  11:22:48.390  1242.0   -19.6      1.9   640.0
  11:22:48.437  1244.5   -19.5      1.9   730.0
  11:22:48.468  1246.8   -19.4      1.9   730.0
  11:23:26.078  1838.4   891.3     90.0   890.0
  11:23:26.125  1838.4   893.6     90.0   890.0
  11:23:26.171  1838.4   896.0     90.0   570.0
  11:23:26.218  1838.4   898.3     90.0   510.0
  11:23:26.234  1838.4   898.3     90.0   510.0
  11:23:26.281  1838.4   900.6     90.0   480.0
  11:23:26.328  1838.4   903.1     90.0   470.0
  11:23:26.359  1838.4   905.3     90.0   480.0
  11:23:26.406  1838.4   907.7     90.0   480.0
  11:23:26.453  1838.4   910.0     90.0   480.0
  11:23:26.500  1838.4   912.4     90.0   480.0
  11:23:26.531  1838.4   914.7     90.0   480.0
  11:23:26.578  1838.4   917.0     90.0   480.0
  11:23:26.625  1838.4   919.3     90.0   480.0
  11:23:26.671  1838.4   919.3     90.0   480.0
  11:23:26.703  1838.4   921.7     90.0   480.0
  11:23:26.750  1838.4   924.1     90.0   480.0
  11:23:26.796  1838.4   926.5     90.0   490.0
  11:23:26.843  1838.4   928.8     90.0   490.0
  11:23:26.875  1838.4   931.0     90.0   490.0
  11:23:26.921  1838.4   933.4     90.0   480.0
  11:23:26.968  1838.4   935.8     90.0   480.0
  11:23:27.000  1838.4   938.1     90.0   480.0
  11:23:27.046  1838.4   938.1     90.0   480.0
  11:23:27.093  1838.4   940.5     90.0   480.0
  11:23:27.125  1838.4   942.8     90.0   480.0
  11:23:27.171  1838.4   945.1     90.0   480.0
  11:23:27.203  1838.4   947.4     90.0   480.0
  11:23:27.250  1838.4   949.8     90.0   480.0
  11:23:27.296  1838.4   952.1     90.0   480.0
  11:23:27.359  1838.4   952.1     90.0   480.0
  11:23:27.375  1838.4   954.4     90.0   480.0
  11:23:27.421  1838.4   957.5     90.0   490.0
  11:23:27.468  1838.4   959.9     90.0   490.0
  11:23:27.500  1838.4   962.2     90.0   490.0
  11:23:27.546  1838.4   964.8     90.0   490.0
  11:23:27.625  1838.4   967.0     90.0   490.0
  11:23:27.671  1838.4   969.4     90.0   490.0
  11:23:27.687  1838.4   971.7     90.0   490.0
  11:23:27.734  1838.4   971.7     90.0   490.0
  11:23:27.781  1838.4   973.9     90.0   490.0
  11:23:27.828  1838.4   977.1     90.0   490.0
  11:23:27.859  1838.4   979.4     90.0   490.0
  11:23:27.906  1838.4   981.7     90.0   490.0
  11:23:27.953  1838.4   984.0     90.0   490.0
  11:23:28.000  1838.4   986.4     90.0   490.0
  11:23:28.031  1838.4   986.4     90.0   490.0
  11:23:28.078  1838.4   988.7     90.0   490.0
  11:23:28.125  1838.4   991.1     90.0   490.0
  11:23:28.171  1838.4   993.5     90.0   490.0
  11:23:28.218  1838.4   995.8     90.0   500.0
  11:23:28.250  1838.4   998.2     90.0   490.0
  11:23:28.296  1838.4  1000.4     90.0   500.0
  11:23:28.343  1838.4  1002.8     90.0   490.0
  11:23:28.375  1838.4  1005.1     90.0   490.0
  11:23:28.421  1838.4  1005.1     90.0   490.0
  11:23:28.468  1838.4  1007.5     90.0   490.0
  11:23:28.515  1838.4  1009.8     90.0   490.0
  11:23:28.546  1838.4  1012.2     90.0   500.0
  11:23:28.593  1838.4  1014.5     90.0   490.0
  11:23:28.640  1838.4  1016.8     90.0   490.0
  11:23:28.687  1838.4  1019.2     90.0   490.0
  11:23:28.718  1838.4  1021.5     90.0   500.0
  11:23:28.765  1838.4  1023.8     90.0   500.0
  11:23:28.812  1838.4  1026.3     90.0   500.0
  11:23:28.859  1838.4  1026.3     90.0   500.0
  11:23:28.906  1838.4  1028.5     90.0   500.0
  11:23:28.937  1838.4  1030.8     90.0   500.0
  11:23:28.984  1838.4  1033.2     90.0   500.0
  11:23:29.031  1838.4  1035.6     90.0   500.0
  11:23:29.062  1838.4  1037.9     90.0   500.0
  11:23:29.109  1838.4  1040.3     90.0   500.0
  11:23:29.156  1838.4  1042.7     90.0   500.0
  11:23:29.203  1838.4  1044.9     90.0   500.0
  11:23:29.234  1838.4  1047.2     90.0   500.0
  11:23:29.281  1838.4  1049.6     90.0   500.0
  11:23:29.328  1838.4  1049.6     90.0   500.0
  11:23:29.375  1838.4  1051.9     90.0   500.0
  11:23:29.421  1838.4  1054.2     90.0   500.0
  11:23:29.468  1838.4  1056.7     90.0   500.0
  11:23:29.500  1838.4  1058.9     90.0   510.0
  11:23:29.546  1838.4  1061.3     90.0   510.0
  11:23:29.593  1838.4  1063.7     90.0   510.0
  11:23:29.640  1838.4  1066.0     90.0   510.0
  11:23:29.671  1838.4  1068.4     90.0   510.0
  11:23:29.718  1838.4  1068.4     90.0   510.0
  11:23:29.765  1838.4  1070.6     90.0   510.0
  11:23:29.796  1838.4  1073.0     90.0   510.0
  11:23:29.843  1838.4  1075.4     90.0   510.0
  11:23:29.890  1838.4  1077.7     90.0   500.0
  11:23:29.937  1838.4  1080.0     90.0   500.0
  11:23:29.984  1838.4  1082.3     90.0   510.0
  11:23:30.015  1838.4  1082.3     90.0   510.0
  11:23:30.062  1838.4  1085.2     90.0   510.0
  11:23:30.109  1838.4  1087.8     90.0   510.0
  11:23:30.156  1838.4  1090.1     90.0   510.0
  11:23:30.203  1838.4  1092.4     90.0   510.0
  11:23:30.234  1838.4  1094.8     90.0   510.0
  11:23:30.281  1838.4  1097.2     90.0   510.0
  11:23:30.328  1838.4  1099.4     90.0   510.0
  11:23:30.375  1838.4  1101.9     90.0   510.0
  11:23:30.406  1838.3  1104.2     90.0   510.0
  11:23:30.453  1838.3  1106.4     90.0   510.0
  11:23:30.500  1838.3  1106.4     90.0   510.0
  11:23:30.546  1838.3  1108.9     90.0   510.0
  11:23:30.593  1838.3  1111.1     90.0   510.0
  11:23:30.625  1838.3  1113.5     90.0   510.0
  11:23:30.687  1838.3  1116.0     90.0   520.0
  11:23:30.718  1838.3  1118.4     90.0   520.0
  11:23:30.750  1838.3  1120.6     90.0   520.0
  11:23:30.812  1838.3  1122.8     90.0   510.0
  11:23:30.843  1838.3  1125.2     90.0   510.0
  11:23:30.890  1838.3  1127.6     90.0   520.0
  11:23:30.921  1838.3  1127.6     90.0   520.0
  11:23:30.968  1838.3  1129.9     90.0   520.0
  11:23:31.015  1838.3  1132.3     90.0   520.0
  11:23:31.062  1838.3  1134.6     90.0   520.0
  11:23:31.109  1838.3  1136.9     90.0   510.0
  11:23:31.140  1838.3  1139.3     90.0   520.0
  11:23:31.187  1838.3  1141.6     90.0   520.0
  11:23:31.234  1838.3  1144.1     90.0   520.0
  11:23:31.281  1838.3  1146.3     90.0   520.0
  11:23:31.312  1838.3  1148.7     90.0   520.0
  11:23:31.359  1838.3  1148.7     90.0   520.0
  11:23:31.406  1838.3  1151.1     90.0   520.0
  11:23:31.453  1838.3  1153.4     90.0   520.0
  11:23:31.484  1838.3  1155.6     90.0   520.0
  11:23:31.531  1838.3  1158.1     90.0   520.0
  11:23:31.578  1838.3  1160.4     90.0   530.0
  11:23:31.625  1838.3  1162.6     90.0   530.0
  11:23:31.671  1838.3  1165.1     90.0   530.0
  11:23:31.703  1838.3  1167.4     90.0   530.0
  11:23:31.750  1838.3  1169.6     90.0   530.0
  11:23:31.796  1838.3  1169.6     90.0   530.0
  11:23:31.843  1838.3  1171.9     90.0   540.0
  11:23:31.875  1838.3  1174.5     90.0   540.0
  11:23:31.921  1838.3  1176.8     90.0   540.0
  11:23:31.968  1838.3  1179.1     90.0   540.0
  11:23:32.000  1838.3  1181.4     90.0   540.0
  11:23:32.031  1838.3  1183.9     90.0   540.0
  11:23:32.078  1838.3  1186.0     90.0   540.0
  11:23:32.125  1838.3  1186.0     90.0   540.0
  11:23:32.171  1838.3  1188.3     90.0   550.0
  11:23:32.218  1838.3  1190.7     90.0   550.0
  11:23:32.250  1838.3  1193.3     90.0   550.0
  11:23:32.296  1838.3  1195.5     90.0   550.0
  11:23:32.343  1838.3  1197.8     90.0   550.0
  11:23:32.390  1838.3  1200.1     90.0   550.0
  11:23:32.421  1838.3  1202.5     90.0   550.0
  11:23:32.468  1838.3  1204.7     90.0   560.0
  11:23:32.515  1838.3  1204.7     90.0   560.0
  11:23:32.562  1838.3  1207.1     90.0   560.0
  11:23:32.593  1838.3  1209.4     90.0   560.0
  11:23:32.640  1838.3  1211.8     90.0   560.0
  11:23:32.687  1838.3  1214.2     90.0   560.0
  11:23:32.734  1838.3  1216.6     90.0   560.0
  11:23:32.765  1838.3  1218.8     90.0   560.0
  11:23:32.812  1838.3  1221.1     90.0   570.0
  11:23:32.859  1838.3  1223.5     90.0   570.0
  11:23:32.875  1838.3  1223.5     90.0   570.0
  11:23:32.921  1838.3  1225.8     90.0   570.0
  11:23:32.968  1838.3  1228.3     90.0   580.0
  11:23:33.015  1838.3  1230.5     90.0   580.0
  11:23:33.046  1838.3  1232.8     90.0   580.0
  11:23:33.093  1838.3  1235.3     90.0   590.0
  11:23:33.140  1838.3  1235.3     90.0   590.0
  11:23:33.187  1838.3  1237.5     90.0   590.0
  11:23:33.218  1838.3  1239.9     90.0   590.0
  11:23:33.265  1838.3  1242.2     90.0   590.0
  11:23:33.312  1838.3  1244.5     90.0   590.0
  11:23:33.359  1838.3  1246.8     90.0   590.0
  11:23:33.390  1838.3  1249.1     90.0   590.0
  11:23:33.421  1838.3  1249.1     90.0   590.0
  11:23:33.468  1838.3  1251.5     90.0   590.0
  11:23:33.500  1838.3  1254.7     90.0   590.0
  11:23:33.546  1838.3  1257.0     90.0   600.0
  11:23:33.593  1838.3  1259.3     90.0   600.0
  11:23:33.640  1838.3  1261.7     90.0   600.0
  11:23:33.671  1838.3  1264.0     90.0   600.0
  11:23:33.718  1838.3  1264.0     90.0   600.0
  11:23:33.765  1838.3  1266.4     90.0   600.0
  11:23:33.796  1838.3  1268.8     90.0   610.0
  11:23:33.843  1838.3  1271.0     90.0   610.0
  11:23:33.890  1838.3  1273.3     90.0   610.0
  11:23:33.937  1838.3  1275.7     90.0   610.0
  11:23:33.984  1838.3  1278.1     90.0   610.0
  11:23:34.015  1838.3  1280.4     90.0   610.0
  11:23:34.062  1838.3  1282.8     90.0   610.0
  11:23:34.109  1838.3  1282.8     90.0   620.0
  11:23:34.140  1838.3  1285.1     90.0   620.0
  11:23:34.187  1838.3  1287.4     90.0   630.0
  11:23:34.234  1838.3  1289.7     90.0   630.0
  11:23:34.281  1838.3  1292.1     90.0   630.0
  11:23:34.328  1838.3  1294.4     90.0   630.0
  11:23:34.359  1838.3  1296.8     90.0   630.0
  11:23:34.406  1838.3  1299.1     90.0   630.0
  11:23:34.453  1838.3  1301.5     90.0   630.0
  11:23:34.500  1838.3  1303.9     90.0   640.0
  11:23:34.546  1838.3  1303.9     90.0   630.0
  11:23:34.578  1838.3  1306.1     90.0   630.0
  11:23:34.625  1838.3  1308.4     90.0   630.0
  11:23:34.671  1838.3  1310.9     90.0   630.0
  11:23:34.718  1838.3  1313.2     90.0   640.0
  11:23:34.750  1838.3  1315.5     90.0   640.0
  11:23:34.796  1838.3  1317.8     90.0   640.0
  11:23:34.843  1838.3  1320.1     90.0   650.0
  11:23:34.890  1838.3  1322.4     90.0   660.0
  11:23:34.937  1838.3  1324.8     90.0   650.0
  11:23:34.968  1838.3  1327.1     90.0   660.0
  11:23:35.015  1838.3  1327.1     90.0   660.0
  11:23:35.062  1838.3  1329.6     90.0   650.0
  11:23:35.093  1838.3  1331.9     90.0   660.0
  11:23:35.140  1838.3  1334.2     90.0   670.0
  11:23:35.187  1838.3  1336.6     90.0   670.0
  11:23:35.234  1838.3  1338.8     90.0   670.0
  11:23:35.296  1838.3  1341.1     90.0   680.0
  11:23:35.312  1838.3  1341.1     90.0   680.0
  11:23:35.359  1838.3  1344.3     90.0   680.0
  11:23:35.406  1838.3  1346.7     90.0   690.0
  11:23:35.453  1838.3  1349.0     90.0   690.0
  11:23:35.484  1838.3  1351.3     90.0   740.0
  11:23:35.531  1838.3  1354.4     90.0   770.0
  11:23:35.578  1838.3  1354.4     90.0   770.0
  11:23:35.625  1838.3  1356.8     90.0   910.0
  11:23:35.671  1838.3  1359.2     90.0   990.0
  11:23:35.703  1838.3  1361.9     90.0   990.0
  11:24:10.453   960.9  1838.5   -180.0  1090.0
  11:24:10.500   958.8  1838.5   -180.0  1090.0
  11:24:10.578   954.0  1838.5   -180.0   970.0
  11:24:10.625   954.0  1838.5   -180.0   970.0
  11:24:10.687   950.7  1838.5   -180.0   790.0
  11:24:10.703   947.8  1838.5   -180.0   750.0
  11:24:10.750   945.5  1838.5   -180.0   750.0
  11:24:10.781   945.5  1838.5   -180.0   750.0
  11:24:10.828   943.2  1838.5   -180.0   750.0
  11:24:10.875   940.7  1838.5   -180.0   750.0
  11:24:10.921   938.4  1838.5   -180.0   710.0
  11:24:10.968   936.0  1838.4   -180.0   690.0
  11:24:11.000   933.8  1838.4   -180.0   690.0
  11:24:11.078   931.3  1838.4   -180.0   610.0
  11:24:11.109   929.1  1838.4   -180.0   610.0
  11:24:11.156   926.7  1838.4   -180.0   610.0
  11:24:11.187   924.5  1838.4   -180.0   550.0
  11:24:11.234   921.9  1838.4   -180.0   550.0
  11:24:11.265   919.6  1838.4   -180.0   550.0
  11:24:11.312   917.4  1838.4   -180.0   530.0
  11:24:11.359   917.4  1838.4   -180.0   530.0
  11:24:11.406   915.0  1838.4   -180.0   530.0
  11:24:11.437   912.8  1838.4   -180.0   520.0
  11:24:11.484   910.4  1838.4   -180.0   520.0
  11:24:11.531   908.1  1838.4   -180.0   520.0
  11:24:11.562   905.7  1838.4   -180.0   510.0
  11:24:11.593   905.7  1838.4   -180.0   510.0
  11:24:11.640   903.3  1838.4   -180.0   510.0
  11:24:11.687   901.0  1838.4   -180.0   510.0
  11:24:11.718   898.6  1838.4   -180.0   510.0
  11:24:11.765   896.3  1838.4   -180.0   510.0
  11:24:11.812   894.0  1838.4   -180.0   500.0
  11:24:11.859   891.7  1838.4   -180.0   500.0
  11:24:11.890   889.3  1838.4   -180.0   500.0
  11:24:11.937   889.3  1838.4   -180.0   500.0
  11:24:11.968   887.0  1838.4   -180.0   500.0
  11:24:12.015   884.6  1838.4   -180.0   500.0
  11:24:12.062   882.3  1838.4   -180.0   490.0
  11:24:12.109   880.0  1838.4   -180.0   480.0
  11:24:12.140   877.6  1838.4   -180.0   480.0
  11:24:12.187   875.3  1838.4   -180.0   480.0
  11:24:12.234   872.9  1838.4   -180.0   480.0
  11:24:12.281   870.7  1838.4   -180.0   480.0
  11:24:12.312   870.7  1838.4   -180.0   480.0
  11:24:12.359   868.3  1838.4   -180.0   480.0
  11:24:12.406   865.9  1838.4   -180.0   480.0
  11:24:12.453   863.5  1838.4   -180.0   480.0
  11:24:12.500   861.2  1838.4   -180.0   470.0
  11:24:12.531   858.9  1838.4   -180.0   470.0
  11:24:12.578   856.5  1838.4   -180.0   470.0
  11:24:12.625   854.2  1838.4   -180.0   470.0
  11:24:12.671   851.9  1838.4   -180.0   470.0
  11:24:12.718   849.5  1838.4   -180.0   460.0
  11:24:12.750   847.2  1838.4   -180.0   460.0
  11:24:12.796   847.2  1838.4   -180.0   460.0
  11:24:12.843   844.8  1838.4   -180.0   460.0
  11:24:12.890   842.5  1838.4   -180.0   450.0
  11:24:12.921   840.3  1838.4   -180.0   450.0
  11:24:12.968   837.9  1838.4   -180.0   450.0
  11:24:13.015   835.5  1838.4   -180.0   450.0
  11:24:13.046   833.2  1838.4   -180.0   450.0
  11:24:13.093   830.8  1838.4   -180.0   440.0
  11:24:13.140   828.5  1838.4   -180.0   440.0
  11:24:13.187   828.5  1838.4   -180.0   440.0
  11:24:13.218   826.1  1838.4   -180.0   440.0
  11:24:13.265   823.8  1838.4   -180.0   440.0
  11:24:13.312   821.5  1838.4   -180.0   440.0
  11:24:13.359   819.1  1838.4   -180.0   430.0
  11:24:13.406   816.9  1838.4   -180.0   430.0
  11:24:13.437   814.5  1838.4   -180.0   430.0
  11:24:13.484   811.6  1838.4   -180.0   430.0
  11:24:13.531   809.8  1838.4   -180.0   430.0
  11:24:13.578   807.4  1838.4   -180.0   430.0
  11:24:13.609   807.4  1838.4   -180.0   420.0
  11:24:13.656   805.1  1838.4   -180.0   420.0
  11:24:13.687   802.8  1838.4   -180.0   420.0
  11:24:13.734   800.4  1838.4   -180.0   410.0
  11:24:13.765   798.0  1838.4   -180.0   410.0
  11:24:13.812   795.7  1838.4   -180.0   410.0
  11:24:13.859   795.7  1838.4   -180.0   410.0
  11:24:13.890   793.4  1838.4   -180.0   410.0
  11:24:13.937   791.0  1838.4   -180.0   410.0
  11:24:13.984   788.6  1838.4   -180.0   400.0
  11:24:14.031   786.4  1838.4   -180.0   400.0
  11:24:14.078   784.1  1838.4   -180.0   400.0
  11:24:14.109   781.5  1838.4   -180.0   400.0
  11:24:14.156   779.3  1838.4   -180.0   400.0
  11:24:14.203   777.0  1838.4   -180.0   400.0
  11:24:14.234   774.7  1838.4   -180.0   390.0
  11:24:14.281   774.7  1838.4   -180.0   390.0
  11:24:14.328   772.4  1838.4   -180.0   390.0
  11:24:14.375   770.0  1838.4   -180.0   380.0
  11:24:14.421   767.7  1838.4   -180.0   380.0
  11:24:14.453   765.3  1838.4   -180.0   380.0
  11:24:14.500   763.0  1838.4   -180.0   380.0
  11:24:14.546   760.6  1838.4   -180.0   380.0
  11:24:14.593   758.3  1838.4   -180.0   380.0
  11:24:14.640   755.8  1838.4   -180.0   370.0
  11:24:14.687   753.6  1838.4   -180.0   370.0
  11:24:14.718   751.3  1838.3   -180.0   370.0
  11:24:14.765   751.3  1838.3   -180.0   370.0
  11:24:14.812   749.0  1838.3   -180.0   360.0
  11:24:14.843   746.5  1838.3   -180.0   360.0
  11:24:14.890   744.2  1838.3   -180.0   360.0
  11:24:14.937   742.0  1838.3   -180.0   360.0
  11:24:14.984   739.6  1838.3   -180.0   360.0
  11:24:15.015   737.3  1838.3   -180.0   360.0
  11:24:15.062   735.0  1838.3   -180.0   360.0
  11:24:15.109   732.6  1838.3   -180.0   360.0
  11:24:15.140   732.6  1838.3   -180.0   360.0
  11:24:15.187   730.2  1838.3   -180.0   360.0
  11:24:15.234   727.8  1838.3   -180.0   360.0
  11:24:15.281   725.5  1838.3   -180.0   370.0
  11:24:15.312   723.0  1838.3   -180.0   370.0
  11:24:15.359   720.9  1838.3   -180.0   370.0
  11:24:15.406   718.6  1838.3   -180.0   370.0
  11:24:15.453   716.2  1838.3   -180.0   370.0
  11:24:15.500   713.7  1838.3   -180.0   370.0
  11:24:15.546   711.5  1838.3   -180.0   370.0
  11:24:15.578   711.5  1838.3   -180.0   370.0
  11:24:15.625   709.2  1838.3   -180.0   370.0
  11:24:15.671   706.9  1838.3   -180.0   380.0
  11:24:15.718   704.6  1838.3   -180.0   370.0
  11:24:15.750   702.2  1838.3   -180.0   380.0
  11:24:15.796   699.8  1838.3   -180.0   380.0
  11:24:15.843   697.4  1838.3   -180.0   380.0
  11:24:15.890   695.1  1838.3   -180.0   380.0
  11:24:15.921   692.8  1838.3   -180.0   390.0
  11:24:15.968   690.6  1838.3   -180.0   390.0
  11:24:16.015   688.2  1838.3   -180.0   390.0
  11:24:16.062   688.2  1838.3   -180.0   390.0
  11:24:16.109   685.8  1838.3   -180.0   390.0
  11:24:16.140   683.5  1838.3   -180.0   400.0
  11:24:16.187   681.2  1838.3   -180.0   400.0
  11:24:16.218   678.7  1838.3   -180.0   400.0
  11:24:16.250   676.4  1838.3   -180.0   400.0
  11:24:16.296   674.1  1838.3   -180.0   400.0
  11:24:16.343   674.1  1838.3   -180.0   400.0
  11:24:16.375   671.8  1838.3   -180.0   410.0
  11:24:16.421   669.4  1838.3   -180.0   410.0
  11:24:16.468   667.1  1838.3   -180.0   410.0
  11:24:16.515   664.7  1838.3   -180.0   410.0
  11:24:16.562   662.4  1838.3   -180.0   410.0
  11:24:16.609   660.1  1838.3   -180.0   410.0
  11:24:16.640   657.8  1838.3   -180.0   420.0
  11:24:16.687   655.4  1838.3   -180.0   410.0
  11:24:16.734   653.0  1838.3   -180.0   410.0
  11:24:16.765   653.0  1838.3   -180.0   410.0
  11:24:16.812   650.7  1838.3   -180.0   420.0
  11:24:16.859   648.3  1838.3   -180.0   420.0
  11:24:16.906   646.0  1838.3   -180.0   430.0
  11:24:16.953   643.7  1838.3   -180.0   430.0
  11:24:16.984   641.4  1838.3   -180.0   430.0
  11:24:17.031   639.0  1838.3   -180.0   430.0
  11:24:17.078   636.6  1838.3   -180.0   430.0
  11:24:17.125   634.4  1838.3   -180.0   430.0
  11:24:17.156   632.0  1838.3   -180.0   430.0
  11:24:17.203   632.0  1838.3   -180.0   440.0
  11:24:17.250   629.7  1838.3   -180.0   440.0
  11:24:17.281   627.3  1838.3   -180.0   440.0
  11:24:17.328   624.9  1838.3   -180.0   440.0
  11:24:17.375   622.6  1838.3   -180.0   440.0
  11:24:17.421   620.3  1838.3   -180.0   440.0
  11:24:17.468   617.8  1838.3   -180.0   440.0
  11:24:17.500   615.6  1838.3   -180.0   440.0
  11:24:17.546   613.1  1838.3   -180.0   450.0
  11:24:17.593   611.0  1838.3   -180.0   450.0
  11:24:17.640   608.6  1838.3   -180.0   450.0
  11:24:17.687   608.6  1838.3   -180.0   460.0
  11:24:17.718   606.2  1838.3   -180.0   460.0
  11:24:17.765   603.9  1838.3   -180.0   460.0
  11:24:17.812   601.5  1838.3   -180.0   460.0
  11:24:17.843   599.2  1838.3   -180.0   460.0
  11:24:17.890   596.9  1838.3   -180.0   460.0
  11:24:17.953   594.6  1838.3   -180.0   460.0
  11:24:17.984   592.3  1838.3   -180.0   470.0
  11:24:18.015   592.3  1838.3   -180.0   470.0
  11:24:18.062   589.9  1838.3   -180.0   470.0
  11:24:18.109   587.5  1838.3   -180.0   470.0
  11:24:18.156   585.2  1838.3   -180.0   470.0
  11:24:18.187   582.8  1838.3   -180.0   470.0
  11:24:18.234   580.4  1838.3   -180.0   470.0
  11:24:18.281   578.2  1838.3   -180.0   470.0
  11:24:18.328   575.9  1838.3   -180.0   480.0
  11:24:18.375   573.5  1838.3   -180.0   470.0
  11:24:18.406   571.1  1838.3   -180.0   470.0
  11:24:18.453   568.8  1838.2   -180.0   480.0
  11:24:18.500   568.8  1838.2   -180.0   490.0
  11:24:18.531   566.4  1838.2   -180.0   490.0
  11:24:18.578   563.9  1838.2   -180.0   490.0
  11:24:18.625   561.7  1838.2   -180.0   490.0
  11:24:18.671   559.5  1838.2   -180.0   490.0
  11:24:18.703   557.1  1838.2   -180.0   490.0
  11:24:18.750   557.1  1838.2   -180.0   490.0
  11:24:18.796   554.4  1838.2   -180.0   490.0
  11:24:18.843   551.7  1838.2   -180.0   500.0
  11:24:18.875   549.3  1838.2   -180.0   510.0
  11:24:18.921   546.9  1838.2   -180.0   510.0
  11:24:18.968   544.4  1838.2   -180.0   530.0
  11:24:19.015   542.3  1838.2   -180.0   560.0
  11:24:19.046   540.0  1838.2   -180.0   560.0
  11:24:19.093   537.7  1838.2   -180.0   690.0
  11:24:19.140   535.1  1838.2   -180.0   730.0
  11:24:19.187   535.1  1838.2   -180.0   730.0
  11:24:19.218   533.0  1838.2   -180.0   990.0
  11:24:53.046    -0.1  1111.3    -90.0   740.0
  11:24:53.093    -0.1  1109.0    -90.0   670.0
  11:24:53.140    -0.1  1105.9    -90.0   670.0
  11:24:53.171    -0.1  1103.4    -90.0   600.0
  11:24:53.218    -0.1  1101.1    -90.0   590.0
  11:24:53.265    -0.1  1101.1    -90.0   590.0
  11:24:53.281     0.0  1098.4    -90.0   570.0
  11:24:53.328     0.0  1095.8    -90.0   550.0
  11:24:53.375     0.0  1095.8    -90.0   550.0
  11:24:53.421     0.0  1093.3    -90.0   560.0
  11:24:53.468     0.0  1091.0    -90.0   560.0
  11:24:53.500     0.0  1088.6    -90.0   560.0
  11:24:53.546     0.0  1086.4    -90.0   560.0
  11:24:53.593     0.0  1084.0    -90.0   550.0
  11:24:53.625     0.0  1081.7    -90.0   550.0
  11:24:53.671     0.0  1079.3    -90.0   550.0
  11:24:53.718     0.0  1077.0    -90.0   540.0
  11:24:53.765     0.0  1074.7    -90.0   540.0
  11:24:53.812     0.0  1072.4    -90.0   540.0
  11:24:53.843     0.0  1072.4    -90.0   540.0
  11:24:53.890     0.0  1070.0    -90.0   540.0
  11:24:53.937     0.0  1067.6    -90.0   540.0
  11:24:53.984     0.0  1065.3    -90.0   530.0
  11:24:54.015     0.0  1063.0    -90.0   530.0
  11:24:54.078     0.0  1060.7    -90.0   530.0
  11:24:54.109     0.0  1058.3    -90.0   530.0
  11:24:54.156     0.0  1055.9    -90.0   530.0
  11:24:54.203     0.0  1053.6    -90.0   520.0
  11:24:54.234     0.0  1051.3    -90.0   520.0
  11:24:54.281     0.0  1051.3    -90.0   520.0
  11:24:54.328     0.0  1048.9    -90.0   510.0
  11:24:54.375     0.0  1046.6    -90.0   510.0
  11:24:54.406     0.0  1044.3    -90.0   510.0
  11:24:54.453     0.0  1042.0    -90.0   510.0
  11:24:54.500     0.0  1039.6    -90.0   510.0
  11:24:54.546     0.0  1037.2    -90.0   510.0
  11:24:54.593     0.0  1034.9    -90.0   500.0
  11:24:54.625     0.0  1032.5    -90.0   500.0
  11:24:54.671     0.0  1030.3    -90.0   500.0
  11:24:54.718     0.0  1030.3    -90.0   510.0
  11:24:54.765     0.0  1027.8    -90.0   490.0
  11:24:54.796     0.0  1025.6    -90.0   490.0
  11:24:54.843     0.0  1023.1    -90.0   480.0
  11:24:54.890     0.0  1020.9    -90.0   480.0
  11:24:54.937     0.0  1018.5    -90.0   480.0
  11:24:54.968     0.0  1016.1    -90.0   480.0
  11:24:55.015     0.0  1013.9    -90.0   480.0
  11:24:55.062     0.0  1011.5    -90.0   480.0
  11:24:55.093     0.0  1011.5    -90.0   480.0
  11:24:55.140     0.0  1009.1    -90.0   480.0
  11:24:55.187     0.0  1006.9    -90.0   480.0
  11:24:55.218     0.0  1004.5    -90.0   470.0
  11:24:55.265     0.0  1002.2    -90.0   470.0
  11:24:55.312     0.0   999.8    -90.0   470.0
  11:24:55.359     0.0   997.4    -90.0   470.0
  11:24:55.390     0.0   995.2    -90.0   460.0
  11:24:55.437     0.0   992.7    -90.0   460.0
  11:24:55.484     0.0   990.5    -90.0   460.0
  11:24:55.531     0.0   990.5    -90.0   460.0
  11:24:55.562     0.0   988.1    -90.0   460.0
  11:24:55.609     0.0   985.8    -90.0   460.0
  11:24:55.656     0.0   983.5    -90.0   460.0
  11:24:55.703     0.0   981.1    -90.0   460.0
  11:24:55.734     0.0   978.8    -90.0   450.0
  11:24:55.765     0.0   978.8    -90.0   440.0
  11:24:55.812     0.0   976.4    -90.0   440.0
  11:24:55.859     0.0   974.0    -90.0   440.0
  11:24:55.906     0.0   971.7    -90.0   440.0
  11:24:55.937     0.0   969.4    -90.0   440.0
  11:24:55.984     0.1   967.1    -90.0   440.0
  11:24:56.031     0.1   964.7    -90.0   430.0
  11:24:56.062     0.1   962.3    -90.0   430.0
  11:24:56.109     0.1   962.3    -90.0   430.0
  11:24:56.140     0.1   960.0    -90.0   430.0
  11:24:56.187     0.1   957.7    -90.0   430.0
  11:24:56.234     0.1   955.4    -90.0   430.0
  11:24:56.281     0.1   953.0    -90.0   420.0
  11:24:56.312     0.1   950.7    -90.0   420.0
  11:24:56.359     0.1   948.3    -90.0   410.0
  11:24:56.406     0.1   945.9    -90.0   410.0
  11:24:56.453     0.1   943.6    -90.0   410.0
  11:24:56.484     0.1   943.6    -90.0   410.0
  11:24:56.531     0.1   941.4    -90.0   410.0
  11:24:56.562     0.1   938.6    -90.0   410.0
  11:24:56.609     0.1   936.7    -90.0   400.0
  11:24:56.656     0.1   934.3    -90.0   400.0
  11:24:56.703     0.1   932.0    -90.0   410.0
  11:24:56.750     0.1   932.0    -90.0   410.0
  11:24:56.781     0.1   929.2    -90.0   410.0
  11:24:56.828     0.1   926.5    -90.0   410.0
  11:24:56.875     0.1   924.1    -90.0   410.0
  11:24:56.921     0.1   921.9    -90.0   410.0
  11:24:56.968     0.1   919.5    -90.0   420.0
  11:24:57.000     0.1   917.1    -90.0   420.0
  11:24:57.046     0.1   914.9    -90.0   420.0
  11:24:57.093     0.1   912.3    -90.0   420.0
  11:24:57.140     0.1   910.1    -90.0   420.0
  11:24:57.171     0.1   907.7    -90.0   420.0
  11:24:57.218     0.1   907.7    -90.0   430.0
  11:24:57.265     0.1   905.4    -90.0   430.0
  11:24:57.312     0.1   903.1    -90.0   430.0
  11:24:57.343     0.1   900.8    -90.0   430.0
  11:24:57.390     0.1   898.4    -90.0   430.0
  11:24:57.437     0.1   896.1    -90.0   430.0
  11:24:57.484     0.1   893.6    -90.0   440.0
  11:24:57.531     0.1   891.4    -90.0   440.0
  11:24:57.562     0.1   891.4    -90.0   440.0
  11:24:57.609     0.1   888.4    -90.0   440.0
  11:24:57.656     0.1   886.0    -90.0   440.0
  11:24:57.687     0.1   883.7    -90.0   440.0
  11:24:57.718     0.1   883.7    -90.0   440.0
  11:24:57.750     0.1   881.3    -90.0   440.0
  11:24:57.796     0.1   878.9    -90.0   440.0
  11:24:57.843     0.1   876.7    -90.0   450.0
  11:24:57.890     0.1   874.2    -90.0   450.0
  11:24:57.937     0.1   872.0    -90.0   450.0
  11:24:57.968     0.1   869.4    -90.0   450.0
  11:24:58.015     0.1   867.1    -90.0   460.0
  11:24:58.062     0.1   864.9    -90.0   450.0
  11:24:58.093     0.1   864.9    -90.0   460.0
  11:24:58.140     0.1   862.6    -90.0   460.0
  11:24:58.171     0.1   860.2    -90.0   460.0
  11:24:58.218     0.1   857.9    -90.0   460.0
  11:24:58.265     0.1   855.5    -90.0   460.0
  11:24:58.312     0.1   853.3    -90.0   460.0
  11:24:58.359     0.1   850.8    -90.0   460.0
  11:24:58.390     0.1   848.5    -90.0   460.0
  11:24:58.421     0.1   848.5    -90.0   460.0
  11:24:58.468     0.1   846.1    -90.0   470.0
  11:24:58.515     0.1   843.9    -90.0   470.0
  11:24:58.562     0.1   841.5    -90.0   470.0
  11:24:58.593     0.1   839.3    -90.0   480.0
  11:24:58.640     0.2   836.8    -90.0   480.0
  11:24:58.687     0.2   834.4    -90.0   480.0
  11:24:58.734     0.2   832.1    -90.0   480.0
  11:24:58.781     0.2   829.8    -90.0   480.0
  11:24:58.812     0.2   829.8    -90.0   480.0
  11:24:58.859     0.2   827.4    -90.0   490.0
  11:24:58.906     0.2   825.1    -90.0   490.0
  11:24:58.953     0.2   822.9    -90.0   480.0
  11:24:59.000     0.2   820.4    -90.0   490.0
  11:24:59.031     0.2   818.2    -90.0   490.0
  11:24:59.078     0.2   815.8    -90.0   490.0
  11:24:59.125     0.2   813.5    -90.0   490.0
  11:24:59.171     0.2   811.0    -90.0   500.0
  11:24:59.203     0.2   808.8    -90.0   500.0
  11:24:59.250     0.2   808.8    -90.0   500.0
  11:24:59.296     0.2   806.4    -90.0   500.0
  11:24:59.328     0.2   804.2    -90.0   500.0
  11:24:59.375     0.2   801.7    -90.0   510.0
  11:24:59.421     0.2   799.4    -90.0   510.0
  11:24:59.468     0.2   797.0    -90.0   510.0
  11:24:59.515     0.2   794.7    -90.0   510.0
  11:24:59.546     0.2   792.4    -90.0   510.0
  11:24:59.593     0.2   790.1    -90.0   510.0
  11:24:59.640     0.2   787.7    -90.0   510.0
  11:24:59.687     0.2   787.7    -90.0   520.0
  11:24:59.718     0.2   785.4    -90.0   520.0
  11:24:59.765     0.2   783.1    -90.0   520.0
  11:24:59.812     0.2   780.7    -90.0   520.0
  11:24:59.859     0.2   778.3    -90.0   520.0
  11:24:59.890     0.2   776.0    -90.0   530.0
  11:24:59.937     0.2   773.7    -90.0   520.0
  11:24:59.984     0.2   771.3    -90.0   520.0
  11:25:00.031     0.2   768.9    -90.0   530.0
  11:25:00.078     0.2   766.6    -90.0   530.0
  11:25:00.109     0.2   766.6    -90.0   530.0
  11:25:00.156     0.2   764.3    -90.0   540.0
  11:25:00.203     0.2   762.0    -90.0   530.0
  11:25:00.250     0.2   759.6    -90.0   530.0
  11:25:00.281     0.2   757.3    -90.0   530.0
  11:25:00.328     0.2   754.9    -90.0   550.0
  11:25:00.375     0.2   752.7    -90.0   550.0
  11:25:00.406     0.2   750.2    -90.0   550.0
  11:25:00.453     0.2   747.9    -90.0   550.0
  11:25:00.500     0.2   747.9    -90.0   550.0
  11:25:00.546     0.2   745.6    -90.0   550.0
  11:25:00.593     0.2   743.3    -90.0   560.0
  11:25:00.625     0.2   740.8    -90.0   560.0
  11:25:00.671     0.2   738.6    -90.0   570.0
  11:25:00.718     0.2   736.2    -90.0   570.0
  11:25:00.734     0.2   736.2    -90.0   570.0
  11:25:00.781     0.2   733.8    -90.0   580.0
  11:25:00.812     0.2   731.4    -90.0   570.0
  11:25:00.859     0.2   729.2    -90.0   570.0
  11:25:00.906     0.2   726.9    -90.0   570.0
  11:25:00.953     0.2   724.5    -90.0   580.0
  11:25:00.984     0.2   722.1    -90.0   580.0
  11:25:01.031     0.2   719.9    -90.0   590.0
  11:25:01.078     0.2   717.5    -90.0   600.0
  11:25:01.125     0.2   717.5    -90.0   600.0
  11:25:01.156     0.2   715.1    -90.0   600.0
  11:25:01.203     0.2   712.8    -90.0   620.0
  11:25:01.234     0.2   710.5    -90.0   620.0
  11:25:01.281     0.2   708.2    -90.0   620.0
  11:25:01.328     0.3   705.8    -90.0   670.0
  11:25:01.375     0.3   703.5    -90.0   670.0
  11:25:01.406     0.3   700.9    -90.0   670.0
  11:25:01.453     0.3   700.9    -90.0   630.0
  11:25:01.500     0.3   698.9    -90.0   630.0
  11:25:01.546     0.3   696.5    -90.0   640.0
  11:25:01.593     0.3   694.1    -90.0   660.0
  11:25:01.625     0.3   691.7    -90.0   660.0
  11:25:01.671     0.3   689.4    -90.0   710.0
  11:25:01.718     0.3   687.1    -90.0   680.0
  11:25:01.765     0.3   684.7    -90.0   680.0
  11:25:01.796     0.3   682.3    -90.0   680.0
  11:25:01.843     0.3   680.0    -90.0   690.0
  11:25:01.890     0.3   677.8    -90.0   680.0
  11:25:01.937     0.3   677.8    -90.0   680.0
  11:25:01.968     0.3   675.4    -90.0   690.0
  11:25:02.000     0.3   673.1    -90.0   690.0
  11:25:02.031     0.3   670.7    -90.0   750.0
  11:25:02.078     0.3   668.4    -90.0   710.0
  11:25:02.125     0.3   668.4    -90.0   710.0
  11:25:02.171     0.3   666.1    -90.0   750.0
  11:25:02.203     0.3   663.8    -90.0   750.0
  11:25:02.250     0.3   661.3    -90.0   750.0
  11:25:02.296     0.3   658.9    -90.0   820.0
  11:25:02.343     0.3   656.6    -90.0   910.0
  11:25:02.375     0.3   654.3    -90.0   910.0
  11:25:02.421     0.3   651.9    -90.0   980.0
  11:25:02.468     0.3   649.7    -90.0  1020.0
  11:25:02.515     0.3   647.3    -90.0  1020.0
