Лабораторная работа 1. Анализ сенсорных данных об объекте

Маршрут: квадрат
Направление движения: по часовой стрелке
Скорость движения: 50.0 мм/с
Рабочий дальномер: правый (Rf_R)
Матрица положения дальномера Rf_R:
   0.000   1.000   0.000   -65.0
  -1.000   0.000   0.000  -223.0
   0.000   0.000   1.000   265.5
       0       0       0       1

Выходная информация: положение робота, данные дальномера об объекте

          Time   X_rob   Y_rob  Ang_rob    Rf_R
  чч:мм:сс.ссс      мм      мм     град      мм
  11:29:35.953    -4.3   760.6     89.8   620.0
  11:29:35.984    -4.3   763.0     89.8   580.0
  11:29:36.031    -4.3   765.2     89.8   580.0
  11:29:36.062    -4.3   767.6     89.8   560.0
  11:29:36.109    -4.3   767.6     89.8   550.0
  11:29:36.140    -4.3   770.0     89.8   550.0
  11:29:36.187    -4.3   772.3     89.8   550.0
  11:29:36.234    -4.3   774.7     89.8   550.0
  11:29:36.281    -4.3   777.8     89.8   550.0
  11:29:36.328    -4.3   780.1     89.8   550.0
  11:29:36.359    -4.3   780.1     89.8   540.0
  11:29:36.406    -4.3   782.5     89.8   540.0
  11:29:36.453    -4.2   784.8     89.8   540.0
  11:29:36.500    -4.2   787.1     89.8   540.0
  11:29:36.531    -4.2   789.4     89.8   540.0
  11:29:36.578    -4.2   791.8     89.8   540.0
  11:29:36.640    -4.2   794.2     89.8   540.0
  11:29:36.671    -4.2   796.5     89.8   540.0
  11:29:36.718    -4.2   798.8     89.8   540.0
  11:29:36.750    -4.2   801.2     89.8   540.0
  11:29:36.796    -4.2   801.2     89.8   540.0
  11:29:36.843    -4.2   803.4     89.8   530.0
  11:29:36.890    -4.2   806.3     89.8   530.0
  11:29:36.921    -4.2   808.1     89.8   530.0
  11:29:36.968    -4.2   810.5     89.8   530.0
  11:29:37.015    -4.2   812.8     89.8   530.0
  11:29:37.046    -4.1   815.5     89.8   530.0
  11:29:37.093    -4.1   817.5     89.8   530.0
  11:29:37.140    -4.1   819.9     89.8   530.0
  11:29:37.187    -4.1   822.1     89.8   530.0
  11:29:37.250    -4.1   824.5     89.8   530.0
  11:29:37.281    -4.1   824.5     89.8   530.0
  11:29:37.312    -4.1   826.9     89.8   530.0
  11:29:37.359    -4.1   829.3     89.8   520.0
  11:29:37.406    -4.1   831.5     89.8   520.0
  11:29:37.453    -4.1   833.9     89.8   520.0
  11:29:37.484    -4.1   836.2     89.8   520.0
  11:29:37.531    -4.1   838.6     89.8   520.0
  11:29:37.578    -4.1   840.8     89.8   520.0
  11:29:37.625    -4.0   843.3     89.8   520.0
  11:29:37.656    -4.0   845.6     89.8   520.0
  11:29:37.703    -4.0   845.6     89.8   520.0
  11:29:37.750    -4.0   848.0     89.8   520.0
  11:29:37.781    -4.0   850.3     89.8   520.0
  11:29:37.828    -4.0   852.6     89.8   520.0
  11:29:37.875    -4.0   855.0     89.8   520.0
  11:29:37.921    -4.0   857.3     89.8   520.0
  11:29:37.968    -4.0   859.7     89.8   520.0
  11:29:38.000    -4.0   861.9     89.8   510.0
  11:29:38.046    -4.0   861.9     89.8   510.0
  11:29:38.093    -4.0   864.9     89.8   510.0
  11:29:38.140    -4.0   867.4     89.8   510.0
  11:29:38.171    -4.0   869.7     89.8   510.0
  11:29:38.218    -3.9   872.0     89.8   510.0
  11:29:38.265    -3.9   874.6     89.8   510.0
  11:29:38.312    -3.9   876.8     89.8   510.0
  11:29:38.359    -3.9   879.1     89.8   510.0
  11:29:38.390    -3.9   881.5     89.8   500.0
  11:29:38.437    -3.9   881.5     89.8   500.0
  11:29:38.484    -3.9   883.8     89.8   510.0
  11:29:38.531    -3.9   886.2     89.8   500.0
  11:29:38.562    -3.9   888.5     89.8   500.0
  11:29:38.609    -3.9   890.8     89.8   500.0
  11:29:38.656    -3.9   893.2     89.8   500.0
  11:29:38.703    -3.9   895.5     89.8   500.0
  11:29:38.734    -3.9   897.9     89.8   500.0
  11:29:38.781    -3.8   900.2     89.8   500.0
  11:29:38.828    -3.8   902.5     89.8   500.0
  11:29:38.875    -3.8   902.5     89.8   500.0
  11:29:38.906    -3.8   904.8     89.8   500.0
  11:29:38.953    -3.8   907.3     89.8   490.0
  11:29:39.000    -3.8   909.6     89.8   490.0
  11:29:39.046    -3.8   911.9     89.8   500.0
  11:29:39.078    -3.8   914.2     89.8   490.0
  11:29:39.125    -3.8   916.6     89.8   490.0
  11:29:39.171    -3.8   918.9     89.8   490.0
  11:29:39.203    -3.8   918.9     89.8   490.0
  11:29:39.250    -3.8   921.3     89.8   490.0
  11:29:39.296    -3.8   923.6     89.8   490.0
  11:29:39.343    -3.8   926.0     89.8   490.0
  11:29:39.375    -3.8   928.2     89.8   500.0
  11:29:39.421    -3.7   930.6     89.8   490.0
  11:29:39.468    -3.7   932.9     89.8   490.0
  11:29:39.515    -3.7   935.3     89.8   490.0
  11:29:39.546    -3.7   937.6     89.8   490.0
  11:29:39.593    -3.7   939.9     89.8   490.0
  11:29:39.640    -3.7   942.3     89.8   490.0
  11:29:39.687    -3.7   942.3     89.8   490.0
  11:29:39.734    -3.7   944.6     89.8   480.0
  11:29:39.765    -3.7   947.0     89.8   490.0
  11:29:39.812    -3.7   949.3     89.8   480.0
  11:29:39.859    -3.7   951.6     89.8   480.0
  11:29:39.906    -3.7   954.0     89.8   490.0
  11:29:39.937    -3.7   956.4     89.8   490.0
  11:29:39.984    -3.6   958.8     89.8   480.0
  11:29:40.031    -3.6   961.0     89.8   490.0
  11:29:40.078    -3.6   963.5     89.8   480.0
  11:29:40.125    -3.6   963.5     89.8   480.0
  11:29:40.156    -3.6   965.6     89.8   480.0
  11:29:40.203    -3.6   968.0     89.8   480.0
  11:29:40.250    -3.6   970.4     89.8   480.0
  11:29:40.296    -3.6   972.6     89.8   480.0
  11:29:40.328    -3.6   975.0     89.8   480.0
  11:29:40.359    -3.6   975.0     89.8   480.0
  11:29:40.406    -3.6   977.3     89.8   480.0
  11:29:40.437    -3.6   979.7     89.8   480.0
  11:29:40.484    -3.6   982.3     89.8   480.0
  11:29:40.531    -3.6   984.4     89.8   480.0
  11:29:40.578    -3.6   986.8     89.8   480.0
  11:29:40.609    -3.5   989.0     89.8   480.0
  11:29:40.656    -3.5   991.4     89.8   480.0
  11:29:40.718    -3.5   993.7     89.8   480.0
  11:29:40.750    -3.5   993.7     89.8   480.0
  11:29:40.781    -3.5   996.9     89.8   480.0
  11:29:40.828    -3.5   999.2     89.8   480.0
  11:29:40.875    -3.5  1001.6     89.8   480.0
  11:29:40.906    -3.5  1001.6     89.8   480.0
  11:29:40.953    -3.5  1004.6     89.8   470.0
  11:29:41.000    -3.5  1007.0     89.8   470.0
  11:29:41.031    -3.5  1009.3     89.8   470.0
  11:29:41.078    -3.5  1011.7     89.8   470.0
  11:29:41.125    -3.5  1014.0     89.8   470.0
  11:29:41.156    -3.4  1016.3     89.8   470.0
  11:29:41.203    -3.4  1018.7     89.8   470.0
  11:29:41.250    -3.4  1021.0     89.8   470.0
  11:29:41.312    -3.4  1023.4     89.8   470.0
  11:29:41.343    -3.4  1023.4     89.8   470.0
  11:29:41.390    -3.4  1025.7     89.8   460.0
  11:29:41.421    -3.4  1028.0     89.8   470.0
  11:29:41.468    -3.4  1030.4     89.8   460.0
  11:29:41.515    -3.4  1032.7     89.8   460.0
  11:29:41.562    -3.4  1035.1     89.8   460.0
  11:29:41.593    -3.4  1037.4     89.8   460.0
  11:29:41.640    -3.4  1039.7     89.8   460.0
  11:29:41.687    -3.4  1042.2     89.8   460.0
  11:29:41.734    -3.4  1042.2     89.8   460.0
  11:29:41.765    -3.4  1044.4     89.8   460.0
  11:29:41.812    -3.3  1046.7     89.8   460.0
  11:29:41.859    -3.3  1049.0     89.8   460.0
  11:29:41.921    -3.3  1051.4     89.8   460.0
  11:29:41.968    -3.3  1054.5     89.8   460.0
  11:29:42.015    -3.3  1056.9     89.8   460.0
  11:29:42.046    -3.3  1059.3     89.8   460.0
  11:29:42.125    -3.3  1061.7     89.8   460.0
  11:29:42.140    -3.3  1064.1     89.8   460.0
  11:29:42.187    -3.3  1066.3     89.8   460.0
  11:29:42.218    -3.3  1066.3     89.8   460.0
  11:29:42.265    -3.3  1068.5     89.8   460.0
  11:29:42.312    -3.3  1070.9     89.8   450.0
  11:29:42.359    -3.3  1073.3     89.8   450.0
  11:29:42.406    -3.2  1075.6     89.8   450.0
  11:29:42.437    -3.2  1078.0     89.8   450.0
  11:29:42.484    -3.2  1080.3     89.8   450.0
  11:29:42.531    -3.2  1082.8     89.8   450.0
  11:29:42.578    -3.2  1085.0     89.8   450.0
  11:29:42.609    -3.2  1087.3     89.8   450.0
  11:29:42.656    -3.2  1089.7     89.8   450.0
  11:29:42.703    -3.2  1089.7     89.8   440.0
  11:29:42.750    -3.2  1092.0     89.8   440.0
  11:29:42.796    -3.2  1095.1     89.8   450.0
  11:29:42.828    -3.2  1097.4     89.8   440.0
  11:29:42.875    -3.2  1099.8     89.8   440.0
  11:29:42.921    -3.2  1102.1     89.8   450.0
  11:29:42.968    -3.1  1104.4     89.8   440.0
  11:29:43.000    -3.1  1104.4     89.8   440.0
  11:29:43.046    -3.1  1106.9     89.8   440.0
  11:29:43.093    -3.1  1109.2     89.8   440.0
  11:29:43.140    -3.1  1111.5     89.8   440.0
  11:29:43.171    -3.1  1113.8     89.8   440.0
  11:29:43.218    -3.1  1116.2     89.8   440.0
  11:29:43.250    -3.1  1118.5     89.8   440.0
  11:29:43.296    -3.1  1118.5     89.8   440.0
  11:29:43.343    -3.1  1120.8     89.8   440.0
  11:29:43.375    -3.1  1123.1     89.8   440.0
  11:29:43.421    -3.1  1125.5     89.8   440.0
  11:29:43.453    -3.1  1128.0     89.8   430.0
  11:29:43.500    -3.1  1130.1     89.8   430.0
  11:29:43.546    -3.0  1132.9     89.8   430.0
  11:29:43.593    -3.0  1134.9     89.8   430.0
  11:29:43.625    -3.0  1137.2     89.8   430.0
  11:29:43.671    -3.0  1137.2     89.8   430.0
  11:29:43.718    -3.0  1139.5     89.8   430.0
  11:29:43.765    -3.0  1141.9     89.8   430.0
  11:29:43.796    -3.0  1144.3     89.8   430.0
  11:29:43.843    -3.0  1146.6     89.8   430.0
  11:29:43.890    -3.0  1148.9     89.8   430.0
  11:29:43.937    -3.0  1151.3     89.8   430.0
  11:29:43.968    -3.0  1153.6     89.8   430.0
  11:29:44.015    -3.0  1155.9     89.8   430.0
  11:29:44.062    -3.0  1155.9     89.8   430.0
  11:29:44.109    -3.0  1158.2     89.8   430.0
  11:29:44.140    -2.9  1160.6     89.8   430.0
  11:29:44.187    -2.9  1163.2     89.8   430.0
  11:29:44.234    -2.9  1165.3     89.8   430.0
  11:29:44.281    -2.9  1167.6     89.8   430.0
  11:29:44.328    -2.9  1170.0     89.8   430.0
  11:29:44.359    -2.9  1172.3     89.8   430.0
  11:29:44.406    -2.9  1174.7     89.8   430.0
  11:29:44.453    -2.9  1177.1     89.8   420.0
  11:29:44.500    -2.9  1179.3     89.8   420.0
  11:29:44.531    -2.9  1179.3     89.8   420.0
  11:29:44.578    -2.9  1181.6     89.8   420.0
  11:29:44.625    -2.9  1184.0     89.8   420.0
  11:29:44.671    -2.9  1186.3     89.8   420.0
  11:29:44.718    -2.9  1188.7     89.8   420.0
  11:29:44.750    -2.8  1191.1     89.8   420.0
  11:29:44.796    -2.8  1193.4     89.8   420.0
  11:29:44.843    -2.8  1195.7     89.8   420.0
  11:29:44.875    -2.8  1198.1     89.8   420.0
  11:29:44.921    -2.8  1200.4     89.8   420.0
  11:29:44.968    -2.8  1200.4     89.8   420.0
  11:29:45.015    -2.8  1203.0     89.8   420.0
  11:29:45.046    -2.8  1205.1     89.8   420.0
  11:29:45.093    -2.8  1207.4     89.8   420.0
  11:29:45.140    -2.8  1209.7     89.8   420.0
  11:29:45.187    -2.8  1212.0     89.8   420.0
  11:29:45.218    -2.8  1214.4     89.8   410.0
  11:29:45.250    -2.8  1214.4     89.8   410.0
  11:29:45.296    -2.8  1216.8     89.8   410.0
  11:29:45.343    -2.7  1219.0     89.8   410.0
  11:29:45.375    -2.7  1221.4     89.8   410.0
  11:29:45.421    -2.7  1223.8     89.8   410.0
  11:29:45.468    -2.7  1226.1     89.8   410.0
  11:29:45.515    -2.7  1228.5     89.8   410.0
  11:29:45.562    -2.7  1230.7     89.8   410.0
  11:29:45.593    -2.7  1233.1     89.8   410.0
  11:29:45.640    -2.7  1233.1     89.8   410.0
  11:29:45.687    -2.7  1235.4     89.8   410.0
  11:29:45.718    -2.7  1237.9     89.8   410.0
  11:29:45.765    -2.7  1240.2     89.8   410.0
  11:29:45.812    -2.7  1242.5     89.8   410.0
  11:29:45.859    -2.7  1244.8     89.8   410.0
  11:29:45.890    -2.6  1247.1     89.8   410.0
  11:29:45.937    -2.6  1249.5     89.8   420.0
  11:29:45.984    -2.6  1249.5     89.8   420.0
  11:29:46.031    -2.6  1252.2     89.8   410.0
  11:29:46.062    -2.6  1254.9     89.8   420.0
  11:29:46.109    -2.6  1257.2     89.8   430.0
  11:29:46.156    -2.6  1259.7     89.8   430.0
  11:29:46.203    -2.6  1262.4     89.8   440.0
  11:29:46.250    -2.6  1264.3     89.8   450.0
  11:29:46.281    -2.6  1266.6     89.8   450.0
  11:29:46.328    -2.6  1269.0     89.8   460.0
  11:29:46.375    -2.6  1269.0     89.8   460.0
  11:29:46.421    -2.6  1271.4     89.8   460.0
  11:29:46.453    -2.6  1273.6     89.8   480.0
  11:29:46.500    -2.6  1276.0     89.8   480.0
  11:29:46.546    -2.5  1278.3     89.8   480.0
  11:29:46.593    -2.5  1280.7     89.8   500.0
  11:29:46.640    -2.5  1283.1     89.8   500.0
  11:29:46.671    -2.5  1285.3     89.8   500.0
  11:29:46.718    -2.5  1287.7     89.8   500.0
  11:29:46.765    -2.5  1290.1     89.8   530.0
  11:29:46.812    -2.5  1290.1     89.8   530.0
  11:29:46.843    -2.5  1292.5     89.8   530.0
  11:29:46.890    -2.5  1294.8     89.8   560.0
  11:29:46.937    -2.5  1297.1     89.8   560.0
  11:29:46.984    -2.5  1299.4     89.8   570.0
  11:29:47.031    -2.5  1301.7     89.8   580.0
  11:29:47.078    -2.5  1304.1     89.8   580.0
  11:29:47.109    -2.4  1306.4     89.8   590.0
  11:29:47.156    -2.4  1308.8     89.8   590.0
  11:29:47.203    -2.4  1311.1     89.8   590.0
  11:29:47.234    -2.4  1311.1     89.8   590.0
  11:29:47.281    -2.4  1313.5     89.8   580.0
  11:29:47.328    -2.4  1315.8     89.8   580.0
  11:29:47.359    -2.4  1318.1     89.8   610.0
  11:29:47.406    -2.4  1320.4     89.8   630.0
  11:29:47.453    -2.4  1322.8     89.8   630.0
  11:29:47.500    -2.4  1325.1     89.8   640.0
  11:29:47.531    -2.4  1327.4     89.8   710.0
  11:29:47.593    -2.4  1329.9     89.8   710.0
  11:29:47.625    -2.4  1332.1     89.8   750.0
  11:29:47.671    -2.4  1332.1     89.8   770.0
  11:29:47.718    -2.3  1334.5     89.8   710.0
  11:29:47.750    -2.3  1336.9     89.8   730.0
  11:29:47.796    -2.3  1339.1     89.8   770.0
  11:29:47.843    -2.3  1341.6     89.8   770.0
  11:29:47.890    -2.3  1343.8     89.8   870.0
  11:29:47.921    -2.3  1346.3     89.8   910.0
  11:29:47.968    -2.3  1348.5     89.8   910.0
  11:30:19.718   694.0  1838.8      0.0  1010.0
  11:30:19.781   696.4  1838.8      0.0   710.0
  11:30:19.812   696.4  1838.8      0.0   710.0
  11:30:19.843   699.4  1838.8      0.0   490.0
  11:30:19.890   701.8  1838.8      0.0   460.0
  11:30:19.937   704.1  1838.8      0.0   460.0
  11:30:19.984   706.4  1838.8      0.0   450.0
  11:30:20.031   708.8  1838.8      0.0   440.0
  11:30:20.062   711.1  1838.8      0.0   440.0
  11:30:20.093   711.1  1838.8      0.0   440.0
  11:30:20.125   713.4  1838.8      0.0   440.0
  11:30:20.171   715.8  1838.8      0.0   440.0
  11:30:20.218   718.1  1838.8      0.0   440.0
  11:30:20.250   720.4  1838.8      0.0   440.0
  11:30:20.296   722.8  1838.8      0.0   440.0
  11:30:20.343   722.8  1838.8      0.0   440.0
  11:30:20.390   725.1  1838.8      0.0   430.0
  11:30:20.421   727.5  1838.8      0.0   430.0
  11:30:20.468   729.8  1838.8      0.0   430.0
  11:30:20.515   732.2  1838.8      0.0   430.0
  11:30:20.578   734.5  1838.8      0.0   430.0
  11:30:20.609   737.1  1838.8      0.0   430.0
  11:30:20.640   739.2  1838.8      0.0   430.0
  11:30:20.687   741.5  1838.8      0.0   430.0
  11:30:20.734   743.8  1838.8      0.0   430.0
  11:30:20.781   746.4  1838.8      0.0   430.0
  11:30:20.828   748.5  1838.8      0.0   430.0
  11:30:20.859   748.5  1838.8      0.0   430.0
  11:30:20.906   750.9  1838.8      0.0   430.0
  11:30:20.953   753.2  1838.8      0.0   430.0
  11:30:21.000   755.6  1838.8      0.0   430.0
  11:30:21.031   757.9  1838.8      0.0   430.0
  11:30:21.078   760.2  1838.8      0.0   430.0
  11:30:21.125   762.6  1838.8      0.0   420.0
  11:30:21.171   764.9  1838.8      0.0   420.0
  11:30:21.203   767.2  1838.8      0.0   420.0
  11:30:21.250   767.2  1838.8      0.0   420.0
  11:30:21.296   769.6  1838.8      0.0   420.0
  11:30:21.343   771.9  1838.8      0.0   420.0
  11:30:21.375   774.3  1838.8      0.0   420.0
  11:30:21.421   776.6  1838.8      0.0   420.0
  11:30:21.468   778.9  1838.8      0.0   420.0
  11:30:21.515   781.2  1838.8      0.0   420.0
  11:30:21.562   783.7  1838.8      0.0   410.0
  11:30:21.593   786.0  1838.8      0.0   410.0
  11:30:21.640   788.3  1838.8      0.0   420.0
  11:30:21.687   790.6  1838.8      0.0   410.0
  11:30:21.734   790.6  1838.8      0.0   410.0
  11:30:21.765   792.9  1838.8      0.0   410.0
  11:30:21.828   795.3  1838.8      0.0   410.0
  11:30:21.859   797.8  1838.8      0.0   410.0
  11:30:21.906   800.0  1838.8      0.0   410.0
  11:30:21.953   802.4  1838.8      0.0   410.0
  11:30:21.984   804.7  1838.8      0.0   410.0
  11:30:22.031   804.7  1838.8      0.0   410.0
  11:30:22.078   807.5  1838.8      0.0   410.0
  11:30:22.125   810.1  1838.8      0.0   410.0
  11:30:22.156   812.5  1838.8      0.0   410.0
  11:30:22.203   814.9  1838.8      0.0   400.0
  11:30:22.250   817.3  1838.8      0.0   410.0
  11:30:22.296   819.5  1838.8      0.0   400.0
  11:30:22.328   821.9  1838.8      0.0   400.0
  11:30:22.375   824.2  1838.8      0.0   400.0
  11:30:22.421   824.2  1838.8      0.0   400.0
  11:30:22.453   826.6  1838.8      0.0   400.0
  11:30:22.500   828.8  1838.8      0.0   400.0
  11:30:22.546   831.2  1838.8      0.0   400.0
  11:30:22.578   833.5  1838.8      0.0   400.0
  11:30:22.625   835.8  1838.8      0.0   400.0
  11:30:22.671   838.2  1838.8      0.0   400.0
  11:30:22.718   840.5  1838.8      0.0   400.0
  11:30:22.750   843.0  1838.8      0.0   400.0
  11:30:22.812   845.3  1838.8      0.0   400.0
  11:30:22.843   845.3  1838.8      0.0   400.0
  11:30:22.890   847.6  1838.8      0.0   400.0
  11:30:22.921   849.9  1838.8      0.0   390.0
  11:30:22.968   852.2  1838.8      0.0   390.0
  11:30:23.015   854.6  1838.8      0.0   390.0
  11:30:23.062   856.9  1838.8      0.0   390.0
  11:30:23.093   859.3  1838.8      0.0   390.0
  11:30:23.140   861.6  1838.8      0.0   390.0
  11:30:23.187   861.6  1838.8      0.0   390.0
  11:30:23.234   866.4  1838.8      0.0   390.0
  11:30:23.265   866.4  1838.8      0.0   390.0
  11:30:23.312   868.6  1838.8      0.0   390.0
  11:30:23.359   870.9  1838.8      0.0   390.0
  11:30:23.406   873.3  1838.8      0.0   390.0
  11:30:23.437   875.8  1838.8      0.0   390.0
  11:30:23.484   878.0  1838.8      0.0   390.0
  11:30:23.531   880.3  1838.8      0.0   390.0
  11:30:23.578   882.6  1838.8      0.0   390.0
  11:30:23.625   884.9  1838.8      0.0   390.0
  11:30:23.656   884.9  1838.8      0.0   390.0
  11:30:23.703   887.2  1838.8      0.0   380.0
  11:30:23.750   889.6  1838.8      0.0   380.0
  11:30:23.781   892.0  1838.8      0.0   380.0
  11:30:23.843   894.4  1838.8      0.0   380.0
  11:30:23.875   897.1  1838.8      0.0   380.0
  11:30:23.921   899.1  1838.8      0.0   380.0
  11:30:23.953   901.3  1838.8      0.0   380.0
  11:30:24.000   901.3  1838.8      0.0   380.0
  11:30:24.046   903.7  1838.8      0.0   380.0
  11:30:24.093   906.3  1838.8      0.0   380.0
  11:30:24.125   908.4  1838.8      0.0   380.0
  11:30:24.171   910.7  1838.8      0.0   380.0
  11:30:24.218   913.1  1838.8      0.0   380.0
  11:30:24.250   915.6  1838.8      0.0   380.0
  11:30:24.296   917.7  1838.8      0.0   380.0
  11:30:24.343   920.0  1838.8      0.0   380.0
  11:30:24.390   922.4  1838.8      0.0   380.0
  11:30:24.421   922.4  1838.8      0.0   380.0
  11:30:24.468   924.8  1838.8      0.0   370.0
  11:30:24.500   927.1  1838.8      0.0   370.0
  11:30:24.546   929.4  1838.8      0.0   370.0
  11:30:24.593   931.7  1838.8      0.0   370.0
  11:30:24.625   934.1  1838.8      0.0   370.0
  11:30:24.671   934.1  1838.8      0.0   370.0
  11:30:24.703   936.5  1838.8      0.0   370.0
  11:30:24.750   938.8  1838.8      0.0   370.0
  11:30:24.796   941.1  1838.8      0.0   370.0
  11:30:24.843   943.5  1838.8      0.0   370.0
  11:30:24.875   945.8  1838.8      0.0   370.0
  11:30:24.921   948.1  1838.8      0.0   370.0
  11:30:24.968   950.5  1838.8      0.0   370.0
  11:30:25.015   952.8  1838.8      0.0   370.0
  11:30:25.093   955.1  1838.8      0.0   370.0
  11:30:25.140   957.6  1838.8      0.0   370.0
  11:30:25.187   959.8  1838.8      0.0   360.0
  11:30:25.218   962.1  1838.8      0.0   370.0
  11:30:25.265   964.5  1838.8      0.0   360.0
  11:30:25.312   966.9  1838.8      0.0   360.0
  11:30:25.359   969.2  1838.8      0.0   360.0
  11:30:25.359   969.2  1838.8      0.0   360.0
  11:30:25.406   971.7  1838.8      0.0   360.0
  11:30:25.453   973.9  1838.8      0.0   360.0
  11:30:25.500   976.2  1838.8      0.0   360.0
  11:30:25.546   978.5  1838.8      0.0   360.0
  11:30:25.578   978.5  1838.8      0.0   360.0
  11:30:25.625   980.9  1838.8      0.0   360.0
  11:30:25.656   983.2  1838.8      0.0   360.0
  11:30:25.703   985.6  1838.8      0.0   360.0
  11:30:25.750   987.9  1838.8      0.0   360.0
  11:30:25.796   990.3  1838.8      0.0   360.0
  11:30:25.828   992.6  1838.8      0.0   360.0
  11:30:25.890   994.9  1838.8      0.0   360.0
  11:30:25.921   997.3  1838.8      0.0   360.0
  11:30:25.968   999.6  1838.8      0.0   360.0
  11:30:26.000   999.6  1838.8      0.0   360.0
  11:30:26.046  1002.0  1838.8      0.0   360.0
  11:30:26.093  1004.4  1838.8      0.0   360.0
  11:30:26.140  1007.5  1838.8      0.0   360.0
  11:30:26.171  1009.8  1838.8      0.0   360.0
  11:30:26.218  1012.0  1838.8      0.0   360.0
  11:30:26.265  1014.4  1838.8      0.0   360.0
  11:30:26.312  1014.4  1838.8      0.0   360.0
  11:30:26.343  1016.8  1838.8      0.0   370.0
  11:30:26.390  1019.1  1838.8      0.0   370.0
  11:30:26.437  1021.5  1838.8      0.0   370.0
  11:30:26.468  1023.8  1838.8      0.0   380.0
  11:30:26.500  1026.1  1838.8      0.0   390.0
  11:30:26.546  1026.1  1838.8      0.0   390.0
  11:30:26.593  1028.5  1838.8      0.0   400.0
  11:30:26.640  1030.9  1838.8      0.0   410.0
  11:30:26.687  1033.1  1838.8      0.0   410.0
  11:30:26.718  1035.6  1838.8      0.0   420.0
  11:30:26.765  1037.8  1838.8      0.0   430.0
  11:30:26.812  1040.1  1838.8      0.0   430.0
  11:30:26.843  1042.5  1838.8      0.0   450.0
  11:30:26.890  1045.3  1838.8      0.0   460.0
  11:30:26.937  1045.3  1838.8      0.0   460.0
  11:30:26.984  1047.3  1838.8      0.0   470.0
  11:30:27.031  1049.5  1838.8      0.0   470.0
  11:30:27.062  1051.9  1838.8      0.0   470.0
  11:30:27.109  1054.1  1838.8      0.0   480.0
  11:30:27.156  1056.5  1838.8      0.0   480.0
  11:30:27.203  1058.9  1838.8      0.0   470.0
  11:30:27.234  1061.2  1838.8      0.0   480.0
  11:30:27.296  1063.6  1838.8      0.0   480.0
  11:30:27.328  1065.9  1838.8      0.0   480.0
  11:30:27.375  1068.3  1838.8      0.0   480.0
  11:30:27.406  1068.3  1838.8      0.0   480.0
  11:30:27.453  1070.6  1838.8      0.0   480.0
  11:30:27.500  1072.9  1838.8      0.0   480.0
  11:30:27.546  1075.3  1838.8      0.0   480.0
  11:30:27.593  1077.7  1838.8      0.0   480.0
  11:30:27.625  1080.0  1838.8      0.0   490.0
  11:30:27.687  1082.2  1838.8      0.0   480.0
  11:30:27.718  1084.6  1838.8      0.0   480.0
  11:30:27.765  1087.0  1838.8      0.0   490.0
  11:30:27.796  1089.2  1838.8      0.0   490.0
  11:30:27.843  1091.6  1838.8      0.0   480.0
  11:30:27.906  1094.0  1838.8      0.0   490.0
  11:30:27.937  1094.0  1838.8      0.0   490.0
  11:30:27.968  1096.3  1838.8      0.0   490.0
  11:30:28.015  1098.6  1838.8      0.0   490.0
  11:30:28.062  1100.9  1838.8      0.0   490.0
  11:30:28.109  1103.3  1838.8      0.0   490.0
  11:30:28.156  1105.7  1838.8      0.0   490.0
  11:30:28.187  1108.1  1838.8      0.0   490.0
  11:30:28.234  1110.4  1838.8      0.0   490.0
  11:30:28.281  1112.7  1838.8      0.0   490.0
  11:30:28.312  1112.7  1838.8      0.0   500.0
  11:30:28.359  1115.0  1838.8      0.0   490.0
  11:30:28.406  1117.3  1838.8      0.0   500.0
  11:30:28.453  1119.8  1838.8      0.0   490.0
  11:30:28.500  1122.0  1838.8      0.0   490.0
  11:30:28.531  1124.3  1838.8      0.0   490.0
  11:30:28.578  1126.7  1838.8      0.0   500.0
  11:30:28.625  1129.1  1838.8      0.0   500.0
  11:30:28.671  1131.4  1838.8      0.0   500.0
  11:30:28.718  1134.0  1838.8      0.0   500.0
  11:30:28.750  1134.0  1838.8      0.0   500.0
  11:30:28.796  1136.1  1838.8      0.0   500.0
  11:30:28.843  1138.3  1838.8      0.0   500.0
  11:30:28.875  1140.8  1838.8      0.0   500.0
  11:30:28.921  1143.1  1838.8      0.0   500.0
  11:30:28.968  1145.4  1838.8      0.0   500.0
  11:30:29.015  1147.7  1838.8      0.0   500.0
  11:30:29.046  1150.1  1838.8      0.0   500.0
  11:30:29.093  1152.4  1838.8      0.0   500.0
  11:30:29.140  1154.8  1838.8      0.0   500.0
  11:30:29.187  1154.8  1838.8      0.0   500.0
  11:30:29.218  1157.1  1838.8      0.0   500.0
  11:30:29.265  1159.4  1838.8      0.0   500.0
  11:30:29.312  1161.9  1838.8      0.0   500.0
  11:30:29.359  1164.2  1838.8      0.0   510.0
  11:30:29.390  1166.4  1838.8      0.0   510.0
  11:30:29.437  1168.7  1838.8      0.0   510.0
  11:30:29.484  1171.1  1838.8      0.0   500.0
  11:30:29.531  1173.4  1838.8      0.0   500.0
  11:30:29.578  1173.4  1838.8      0.0   510.0
  11:30:29.609  1175.9  1838.8      0.0   500.0
  11:30:29.656  1178.1  1838.8      0.0   500.0
  11:30:29.703  1180.6  1838.8      0.0   510.0
  11:30:29.750  1182.9  1838.8      0.0   510.0
  11:30:29.781  1185.2  1838.8      0.0   500.0
  11:30:29.828  1187.6  1838.8      0.0   510.0
  11:30:29.875  1189.9  1838.8      0.0   510.0
  11:30:29.906  1189.9  1838.8      0.0   500.0
  11:30:29.953  1192.3  1838.8      0.0   510.0
  11:30:29.984  1194.6  1838.8      0.0   510.0
  11:30:30.031  1196.9  1838.9      0.0   510.0
  11:30:30.078  1199.2  1838.9      0.0   510.0
  11:30:30.125  1201.5  1838.9      0.0   520.0
  11:30:30.156  1204.2  1838.9      0.0   520.0
  11:30:30.203  1206.2  1838.9      0.0   520.0
  11:30:30.250  1208.6  1838.9      0.0   520.0
  11:30:30.296  1208.6  1838.9      0.0   520.0
  11:30:30.328  1211.0  1838.9      0.0   520.0
  11:30:30.375  1213.3  1838.9      0.0   520.0
  11:30:30.421  1215.6  1838.9      0.0   520.0
  11:30:30.468  1217.9  1838.9      0.0   520.0
  11:30:30.515  1220.3  1838.9      0.0   520.0
  11:30:30.562  1222.6  1838.9      0.0   520.0
  11:30:30.593  1225.0  1838.9      0.0   520.0
  11:30:30.640  1227.4  1838.9      0.0   520.0
  11:30:30.687  1229.7  1838.9      0.0   520.0
  11:30:30.718  1229.7  1838.9      0.0   520.0
  11:30:30.750  1232.0  1838.9      0.0   520.0
  11:30:30.796  1234.3  1838.9      0.0   520.0
  11:30:30.843  1236.7  1838.9      0.0   530.0
  11:30:30.890  1239.1  1838.9      0.0   520.0
  11:30:30.953  1241.3  1838.9      0.0   520.0
  11:30:30.968  1243.7  1838.9      0.0   530.0
  11:30:31.015  1246.0  1838.9      0.0   530.0
  11:30:31.062  1248.3  1838.9      0.0   520.0
  11:30:31.093  1248.3  1838.9      0.0   530.0
  11:30:31.140  1250.6  1838.9      0.0   530.0
  11:30:31.187  1253.0  1838.9      0.0   520.0
  11:30:31.234  1255.4  1838.9      0.0   530.0
  11:30:31.265  1257.8  1838.9      0.0   520.0
  11:30:31.312  1260.0  1838.9      0.0   520.0
  11:30:31.359  1262.4  1838.9      0.0   530.0
  11:30:31.390  1262.4  1838.9      0.0   530.0
  11:30:31.437  1265.5  1838.9      0.0   520.0
  11:30:31.484  1267.8  1838.9      0.0   530.0
  11:30:31.531  1270.2  1838.9      0.0   530.0
  11:30:31.562  1270.2  1838.9      0.0   530.0
  11:30:31.609  1275.6  1838.9      0.0   530.0
  11:30:31.656  1275.6  1838.9      0.0   530.0
  11:30:31.687  1278.0  1838.9      0.0   530.0
  11:30:31.734  1280.3  1838.9      0.0   540.0
  11:30:31.781  1282.6  1838.9      0.0   530.0
  11:30:31.812  1284.9  1838.9      0.0   530.0
  11:30:31.859  1287.3  1838.9      0.0   540.0
  11:30:31.906  1289.7  1838.9      0.0   540.0
  11:30:31.953  1289.7  1838.9      0.0   530.0
  11:30:31.984  1292.1  1838.9      0.0   540.0
  11:30:32.031  1294.4  1838.9      0.0   540.0
  11:30:32.078  1296.7  1838.9      0.0   540.0
  11:30:32.125  1299.1  1838.9      0.0   540.0
  11:30:32.156  1301.3  1838.9      0.0   550.0
  11:30:32.203  1303.7  1838.9      0.0   550.0
  11:30:32.250  1306.1  1838.9      0.0   550.0
  11:30:32.296  1308.5  1838.9      0.0   550.0
  11:30:32.328  1310.8  1838.9      0.0   550.0
  11:30:32.375  1310.8  1838.9      0.0   640.0
  11:30:32.421  1313.0  1838.9      0.0   710.0
  11:30:32.468  1315.3  1838.9      0.0   710.0
  11:30:32.500  1317.8  1838.9      0.0   810.0
  11:30:32.531  1320.1  1838.9      0.0   810.0
  11:30:32.578  1322.3  1838.9      0.0   810.0
  11:30:32.625  1322.3  1838.9      0.0  1060.0
  11:31:04.062  1838.1  1195.8    -90.0   960.0
  11:31:04.093  1838.1  1193.6    -90.0   930.0
  11:31:04.140  1838.1  1191.1    -90.0   930.0
  11:31:04.187  1838.1  1188.9    -90.0   710.0
  11:31:04.234  1838.1  1186.4    -90.0   700.0
  11:31:04.265  1838.1  1186.4    -90.0   700.0
  11:31:04.296  1838.1  1184.1    -90.0   680.0
  11:31:04.343  1838.1  1181.9    -90.0   680.0
  11:31:04.390  1838.1  1179.4    -90.0   690.0
  11:31:04.437  1838.1  1177.2    -90.0   680.0
  11:31:04.484  1838.1  1174.8    -90.0   680.0
  11:31:04.515  1838.1  1172.5    -90.0   680.0
  11:31:04.562  1838.0  1170.1    -90.0   680.0
  11:31:04.609  1838.0  1170.1    -90.0   680.0
  11:31:04.656  1838.0  1167.8    -90.0   680.0
  11:31:04.703  1838.0  1165.4    -90.0   680.0
  11:31:04.734  1838.0  1163.1    -90.0   680.0
  11:31:04.781  1838.0  1160.7    -90.0   680.0
  11:31:04.828  1838.0  1158.4    -90.0   670.0
  11:31:04.875  1838.0  1156.0    -90.0   670.0
  11:31:04.906  1838.0  1153.8    -90.0   670.0
  11:31:04.953  1838.0  1151.4    -90.0   670.0
  11:31:05.000  1838.0  1149.1    -90.0   670.0
  11:31:05.046  1838.0  1146.8    -90.0   670.0
  11:31:05.078  1838.0  1144.1    -90.0   670.0
  11:31:05.125  1838.0  1144.1    -90.0   660.0
  11:31:05.171  1838.0  1142.0    -90.0   660.0
  11:31:05.218  1838.0  1139.7    -90.0   660.0
  11:31:05.250  1838.0  1137.3    -90.0   650.0
  11:31:05.296  1838.0  1135.0    -90.0   660.0
  11:31:05.328  1838.0  1132.7    -90.0   660.0
  11:31:05.375  1838.0  1130.3    -90.0   650.0
  11:31:05.421  1838.0  1130.3    -90.0   660.0
  11:31:05.453  1838.0  1128.0    -90.0   660.0
  11:31:05.500  1838.0  1125.7    -90.0   660.0
  11:31:05.546  1838.0  1123.4    -90.0   660.0
  11:31:05.593  1838.0  1121.0    -90.0   660.0
  11:31:05.625  1838.0  1118.7    -90.0   650.0
  11:31:05.671  1838.0  1116.4    -90.0   660.0
  11:31:05.718  1838.0  1113.9    -90.0   650.0
  11:31:05.765  1838.0  1111.7    -90.0   640.0
  11:31:05.812  1838.0  1109.3    -90.0   650.0
  11:31:05.843  1838.0  1109.3    -90.0   640.0
  11:31:05.890  1838.0  1107.0    -90.0   640.0
  11:31:05.937  1838.0  1104.6    -90.0   650.0
  11:31:05.984  1838.0  1102.3    -90.0   650.0
  11:31:06.015  1838.0  1100.0    -90.0   650.0
  11:31:06.062  1838.0  1097.7    -90.0   650.0
  11:31:06.109  1838.0  1095.2    -90.0   650.0
  11:31:06.156  1838.0  1092.9    -90.0   650.0
  11:31:06.203  1838.0  1090.7    -90.0   650.0
  11:31:06.203  1838.0  1090.7    -90.0   640.0
  11:31:06.250  1838.0  1088.3    -90.0   640.0
  11:31:06.281  1838.0  1085.9    -90.0   640.0
  11:31:06.328  1838.0  1083.6    -90.0   640.0
  11:31:06.375  1838.0  1083.6    -90.0   630.0
  11:31:06.421  1838.0  1081.3    -90.0   640.0
  11:31:06.453  1838.0  1078.9    -90.0   640.0
  11:31:06.500  1838.0  1076.6    -90.0   640.0
  11:31:06.546  1838.0  1074.3    -90.0   640.0
  11:31:06.578  1838.0  1071.8    -90.0   640.0
  11:31:06.625  1838.0  1069.6    -90.0   630.0
  11:31:06.671  1838.0  1067.2    -90.0   640.0
  11:31:06.718  1838.0  1064.8    -90.0   640.0
  11:31:06.765  1838.0  1062.5    -90.0   640.0
  11:31:06.812  1838.0  1062.5    -90.0   640.0
  11:31:06.843  1838.0  1060.1    -90.0   630.0
  11:31:06.890  1838.0  1057.8    -90.0   620.0
  11:31:06.937  1838.0  1055.6    -90.0   620.0
  11:31:06.968  1838.0  1053.0    -90.0   620.0
  11:31:07.015  1838.0  1050.8    -90.0   610.0
  11:31:07.062  1838.0  1048.5    -90.0   620.0
  11:31:07.109  1838.0  1046.2    -90.0   640.0
  11:31:07.140  1838.0  1043.8    -90.0   610.0
  11:31:07.187  1838.0  1043.8    -90.0   610.0
  11:31:07.234  1838.0  1041.4    -90.0   560.0
  11:31:07.281  1838.0  1039.0    -90.0   560.0
  11:31:07.328  1838.0  1036.8    -90.0   560.0
  11:31:07.359  1838.0  1034.4    -90.0   540.0
  11:31:07.406  1838.0  1032.1    -90.0   540.0
  11:31:07.453  1838.0  1029.7    -90.0   540.0
  11:31:07.500  1838.0  1027.4    -90.0   540.0
  11:31:07.515  1838.0  1027.4    -90.0   530.0
  11:31:07.562  1838.0  1025.1    -90.0   530.0
  11:31:07.609  1838.0  1022.8    -90.0   490.0
  11:31:07.640  1838.0  1020.4    -90.0   460.0
  11:31:07.687  1838.0  1018.0    -90.0   460.0
  11:31:07.734  1838.0  1015.8    -90.0   440.0
  11:31:07.781  1838.0  1013.3    -90.0   430.0
  11:31:07.812  1838.0  1011.0    -90.0   430.0
  11:31:07.859  1838.0  1011.0    -90.0   410.0
  11:31:07.906  1838.0  1008.7    -90.0   400.0
  11:31:07.953  1838.0  1006.4    -90.0   400.0
  11:31:07.984  1838.0  1003.2    -90.0   390.0
  11:31:08.031  1838.0  1000.9    -90.0   390.0
  11:31:08.078  1838.0   998.6    -90.0   390.0
  11:31:08.125  1838.0   996.3    -90.0   390.0
  11:31:08.156  1838.0   996.3    -90.0   380.0
  11:31:08.203  1838.0   993.9    -90.0   390.0
  11:31:08.250  1838.0   991.5    -90.0   390.0
  11:31:08.296  1838.0   989.3    -90.0   390.0
  11:31:08.328  1838.0   986.8    -90.0   390.0
  11:31:08.375  1838.0   984.5    -90.0   400.0
  11:31:08.421  1838.0   982.3    -90.0   390.0
  11:31:08.468  1838.0   979.9    -90.0   400.0
  11:31:08.500  1838.0   977.4    -90.0   400.0
  11:31:08.546  1838.0   977.4    -90.0   400.0
  11:31:08.593  1838.0   975.2    -90.0   400.0
  11:31:08.640  1838.0   972.8    -90.0   410.0
  11:31:08.671  1838.0   970.5    -90.0   410.0
  11:31:08.734  1838.0   968.2    -90.0   410.0
  11:31:08.765  1838.0   965.3    -90.0   410.0
  11:31:08.812  1838.0   962.8    -90.0   410.0
  11:31:08.859  1838.0   962.8    -90.0   410.0
  11:31:08.890  1838.0   960.3    -90.0   420.0
  11:31:08.937  1838.0   958.0    -90.0   420.0
  11:31:08.984  1838.0   955.6    -90.0   420.0
  11:31:09.031  1838.0   953.3    -90.0   420.0
  11:31:09.062  1838.0   951.1    -90.0   420.0
  11:31:09.109  1838.0   948.6    -90.0   420.0
  11:31:09.156  1838.0   948.6    -90.0   430.0
  11:31:09.203  1838.0   945.9    -90.0   430.0
  11:31:09.234  1838.0   943.3    -90.0   440.0
  11:31:09.281  1838.0   940.8    -90.0   440.0
  11:31:09.343  1838.0   938.5    -90.0   440.0
  11:31:09.375  1838.0   936.0    -90.0   440.0
  11:31:09.406  1838.0   933.8    -90.0   440.0
  11:31:09.453  1838.0   931.5    -90.0   440.0
  11:31:09.500  1838.0   929.1    -90.0   450.0
  11:31:09.546  1838.0   926.8    -90.0   450.0
  11:31:09.593  1838.0   926.8    -90.0   450.0
  11:31:09.625  1838.0   924.5    -90.0   450.0
  11:31:09.671  1838.0   922.1    -90.0   450.0
  11:31:09.718  1838.0   919.8    -90.0   450.0
  11:31:09.765  1838.0   917.4    -90.0   460.0
  11:31:09.796  1838.0   915.2    -90.0   460.0
  11:31:09.843  1838.0   912.8    -90.0   460.0
  11:31:09.890  1838.0   910.5    -90.0   460.0
  11:31:09.937  1838.0   908.2    -90.0   470.0
  11:31:09.984  1838.0   905.8    -90.0   460.0
  11:31:10.015  1838.0   905.8    -90.0   470.0
  11:31:10.062  1838.0   903.5    -90.0   470.0
  11:31:10.109  1838.0   901.1    -90.0   470.0
  11:31:10.156  1838.0   898.8    -90.0   480.0
  11:31:10.203  1838.0   896.5    -90.0   480.0
  11:31:10.234  1838.0   894.2    -90.0   480.0
  11:31:10.281  1838.0   891.7    -90.0   480.0
  11:31:10.328  1838.0   889.4    -90.0   490.0
  11:31:10.375  1838.0   887.1    -90.0   490.0
  11:31:10.406  1838.0   884.7    -90.0   490.0
  11:31:10.453  1838.0   882.4    -90.0   490.0
  11:31:10.500  1838.0   882.4    -90.0   490.0
  11:31:10.546  1838.0   880.1    -90.0   490.0
  11:31:10.578  1838.0   877.6    -90.0   500.0
  11:31:10.625  1838.0   875.4    -90.0   500.0
  11:31:10.671  1838.0   873.0    -90.0   500.0
  11:31:10.703  1838.0   870.1    -90.0   510.0
  11:31:10.750  1838.0   867.4    -90.0   510.0
  11:31:10.796  1838.0   867.4    -90.0   510.0
  11:31:10.843  1838.0   865.2    -90.0   510.0
  11:31:10.875  1838.0   862.9    -90.0   510.0
  11:31:10.921  1838.0   860.5    -90.0   520.0
  11:31:10.968  1838.0   858.2    -90.0   510.0
  11:31:11.015  1838.0   855.8    -90.0   510.0
  11:31:11.046  1838.0   853.5    -90.0   520.0
  11:31:11.093  1838.0   851.2    -90.0   520.0
  11:31:11.140  1838.0   848.8    -90.0   520.0
  11:31:11.187  1838.0   846.5    -90.0   530.0
  11:31:11.234  1838.0   846.5    -90.0   530.0
  11:31:11.265  1838.0   844.1    -90.0   530.0
  11:31:11.312  1838.0   841.8    -90.0   530.0
  11:31:11.359  1838.0   839.5    -90.0   540.0
  11:31:11.406  1838.0   837.1    -90.0   540.0
  11:31:11.437  1838.0   834.9    -90.0   540.0
  11:31:11.484  1838.0   832.5    -90.0   540.0
  11:31:11.531  1838.0   830.1    -90.0   540.0
  11:31:11.578  1838.0   827.8    -90.0   540.0
  11:31:11.609  1838.0   825.4    -90.0   550.0
  11:31:11.656  1838.0   825.4    -90.0   550.0
  11:31:11.703  1838.0   823.1    -90.0   550.0
  11:31:11.734  1838.0   820.8    -90.0   550.0
  11:31:11.781  1838.0   818.4    -90.0   550.0
  11:31:11.828  1838.0   816.1    -90.0   550.0
  11:31:11.859  1838.0   813.8    -90.0   560.0
  11:31:11.906  1838.0   811.4    -90.0   560.0
  11:31:11.953  1838.0   811.4    -90.0   560.0
  11:31:12.000  1838.0   809.1    -90.0   560.0
  11:31:12.031  1838.0   806.8    -90.0   560.0
  11:31:12.078  1838.0   804.5    -90.0   560.0
  11:31:12.109  1838.0   802.0    -90.0   570.0
  11:31:12.156  1838.0   799.8    -90.0   570.0
  11:31:12.203  1838.0   797.3    -90.0   570.0
  11:31:12.234  1838.0   795.0    -90.0   570.0
  11:31:12.281  1838.0   795.0    -90.0   570.0
  11:31:12.328  1838.0   792.7    -90.0   570.0
  11:31:12.375  1838.0   790.4    -90.0   570.0
  11:31:12.406  1838.0   788.0    -90.0   570.0
  11:31:12.453  1838.0   785.7    -90.0   570.0
  11:31:12.500  1838.0   783.3    -90.0   570.0
  11:31:12.546  1838.0   781.0    -90.0   570.0
  11:31:12.593  1838.0   778.7    -90.0   570.0
  11:31:12.625  1838.0   776.3    -90.0   560.0
  11:31:12.671  1838.0   773.9    -90.0   560.0
  11:31:12.718  1838.0   771.6    -90.0   560.0
  11:31:12.765  1838.0   771.6    -90.0   560.0
  11:31:12.812  1838.0   769.4    -90.0   560.0
  11:31:12.843  1838.0   766.9    -90.0   560.0
  11:31:12.890  1838.0   764.6    -90.0   560.0
  11:31:12.937  1838.0   762.3    -90.0   560.0
  11:31:12.968  1838.0   760.0    -90.0   560.0
  11:31:13.015  1838.0   757.6    -90.0   560.0
  11:31:13.062  1838.0   755.3    -90.0   550.0
  11:31:13.109  1838.0   753.0    -90.0   560.0
  11:31:13.140  1838.0   753.0    -90.0   560.0
  11:31:13.187  1838.0   750.6    -90.0   550.0
  11:31:13.234  1838.0   748.2    -90.0   560.0
  11:31:13.281  1838.0   746.0    -90.0   560.0
  11:31:13.312  1838.0   743.5    -90.0   560.0
  11:31:13.359  1838.0   741.3    -90.0   560.0
  11:31:13.406  1838.0   738.9    -90.0   560.0
  11:31:13.437  1838.0   736.6    -90.0   560.0
  11:31:13.484  1838.0   734.3    -90.0   560.0
  11:31:13.531  1838.0   731.9    -90.0   560.0
  11:31:13.578  1838.0   731.9    -90.0   550.0
  11:31:13.625  1838.0   729.6    -90.0   550.0
  11:31:13.656  1838.0   727.2    -90.0   550.0
  11:31:13.703  1838.0   724.9    -90.0   550.0
  11:31:13.750  1838.0   722.5    -90.0   560.0
  11:31:13.796  1838.0   720.3    -90.0   560.0
  11:31:13.843  1838.0   717.5    -90.0   560.0
  11:31:13.875  1838.0   715.5    -90.0   560.0
  11:31:13.906  1838.0   715.5    -90.0   560.0
  11:31:13.953  1838.0   713.2    -90.0   560.0
  11:31:13.984  1838.0   710.9    -90.0   560.0
  11:31:14.031  1838.0   707.8    -90.0   570.0
  11:31:14.078  1838.0   705.3    -90.0   570.0
  11:31:14.125  1838.0   705.3    -90.0   570.0
  11:31:14.156  1838.0   703.0    -90.0   570.0
  11:31:14.203  1838.0   700.7    -90.0   570.0
  11:31:14.250  1838.0   697.5    -90.0   580.0
  11:31:14.296  1838.0   695.2    -90.0   620.0
  11:31:14.328  1838.0   692.8    -90.0   600.0
  11:31:14.375  1838.0   692.8    -90.0   610.0
  11:31:14.421  1838.0   690.6    -90.0   610.0
  11:31:14.468  1838.0   688.2    -90.0   610.0
  11:31:14.500  1838.0   685.9    -90.0   620.0
  11:31:14.546  1838.0   683.6    -90.0   640.0
  11:31:14.562  1838.0   681.2    -90.0   640.0
  11:31:14.625  1838.0   681.2    -90.0   640.0
  11:31:14.656  1838.0   678.5    -90.0   650.0
  11:31:14.703  1838.0   676.5    -90.0   650.0
  11:31:14.750  1838.0   674.2    -90.0   690.0
  11:31:14.781  1838.0   671.9    -90.0   720.0
  11:31:14.828  1838.0   669.5    -90.0   700.0
  11:31:14.875  1838.0   667.1    -90.0   720.0
  11:31:14.921  1838.0   664.8    -90.0   700.0
  11:31:14.953  1838.0   662.5    -90.0   700.0
  11:31:15.015  1838.0   660.1    -90.0   720.0
  11:31:15.046  1838.0   660.1    -90.0   770.0
  11:31:15.093  1838.0   657.9    -90.0   700.0
  11:31:15.125  1838.0   655.5    -90.0   720.0
  11:31:15.171  1838.0   653.1    -90.0   770.0
  11:31:15.218  1838.0   650.8    -90.0   770.0
  11:31:15.250  1838.0   648.4    -90.0   830.0
  11:31:15.296  1838.0   646.1    -90.0   770.0
  11:31:15.343  1838.0   643.8    -90.0   770.0
  11:31:15.390  1838.0   641.5    -90.0   820.0
  11:31:15.437  1838.0   639.1    -90.0   840.0
  11:31:15.468  1838.0   639.1    -90.0   840.0
  11:31:15.515  1838.0   636.8    -90.0   840.0
  11:31:15.562  1838.0   634.4    -90.0   970.0
  11:31:15.609  1838.0   632.1    -90.0   970.0
  11:31:15.640  1838.0   629.6    -90.0   970.0
  11:31:15.687  1838.0   627.4    -90.0   920.0
  11:31:15.734  1838.0   625.1    -90.0   920.0
  11:31:15.781  1838.0   622.8    -90.0   920.0
  11:31:15.828  1838.0   620.3    -90.0  1000.0
  11:31:15.859  1838.0   620.3    -90.0  1000.0
  11:31:16.000  1838.0   613.4    -90.0  1100.0
  11:31:49.218  1168.2     0.4    180.0   970.0
  11:31:49.250  1168.2     0.4    180.0   970.0
  11:31:49.296  1166.0     0.4    180.0   930.0
  11:31:49.343  1163.5     0.4    180.0   890.0
  11:31:49.375  1161.2     0.4    180.0   890.0
  11:31:49.421  1159.0     0.4    180.0   860.0
  11:31:49.453  1156.6     0.4    180.0   860.0
  11:31:49.500  1154.3     0.4    180.0   860.0
  11:31:49.546  1151.9     0.4    180.0   850.0
  11:31:49.593  1151.9     0.4    180.0   850.0
  11:31:49.625  1149.5     0.4    180.0   850.0
  11:31:49.671  1147.2     0.4    180.0   860.0
  11:31:49.718  1144.9     0.4    180.0   850.0
  11:31:49.750  1142.6     0.4    180.0   850.0
  11:31:49.796  1140.2     0.4    180.0   860.0
  11:31:49.843  1138.0     0.4    180.0   850.0
  11:31:49.890  1135.6     0.4    180.0   850.0
  11:31:49.937  1133.2     0.4    180.0   850.0
  11:31:49.968  1130.8     0.4    180.0   850.0
  11:31:50.015  1130.8     0.4    180.0   850.0
  11:31:50.062  1128.6     0.4    180.0   820.0
  11:31:50.109  1126.1     0.4    180.0   820.0
  11:31:50.140  1123.8     0.4    180.0   840.0
  11:31:50.187  1121.5     0.4    180.0   830.0
  11:31:50.234  1119.2     0.4    180.0   820.0
  11:31:50.281  1116.8     0.4    180.0   820.0
  11:31:50.312  1114.4     0.4    180.0   780.0
  11:31:50.359  1112.2     0.4    180.0   780.0
  11:31:50.406  1109.8     0.4    180.0   780.0
  11:31:50.453  1107.5     0.4    180.0   770.0
  11:31:50.500  1107.5     0.4    180.0   770.0
  11:31:50.531  1105.2     0.4    180.0   770.0
  11:31:50.593  1102.8     0.4    180.0   800.0
  11:31:50.625  1100.4     0.4    180.0   800.0
  11:31:50.671  1098.1     0.4    180.0   800.0
  11:31:50.703  1095.6     0.4    180.0   780.0
  11:31:50.750  1093.5     0.4    180.0   780.0
  11:31:50.796  1091.2     0.4    180.0   790.0
  11:31:50.843  1088.8     0.4    180.0   830.0
  11:31:50.875  1088.8     0.4    180.0   780.0
  11:31:50.921  1086.3     0.4    180.0   790.0
  11:31:50.968  1084.0     0.4    180.0   780.0
  11:31:51.015  1081.7     0.4    180.0   750.0
  11:31:51.062  1079.4     0.4    180.0   760.0
  11:31:51.093  1076.9     0.4    180.0   770.0
  11:31:51.140  1074.8     0.4    180.0   750.0
  11:31:51.187  1072.2     0.4    180.0   750.0
  11:31:51.234  1070.0     0.4    180.0   770.0
  11:31:51.265  1067.8     0.4    180.0   750.0
  11:31:51.312  1067.8     0.4    180.0   750.0
  11:31:51.359  1065.3     0.4    180.0   740.0
  11:31:51.406  1063.0     0.4    180.0   740.0
  11:31:51.437  1060.7     0.4    180.0   750.0
  11:31:51.484  1058.3     0.4    180.0   760.0
  11:31:51.531  1056.0     0.4    180.0   740.0
  11:31:51.578  1053.6     0.4    180.0   740.0
  11:31:51.609  1051.3     0.4    180.0   740.0
  11:31:51.656  1049.0     0.4    180.0   720.0
  11:31:51.703  1046.7     0.4    180.0   740.0
  11:31:51.734  1046.7     0.4    180.0   730.0
  11:31:51.796  1044.3     0.4    180.0   730.0
  11:31:51.828  1042.1     0.4    180.0   730.0
  11:31:51.875  1039.6     0.4    180.0   720.0
  11:31:51.921  1037.3     0.4    180.0   720.0
  11:31:51.968  1034.9     0.4    180.0   720.0
  11:31:52.000  1032.6     0.4    180.0   720.0
  11:31:52.046  1030.2     0.4    180.0   720.0
  11:31:52.093  1027.9     0.4    180.0   720.0
  11:31:52.140  1025.6     0.4    180.0   720.0
  11:31:52.171  1025.6     0.4    180.0   720.0
  11:31:52.218  1023.2     0.4    180.0   720.0
  11:31:52.265  1021.0     0.4    180.0   680.0
  11:31:52.296  1018.6     0.4    180.0   680.0
  11:31:52.343  1016.3     0.5    180.0   690.0
  11:31:52.406  1014.0     0.5    180.0   700.0
  11:31:52.437  1011.5     0.5    180.0   680.0
  11:31:52.468  1009.2     0.5    180.0   700.0
  11:31:52.515  1006.8     0.5    180.0   690.0
  11:31:52.562  1004.5     0.5    180.0   680.0
  11:31:52.609  1004.5     0.5    180.0   680.0
  11:31:52.640  1002.0     0.5    180.0   660.0
  11:31:52.687   999.9     0.5    180.0   650.0
  11:31:52.734   997.5     0.5    180.0   650.0
  11:31:52.781   995.2     0.5    180.0   600.0
  11:31:52.812   992.8     0.5    180.0   600.0
  11:31:52.859   990.5     0.5    180.0   600.0
  11:31:52.906   988.2     0.5    180.0   590.0
  11:31:52.953   985.8     0.5    180.0   550.0
  11:31:52.984   985.8     0.5    180.0   560.0
  11:31:53.031   983.3     0.5    180.0   560.0
  11:31:53.078   981.1     0.5    180.0   560.0
  11:31:53.125   978.9     0.5    180.0   560.0
  11:31:53.156   976.5     0.5    180.0   560.0
  11:31:53.218   974.2     0.5    180.0   560.0
  11:31:53.250   971.7     0.5    180.0   560.0
  11:31:53.296   969.4     0.5    180.0   560.0
  11:31:53.328   967.1     0.5    180.0   560.0
  11:31:53.375   964.8     0.5    180.0   560.0
  11:31:53.421   964.8     0.5    180.0   560.0
  11:31:53.468   962.5     0.5    180.0   560.0
  11:31:53.500   960.0     0.5    180.0   560.0
  11:31:53.546   957.7     0.5    180.0   560.0
  11:31:53.593   955.3     0.5    180.0   550.0
  11:31:53.640   953.1     0.5    180.0   550.0
  11:31:53.687   950.8     0.5    180.0   550.0
  11:31:53.718   948.4     0.5    180.0   550.0
  11:31:53.765   946.1     0.5    180.0   550.0
  11:31:53.812   943.8     0.5    180.0   550.0
  11:31:53.859   943.8     0.5    180.0   550.0
  11:31:53.890   941.4     0.5    180.0   550.0
  11:31:53.937   939.1     0.5    180.0   540.0
  11:31:53.984   936.6     0.5    180.0   540.0
  11:31:54.031   934.3     0.5    180.0   540.0
  11:31:54.062   932.0     0.5    180.0   540.0
  11:31:54.109   929.8     0.5    180.0   540.0
  11:31:54.156   927.2     0.5    180.0   540.0
  11:31:54.203   924.9     0.5    180.0   540.0
  11:31:54.234   922.7     0.5    180.0   540.0
  11:31:54.281   922.7     0.5    180.0   540.0
  11:31:54.328   920.4     0.5    180.0   540.0
  11:31:54.375   917.9     0.5    180.0   540.0
  11:31:54.406   915.7     0.5    180.0   540.0
  11:31:54.453   913.4     0.5    180.0   540.0
  11:31:54.500   910.9     0.5    180.0   540.0
  11:31:54.546   908.5     0.5    180.0   540.0
  11:31:54.578   906.3     0.5    180.0   530.0
  11:31:54.609   906.3     0.5    180.0   530.0
  11:31:54.656   903.9     0.5    180.0   530.0
  11:31:54.703   901.5     0.5    180.0   530.0
  11:31:54.750   899.3     0.5    180.0   530.0
  11:31:54.781   897.0     0.5    180.0   530.0
  11:31:54.828   894.5     0.5    180.0   530.0
  11:31:54.875   892.2     0.5    180.0   530.0
  11:31:54.921   890.0     0.5    180.0   530.0
  11:31:54.953   887.6     0.5    180.0   530.0
  11:31:55.000   885.3     0.5    180.0   530.0
  11:31:55.046   885.3     0.5    180.0   530.0
  11:31:55.093   883.0     0.5    180.0   520.0
  11:31:55.140   880.6     0.5    180.0   520.0
  11:31:55.171   878.2     0.5    180.0   520.0
  11:31:55.218   875.9     0.5    180.0   520.0
  11:31:55.250   873.6     0.5    180.0   520.0
  11:31:55.296   871.2     0.5    180.0   520.0
  11:31:55.343   868.8     0.5    180.0   520.0
  11:31:55.390   868.8     0.5    180.0   520.0
  11:31:55.421   866.6     0.5    180.0   520.0
  11:31:55.468   864.1     0.5    180.0   520.0
  11:31:55.515   861.1     0.5    180.0   520.0
  11:31:55.562   858.8     0.5    180.0   520.0
  11:31:55.609   856.4     0.5    180.0   520.0
  11:31:55.640   854.1     0.5    180.0   520.0
  11:31:55.687   854.1     0.5    180.0   520.0
  11:31:55.734   851.7     0.5    180.0   510.0
  11:31:55.765   849.2     0.5    180.0   510.0
  11:31:55.812   847.0     0.5    180.0   510.0
  11:31:55.859   844.7     0.5    180.0   510.0
  11:31:55.906   842.3     0.5    180.0   510.0
  11:31:55.953   839.9     0.5    180.0   510.0
  11:31:56.000   837.7     0.5    180.0   510.0
  11:31:56.031   835.4     0.5    180.0   510.0
  11:31:56.078   833.0     0.5    180.0   510.0
  11:31:56.125   833.0     0.5    180.0   510.0
  11:31:56.156   830.7     0.5    180.0   510.0
  11:31:56.203   828.3     0.5    180.0   510.0
  11:31:56.250   826.0     0.5    180.0   510.0
  11:31:56.296   823.6     0.5    180.0   510.0
  11:31:56.343   821.2     0.5    180.0   510.0
  11:31:56.375   819.0     0.5    180.0   500.0
  11:31:56.421   816.5     0.5    180.0   500.0
  11:31:56.468   814.2     0.5    180.0   500.0
  11:31:56.515   812.0     0.5    180.0   500.0
  11:31:56.546   809.6     0.5    180.0   500.0
  11:31:56.593   809.6     0.5    180.0   500.0
  11:31:56.640   807.3     0.5    180.0   500.0
  11:31:56.671   805.0     0.5    180.0   500.0
  11:31:56.718   801.7     0.5    180.0   500.0
  11:31:56.765   799.4     0.5    180.0   500.0
  11:31:56.812   797.1     0.5    180.0   500.0
  11:31:56.859   797.1     0.5    180.0   500.0
  11:31:56.890   794.8     0.5    180.0   500.0
  11:31:56.937   792.4     0.5    180.0   500.0
  11:31:56.984   790.1     0.5    180.0   500.0
  11:31:57.031   787.7     0.5    180.0   500.0
  11:31:57.062   785.4     0.5    180.0   500.0
  11:31:57.109   783.1     0.5    180.0   500.0
  11:31:57.156   780.8     0.5    180.0   500.0
  11:31:57.187   778.5     0.5    180.0   490.0
  11:31:57.234   778.5     0.5    180.0   500.0
  11:31:57.281   776.1     0.5    180.0   490.0
  11:31:57.328   773.7     0.5    180.0   490.0
  11:31:57.375   771.4     0.5    180.0   490.0
  11:31:57.406   769.1     0.5    180.0   490.0
  11:31:57.468   766.7     0.5    180.0   490.0
  11:31:57.500   764.3     0.5    180.0   490.0
  11:31:57.531   762.1     0.5    180.0   490.0
  11:31:57.578   759.7     0.5    180.0   490.0
  11:31:57.625   759.7     0.5    180.0   490.0
  11:31:57.671   757.4     0.5    180.0   490.0
  11:31:57.703   754.8     0.5    180.0   490.0
  11:31:57.750   752.7     0.5    180.0   490.0
  11:31:57.796   750.3     0.5    180.0   490.0
  11:31:57.843   748.0     0.5    180.0   480.0
  11:31:57.875   745.5     0.5    180.0   490.0
  11:31:57.921   743.3     0.5    180.0   480.0
  11:31:57.968   740.9     0.5    180.0   480.0
  11:31:58.000   740.9     0.5    180.0   490.0
  11:31:58.031   738.7     0.5    180.0   490.0
  11:31:58.078   736.3     0.5    180.0   480.0
  11:31:58.109   734.0     0.5    180.0   480.0
  11:31:58.156   731.6     0.5    180.0   490.0
  11:31:58.203   729.3     0.5    180.0   490.0
  11:31:58.234   729.3     0.5    180.0   490.0
  11:31:58.281   726.9     0.5    180.0   480.0
  11:31:58.328   724.6     0.5    180.0   480.0
  11:31:58.375   722.2     0.5    180.0   480.0
  11:31:58.421   719.9     0.5    180.0   480.0
  11:31:58.453   717.6     0.5    180.0   480.0
  11:31:58.500   715.2     0.5    180.0   480.0
  11:31:58.546   712.9     0.5    180.0   480.0
  11:31:58.593   710.6     0.5    180.0   480.0
  11:31:58.625   708.2     0.5    180.0   480.0
  11:31:58.671   708.2     0.5    180.0   480.0
  11:31:58.718   706.0     0.5    180.0   480.0
  11:31:58.765   703.5     0.5    180.0   480.0
  11:31:58.796   701.3     0.5    180.0   480.0
  11:31:58.843   698.9     0.5    180.0   480.0
  11:31:58.875   696.5     0.6    180.0   480.0
  11:31:58.937   694.2     0.6    180.0   480.0
  11:31:58.968   691.9     0.6    180.0   470.0
  11:31:59.015   689.5     0.6    180.0   480.0
  11:31:59.062   689.5     0.6    180.0   480.0
  11:31:59.093   687.2     0.6    180.0   480.0
  11:31:59.140   684.8     0.6    180.0   480.0
  11:31:59.187   682.4     0.6    180.0   480.0
  11:31:59.234   680.2     0.6    180.0   480.0
  11:31:59.265   677.8     0.6    180.0   480.0
  11:31:59.328   675.4     0.6    180.0   490.0
  11:31:59.359   673.2     0.6    180.0   490.0
  11:31:59.406   670.8     0.6    180.0   500.0
  11:31:59.453   668.4     0.6    180.0   510.0
  11:31:59.484   668.4     0.6    180.0   510.0
  11:31:59.531   666.1     0.6    180.0   510.0
  11:31:59.578   663.7     0.6    180.0   520.0
  11:31:59.609   661.4     0.6    180.0   520.0
  11:31:59.656   659.1     0.6    180.0   530.0
  11:31:59.703   656.7     0.6    180.0   550.0
  11:31:59.750   654.1     0.6    180.0   550.0
  11:31:59.796   652.0     0.6    180.0   570.0
  11:31:59.828   649.8     0.6    180.0   570.0
  11:31:59.875   647.3     0.6    180.0   570.0
  11:31:59.921   647.3     0.6    180.0   580.0
  11:31:59.968   644.6     0.6    180.0   620.0
  11:32:00.000   641.9     0.6    180.0   620.0
  11:32:00.062   639.6     0.6    180.0   640.0
  11:32:00.093   637.3     0.6    180.0   620.0
  11:32:00.140   634.7     0.6    180.0   620.0
  11:32:00.187   632.5     0.6    180.0   620.0
  11:32:00.218   630.2     0.6    180.0   630.0
  11:32:00.265   630.2     0.6    180.0   630.0
  11:32:00.312   627.9     0.6    180.0   630.0
  11:32:00.359   625.5     0.6    180.0   630.0
  11:32:00.390   623.2     0.6    180.0   630.0
  11:32:00.437   620.8     0.6    180.0   770.0
  11:32:00.484   618.5     0.6    180.0   720.0
  11:32:00.531   616.1     0.6    180.0   720.0
  11:32:00.578   613.9     0.6    180.0   760.0
  11:32:00.609   611.6     0.6    180.0   760.0
  11:32:00.656   609.1     0.6    180.0   760.0
  11:32:00.703   609.1     0.6    180.0   800.0
  11:32:00.750   606.8     0.6    180.0   760.0
  11:32:00.796   604.4     0.6    180.0   760.0
  11:32:00.828   602.1     0.6    180.0   780.0
  11:32:00.875   599.8     0.6    180.0   790.0
  11:32:00.921   597.5     0.6    180.0   790.0
  11:32:00.953   595.2     0.6    180.0   820.0
  11:32:01.000   592.8     0.6    180.0   830.0
  11:32:01.046   590.5     0.6    180.0   830.0
  11:32:01.093   588.0     0.6    180.0   830.0
  11:32:01.140   585.8     0.6    180.0   850.0
  11:32:01.187   585.8     0.6    180.0   850.0
  11:32:01.218   583.5     0.6    180.0   850.0
  11:32:01.265   581.2     0.6    180.0   910.0
  11:32:01.312   578.7     0.6    180.0   910.0
  11:32:01.359   576.5     0.6    180.0  1000.0
  11:32:01.437   571.7     0.6    180.0   910.0
