Лабораторная работа 1. Анализ сенсорных данных об объекте

Маршрут: квадрат
Направление движения: против часовой стрелки
Скорость движения: 50.0 мм/с
Рабочий дальномер: левый (Rf_L)
Матрица положения дальномера Rf_L:
   0.000  -1.000   0.000  -120.0
   1.000   0.000   0.000   241.0
   0.000   0.000   1.000   229.5
       0       0       0       1

Выходная информация: положение робота, данные дальномера об объекте

          Time   X_rob   Y_rob  Ang_rob    Rf_L
  чч:мм:сс.ссс      мм      мм     град      мм
  11:42:27.062   761.1   -31.7      1.7   980.0
  11:42:27.109   763.4   -31.6      1.7   860.0
  11:42:27.140   765.6   -31.5      1.7   900.0
  11:42:27.187   767.9   -31.5      1.7   860.0
  11:42:27.234   770.3   -31.4      1.7   860.0
  11:42:27.281   772.7   -31.3      1.7   890.0
  11:42:27.328   775.0   -31.3      1.7   860.0
  11:42:27.359   777.4   -31.2      1.7   770.0
  11:42:27.406   777.4   -31.2      1.7   800.0
  11:42:27.453   779.8   -31.1      1.7   770.0
  11:42:27.500   782.0   -31.0      1.7   760.0
  11:42:27.531   784.4   -31.0      1.7   760.0
  11:42:27.578   786.7   -30.9      1.7   740.0
  11:42:27.609   789.0   -30.8      1.7   740.0
  11:42:27.656   791.4   -30.8      1.7   770.0
  11:42:27.703   791.4   -30.8      1.7   740.0
  11:42:27.734   793.7   -30.7      1.7   720.0
  11:42:27.781   796.1   -30.6      1.7   720.0
  11:42:27.828   798.5   -30.6      1.7   740.0
  11:42:27.875   800.7   -30.5      1.7   700.0
  11:42:27.906   803.1   -30.4      1.7   700.0
  11:42:27.953   805.4   -30.4      1.7   730.0
  11:42:28.000   807.7   -30.3      1.7   700.0
  11:42:28.046   810.1   -30.2      1.7   700.0
  11:42:28.093   812.5   -30.1      1.7   680.0
  11:42:28.140   814.8   -30.1      1.7   660.0
  11:42:28.171   814.8   -30.1      1.7   660.0
  11:42:28.218   817.2   -30.0      1.7   650.0
  11:42:28.265   819.4   -29.9      1.7   630.0
  11:42:28.296   821.9   -29.9      1.7   650.0
  11:42:28.343   824.2   -29.8      1.7   640.0
  11:42:28.390   826.5   -29.7      1.7   640.0
  11:42:28.421   828.8   -29.7      1.7   640.0
  11:42:28.468   831.2   -29.6      1.7   620.0
  11:42:28.500   831.2   -29.6      1.7   620.0
  11:42:28.546   833.5   -29.5      1.7   620.0
  11:42:28.593   835.9   -29.5      1.7   610.0
  11:42:28.640   838.1   -29.4      1.7   610.0
  11:42:28.671   841.0   -29.3      1.7   610.0
  11:42:28.718   842.8   -29.2      1.7   600.0
  11:42:28.765   845.2   -29.2      1.7   580.0
  11:42:28.812   847.5   -29.1      1.7   580.0
  11:42:28.859   849.9   -29.0      1.7   570.0
  11:42:28.890   849.9   -29.0      1.7   570.0
  11:42:28.937   852.2   -29.0      1.7   570.0
  11:42:28.984   854.5   -28.9      1.7   570.0
  11:42:29.031   856.9   -28.8      1.7   570.0
  11:42:29.062   859.3   -28.8      1.7   570.0
  11:42:29.109   861.6   -28.7      1.7   560.0
  11:42:29.156   863.8   -28.6      1.7   560.0
  11:42:29.203   866.3   -28.6      1.7   560.0
  11:42:29.234   868.5   -28.5      1.7   560.0
  11:42:29.281   870.9   -28.4      1.7   560.0
  11:42:29.328   873.3   -28.3      1.7   560.0
  11:42:29.375   873.3   -28.3      1.7   560.0
  11:42:29.421   875.6   -28.3      1.7   560.0
  11:42:29.453   878.0   -28.2      1.7   560.0
  11:42:29.484   880.3   -28.1      1.7   560.0
  11:42:29.531   882.5   -28.1      1.7   560.0
  11:42:29.578   884.9   -28.0      1.7   560.0
  11:42:29.625   887.3   -27.9      1.7   560.0
  11:42:29.656   889.6   -27.9      1.7   560.0
  11:42:29.703   889.6   -27.9      1.7   560.0
  11:42:29.750   892.0   -27.8      1.7   560.0
  11:42:29.781   894.2   -27.7      1.7   560.0
  11:42:29.828   896.6   -27.7      1.7   560.0
  11:42:29.875   898.9   -27.6      1.7   560.0
  11:42:29.921   901.2   -27.5      1.7   560.0
  11:42:29.953   903.6   -27.4      1.7   570.0
  11:42:30.000   906.0   -27.4      1.7   570.0
  11:42:30.046   908.3   -27.3      1.7   570.0
  11:42:30.093   908.3   -27.3      1.7   570.0
  11:42:30.125   910.6   -27.2      1.7   570.0
  11:42:30.171   913.0   -27.2      1.7   570.0
  11:42:30.218   915.4   -27.1      1.7   570.0
  11:42:30.265   917.6   -27.0      1.7   570.0
  11:42:30.296   919.9   -27.0      1.7   570.0
  11:42:30.343   922.4   -26.9      1.7   570.0
  11:42:30.390   924.7   -26.8      1.7   570.0
  11:42:30.437   926.9   -26.8      1.7   570.0
  11:42:30.484   929.3   -26.7      1.7   570.0
  11:42:30.531   931.6   -26.6      1.7   560.0
  11:42:30.562   931.6   -26.6      1.7   560.0
  11:42:30.609   934.0   -26.5      1.7   560.0
  11:42:30.656   936.4   -26.5      1.7   570.0
  11:42:30.703   938.8   -26.4      1.7   570.0
  11:42:30.734   941.0   -26.3      1.7   570.0
  11:42:30.781   943.3   -26.3      1.7   570.0
  11:42:30.828   945.7   -26.2      1.7   570.0
  11:42:30.875   948.0   -26.1      1.7   570.0
  11:42:30.921   950.3   -26.1      1.7   570.0
  11:42:30.953   950.3   -26.1      1.7   570.0
  11:42:31.000   952.7   -26.0      1.7   570.0
  11:42:31.031   955.1   -25.9      1.7   580.0
  11:42:31.078   957.5   -25.9      1.7   570.0
  11:42:31.125   959.8   -25.8      1.7   580.0
  11:42:31.171   962.1   -25.7      1.7   580.0
  11:42:31.218   964.5   -25.6      1.7   580.0
  11:42:31.250   966.8   -25.6      1.7   580.0
  11:42:31.296   969.1   -25.5      1.7   580.0
  11:42:31.343   971.5   -25.4      1.7   580.0
  11:42:31.390   973.8   -25.4      1.7   580.0
  11:42:31.437   973.8   -25.4      1.7   580.0
  11:42:31.468   976.1   -25.3      1.7   570.0
  11:42:31.515   978.5   -25.2      1.7   580.0
  11:42:31.562   980.9   -25.2      1.7   580.0
  11:42:31.593   983.1   -25.1      1.7   570.0
  11:42:31.640   985.4   -25.0      1.7   570.0
  11:42:31.687   987.8   -25.0      1.7   570.0
  11:42:31.734   990.5   -24.9      1.7   570.0
  11:42:31.781   992.5   -24.8      1.7   570.0
  11:42:31.812   994.8   -24.7      1.7   570.0
  11:42:31.859   994.8   -24.7      1.7   560.0
  11:42:31.921   999.6   -24.6      1.7   560.0
  11:42:31.953   999.6   -24.6      1.7   560.0
  11:42:31.984  1001.8   -24.5      1.7   560.0
  11:42:32.031  1004.2   -24.5      1.7   560.0
  11:42:32.062  1006.5   -24.4      1.7   550.0
  11:42:32.109  1008.8   -24.3      1.7   550.0
  11:42:32.156  1011.2   -24.3      1.7   550.0
  11:42:32.203  1011.2   -24.3      1.7   550.0
  11:42:32.250  1013.5   -24.2      1.7   550.0
  11:42:32.281  1015.9   -24.1      1.7   550.0
  11:42:32.328  1018.2   -24.1      1.7   540.0
  11:42:32.375  1021.3   -24.0      1.7   540.0
  11:42:32.421  1023.6   -23.9      1.7   540.0
  11:42:32.468  1026.0   -23.8      1.7   540.0
  11:42:32.531  1028.3   -23.8      1.7   540.0
  11:42:32.531  1028.3   -23.8      1.7   540.0
  11:42:32.578  1030.7   -23.7      1.7   530.0
  11:42:32.625  1033.0   -23.6      1.7   530.0
  11:42:32.671  1035.3   -23.5      1.7   530.0
  11:42:32.718  1037.8   -23.5      1.7   530.0
  11:42:32.750  1040.0   -23.4      1.7   530.0
  11:42:32.796  1042.4   -23.3      1.7   530.0
  11:42:32.843  1042.4   -23.3      1.7   520.0
  11:42:32.875  1044.6   -23.3      1.7   520.0
  11:42:32.937  1047.0   -23.2      1.7   520.0
  11:42:32.968  1049.7   -23.1      1.7   510.0
  11:42:33.015  1052.4   -23.0      1.7   510.0
  11:42:33.046  1054.9   -23.0      1.7   510.0
  11:42:33.093  1057.2   -22.9      1.7   510.0
  11:42:33.140  1057.2   -22.9      1.7   510.0
  11:42:33.187  1059.5   -22.8      1.7   510.0
  11:42:33.218  1061.8   -22.8      1.7   500.0
  11:42:33.265  1064.2   -22.7      1.7   500.0
  11:42:33.312  1066.6   -22.6      1.7   500.0
  11:42:33.359  1069.0   -22.5      1.7   500.0
  11:42:33.406  1071.1   -22.5      1.7   500.0
  11:42:33.453  1073.6   -22.4      1.7   500.0
  11:42:33.484  1075.9   -22.3      1.7   500.0
  11:42:33.531  1078.3   -22.3      1.7   500.0
  11:42:33.578  1080.6   -22.2      1.7   500.0
  11:42:33.625  1080.6   -22.2      1.7   490.0
  11:42:33.656  1082.9   -22.1      1.7   490.0
  11:42:33.703  1085.2   -22.1      1.7   490.0
  11:42:33.750  1087.6   -22.0      1.7   490.0
  11:42:33.781  1090.0   -21.9      1.7   490.0
  11:42:33.828  1092.3   -21.9      1.7   490.0
  11:42:33.875  1094.5   -21.8      1.7   480.0
  11:42:33.921  1096.9   -21.7      1.7   480.0
  11:42:33.953  1099.2   -21.7      1.7   480.0
  11:42:34.000  1099.2   -21.7      1.7   480.0
  11:42:34.046  1101.7   -21.6      1.7   480.0
  11:42:34.093  1103.9   -21.5      1.7   480.0
  11:42:34.125  1106.3   -21.4      1.7   470.0
  11:42:34.171  1108.7   -21.4      1.7   470.0
  11:42:34.218  1111.0   -21.3      1.7   470.0
  11:42:34.265  1113.3   -21.2      1.7   460.0
  11:42:34.296  1115.6   -21.2      1.7   460.0
  11:42:34.343  1118.0   -21.1      1.7   460.0
  11:42:34.390  1120.3   -21.0      1.7   460.0
  11:42:34.437  1120.3   -21.0      1.7   460.0
  11:42:34.484  1122.7   -21.0      1.7   460.0
  11:42:34.515  1125.0   -20.9      1.7   450.0
  11:42:34.562  1127.3   -20.8      1.7   450.0
  11:42:34.609  1129.6   -20.8      1.7   450.0
  11:42:34.656  1131.9   -20.7      1.7   450.0
  11:42:34.687  1134.4   -20.6      1.7   450.0
  11:42:34.734  1136.7   -20.5      1.7   450.0
  11:42:34.781  1139.0   -20.5      1.7   450.0
  11:42:34.828  1141.3   -20.4      1.7   440.0
  11:42:34.859  1141.3   -20.4      1.7   440.0
  11:42:34.906  1143.7   -20.3      1.7   440.0
  11:42:34.953  1145.9   -20.3      1.7   440.0
  11:42:35.000  1148.4   -20.2      1.7   440.0
  11:42:35.031  1150.7   -20.1      1.7   440.0
  11:42:35.078  1153.1   -20.1      1.7   430.0
  11:42:35.125  1155.4   -20.0      1.7   430.0
  11:42:35.187  1157.7   -19.9      1.7   430.0
  11:42:35.203  1160.1   -19.9      1.7   430.0
  11:42:35.250  1162.5   -19.8      1.7   430.0
  11:42:35.296  1162.5   -19.8      1.7   430.0
  11:42:35.343  1164.7   -19.7      1.7   430.0
  11:42:35.390  1167.1   -19.6      1.7   430.0
  11:42:35.421  1169.4   -19.6      1.7   430.0
  11:42:35.468  1171.7   -19.5      1.7   430.0
  11:42:35.515  1174.0   -19.4      1.7   430.0
  11:42:35.562  1176.5   -19.4      1.7   430.0
  11:42:35.593  1178.8   -19.3      1.7   430.0
  11:42:35.640  1181.1   -19.2      1.7   440.0
  11:42:35.687  1183.5   -19.2      1.7   440.0
  11:42:35.734  1183.5   -19.2      1.7   440.0
  11:42:35.781  1185.8   -19.1      1.7   470.0
  11:42:35.812  1188.2   -19.0      1.7   490.0
  11:42:35.859  1190.5   -19.0      1.7   480.0
  11:42:35.906  1192.8   -18.9      1.7   490.0
  11:42:35.953  1195.1   -18.8      1.7   520.0
  11:42:35.984  1197.5   -18.7      1.7   520.0
  11:42:36.031  1199.8   -18.7      1.7   520.0
  11:42:36.078  1202.1   -18.6      1.7   530.0
  11:42:36.125  1204.4   -18.5      1.7   530.0
  11:42:36.156  1206.7   -18.5      1.7   560.0
  11:42:36.203  1206.7   -18.5      1.7   580.0
  11:42:36.250  1209.2   -18.4      1.7   570.0
  11:42:36.296  1211.4   -18.3      1.7   570.0
  11:42:36.343  1213.8   -18.3      1.7   580.0
  11:42:36.359  1216.1   -18.2      1.7   580.0
  11:42:36.406  1216.1   -18.2      1.7   610.0
  11:42:36.437  1218.5   -18.1      1.7   620.0
  11:42:36.484  1220.8   -18.1      1.7   620.0
  11:42:36.531  1223.1   -18.0      1.7   630.0
  11:42:36.593  1228.1   -17.8      1.7   620.0
  11:42:36.609  1228.1   -17.8      1.7   620.0
  11:42:36.656  1230.1   -17.8      1.7   640.0
  11:42:36.703  1232.5   -17.7      1.7   650.0
  11:42:36.734  1234.9   -17.6      1.7   650.0
  11:42:36.781  1237.4   -17.6      1.7   650.0
  11:42:36.828  1237.4   -17.6      1.7   650.0
  11:42:36.875  1239.4   -17.5      1.7   650.0
  11:42:36.921  1241.8   -17.4      1.7   650.0
  11:42:36.953  1244.2   -17.4      1.7   650.0
  11:42:37.000  1246.6   -17.3      1.7   650.0
  11:42:37.046  1248.8   -17.2      1.7   650.0
  11:42:37.093  1251.4   -17.1      1.7   650.0
  11:42:37.125  1253.6   -17.1      1.7   650.0
  11:42:37.171  1255.9   -17.0      1.7   650.0
  11:42:37.218  1258.3   -16.9      1.7   650.0
  11:42:37.265  1258.3   -16.9      1.7   650.0
  11:42:37.296  1260.7   -16.9      1.7   650.0
  11:42:37.343  1262.9   -16.8      1.7   660.0
  11:42:37.390  1265.2   -16.7      1.7   660.0
  11:42:37.437  1267.8   -16.7      1.7   660.0
  11:42:37.484  1269.9   -16.6      1.7   650.0
  11:42:37.515  1272.2   -16.5      1.7   650.0
  11:42:37.562  1274.5   -16.5      1.7   660.0
  11:42:37.609  1277.0   -16.4      1.7   650.0
  11:42:37.656  1279.2   -16.3      1.7   640.0
  11:42:37.687  1281.6   -16.3      1.7   650.0
  11:42:37.734  1281.6   -16.3      1.7   660.0
  11:42:37.781  1283.9   -16.2      1.7   660.0
  11:42:37.828  1286.3   -16.1      1.7   660.0
  11:42:37.875  1289.5   -16.0      1.7   670.0
  11:42:37.906  1291.8   -16.0      1.7   660.0
  11:42:37.953  1291.8   -16.0      1.7   670.0
  11:42:38.000  1294.1   -15.9      1.7   670.0
  11:42:38.031  1296.4   -15.8      1.7   670.0
  11:42:38.078  1298.8   -15.7      1.7   670.0
  11:42:38.125  1301.1   -15.7      1.7   670.0
  11:42:38.171  1303.4   -15.6      1.7   670.0
  11:42:38.203  1305.7   -15.5      1.7   670.0
  11:42:38.250  1308.1   -15.5      1.7   670.0
  11:42:38.296  1310.5   -15.4      1.7   670.0
  11:42:38.343  1312.9   -15.3      1.7   670.0
  11:42:38.375  1312.9   -15.3      1.7   670.0
  11:42:38.406  1315.1   -15.3      1.7   670.0
  11:42:38.453  1317.4   -15.2      1.7   670.0
  11:42:38.500  1319.7   -15.1      1.7   670.0
  11:42:38.546  1322.2   -15.1      1.7   670.0
  11:42:38.578  1324.5   -15.0      1.7   680.0
  11:42:38.625  1326.8   -14.9      1.7   680.0
  11:42:38.671  1329.2   -14.8      1.7   670.0
  11:42:38.703  1329.2   -14.8      1.7   670.0
  11:42:38.750  1331.5   -14.8      1.7   680.0
  11:42:38.796  1333.8   -14.7      1.7   680.0
  11:42:38.843  1336.2   -14.6      1.7   690.0
  11:42:38.890  1338.6   -14.6      1.7   700.0
  11:42:38.921  1340.9   -14.5      1.7   700.0
  11:42:38.968  1343.2   -14.4      1.7   730.0
  11:42:39.015  1345.5   -14.4      1.7   700.0
  11:42:39.062  1347.8   -14.3      1.7   690.0
  11:42:39.093  1350.1   -14.2      1.7   700.0
  11:42:39.140  1350.1   -14.2      1.7   700.0
  11:42:39.187  1352.6   -14.2      1.7   700.0
  11:43:12.062  1838.4   779.8     90.0   860.0
  11:43:12.109  1838.4   782.2     90.0   730.0
  11:43:12.156  1838.4   784.5     90.0   730.0
  11:43:12.187  1838.4   786.8     90.0   550.0
  11:43:12.234  1838.4   786.8     90.0   540.0
  11:43:12.265  1838.4   789.2     90.0   540.0
  11:43:12.312  1838.4   791.4     90.0   530.0
  11:43:12.359  1838.4   793.8     90.0   530.0
  11:43:12.406  1838.4   796.2     90.0   530.0
  11:43:12.437  1838.4   798.5     90.0   530.0
  11:43:12.484  1838.4   800.8     90.0   530.0
  11:43:12.531  1838.4   803.1     90.0   530.0
  11:43:12.578  1838.4   805.6     90.0   520.0
  11:43:12.609  1838.4   807.8     90.0   520.0
  11:43:12.656  1838.4   807.8     90.0   520.0
  11:43:12.703  1838.4   810.2     90.0   520.0
  11:43:12.750  1838.4   812.6     90.0   520.0
  11:43:12.781  1838.4   814.9     90.0   520.0
  11:43:12.828  1838.4   817.2     90.0   510.0
  11:43:12.875  1838.4   819.6     90.0   510.0
  11:43:12.921  1838.4   821.9     90.0   520.0
  11:43:12.953  1838.4   824.3     90.0   520.0
  11:43:13.000  1838.4   826.6     90.0   520.0
  11:43:13.046  1838.4   826.6     90.0   520.0
  11:43:13.093  1838.4   829.0     90.0   520.0
  11:43:13.140  1838.4   831.2     90.0   510.0
  11:43:13.171  1838.4   833.6     90.0   520.0
  11:43:13.218  1838.4   836.0     90.0   520.0
  11:43:13.265  1838.4   838.3     90.0   520.0
  11:43:13.312  1838.4   840.7     90.0   520.0
  11:43:13.343  1838.4   843.1     90.0   520.0
  11:43:13.390  1838.4   845.3     90.0   520.0
  11:43:13.437  1838.4   847.7     90.0   520.0
  11:43:13.484  1838.4   850.0     90.0   520.0
  11:43:13.515  1838.4   850.0     90.0   520.0
  11:43:13.562  1838.4   852.4     90.0   520.0
  11:43:13.609  1838.4   854.8     90.0   520.0
  11:43:13.656  1838.4   857.0     90.0   520.0
  11:43:13.703  1838.4   859.4     90.0   520.0
  11:43:13.734  1838.4   861.7     90.0   520.0
  11:43:13.781  1838.4   864.7     90.0   520.0
  11:43:13.828  1838.4   864.7     90.0   520.0
  11:43:13.859  1838.4   867.2     90.0   510.0
  11:43:13.906  1838.4   869.4     90.0   510.0
  11:43:13.953  1838.4   871.8     90.0   510.0
  11:43:14.000  1838.4   874.2     90.0   510.0
  11:43:14.046  1838.4   876.4     90.0   510.0
  11:43:14.078  1838.4   878.8     90.0   510.0
  11:43:14.125  1838.4   881.2     90.0   510.0
  11:43:14.171  1838.4   883.6     90.0   510.0
  11:43:14.203  1838.4   883.6     90.0   510.0
  11:43:14.250  1838.4   885.9     90.0   510.0
  11:43:14.296  1838.4   888.1     90.0   510.0
  11:43:14.343  1838.4   890.5     90.0   510.0
  11:43:14.375  1838.4   892.9     90.0   510.0
  11:43:14.421  1838.4   895.2     90.0   510.0
  11:43:14.468  1838.4   897.5     90.0   510.0
  11:43:14.515  1838.4   899.9     90.0   510.0
  11:43:14.562  1838.4   902.3     90.0   510.0
  11:43:14.593  1838.4   902.3     90.0   510.0
  11:43:14.625  1838.4   904.6     90.0   510.0
  11:43:14.671  1838.4   907.0     90.0   510.0
  11:43:14.718  1838.4   909.3     90.0   510.0
  11:43:14.765  1838.4   911.6     90.0   510.0
  11:43:14.812  1838.4   913.9     90.0   510.0
  11:43:14.843  1838.4   916.2     90.0   510.0
  11:43:14.875  1838.4   916.2     90.0   510.0
  11:43:14.921  1838.4   918.6     90.0   500.0
  11:43:14.984  1838.4   921.0     90.0   500.0
  11:43:15.015  1838.4   923.6     90.0   500.0
  11:43:15.046  1838.4   926.4     90.0   500.0
  11:43:15.093  1838.4   928.8     90.0   500.0
  11:43:15.125  1838.4   928.8     90.0   500.0
  11:43:15.187  1838.4   931.1     90.0   500.0
  11:43:15.203  1838.4   933.7     90.0   510.0
  11:43:15.250  1838.4   935.8     90.0   500.0
  11:43:15.296  1838.4   938.1     90.0   500.0
  11:43:15.343  1838.4   940.4     90.0   500.0
  11:43:15.375  1838.4   942.9     90.0   500.0
  11:43:15.421  1838.4   942.9     90.0   500.0
  11:43:15.468  1838.4   945.1     90.0   500.0
  11:43:15.500  1838.4   947.5     90.0   500.0
  11:43:15.546  1838.4   949.8     90.0   500.0
  11:43:15.593  1838.4   952.2     90.0   500.0
  11:43:15.640  1838.4   954.4     90.0   500.0
  11:43:15.671  1838.4   956.8     90.0   500.0
  11:43:15.718  1838.4   959.2     90.0   500.0
  11:43:15.765  1838.4   961.5     90.0   500.0
  11:43:15.796  1838.4   961.5     90.0   500.0
  11:43:15.843  1838.4   963.9     90.0   500.0
  11:43:15.890  1838.4   966.2     90.0   500.0
  11:43:15.937  1838.4   968.5     90.0   500.0
  11:43:15.984  1838.4   970.8     90.0   500.0
  11:43:16.015  1838.4   973.2     90.0   500.0
  11:43:16.062  1838.4   975.6     90.0   490.0
  11:43:16.109  1838.4   977.9     90.0   500.0
  11:43:16.156  1838.4   980.2     90.0   500.0
  11:43:16.187  1838.4   982.6     90.0   490.0
  11:43:16.234  1838.4   982.6     90.0   490.0
  11:43:16.281  1838.4   984.9     90.0   490.0
  11:43:16.312  1838.4   987.3     90.0   490.0
  11:43:16.359  1838.4   989.6     90.0   490.0
  11:43:16.406  1838.4   991.8     90.0   490.0
  11:43:16.453  1838.4   994.3     90.0   490.0
  11:43:16.500  1838.4   996.5     90.0   490.0
  11:43:16.531  1838.4   999.0     90.0   490.0
  11:43:16.578  1838.4  1001.2     90.0   490.0
  11:43:16.625  1838.4  1003.6     90.0   490.0
  11:43:16.671  1838.4  1003.6     90.0   490.0
  11:43:16.718  1838.4  1005.9     90.0   490.0
  11:43:16.750  1838.4  1008.3     90.0   490.0
  11:43:16.796  1838.4  1010.7     90.0   490.0
  11:43:16.843  1838.4  1012.9     90.0   490.0
  11:43:16.875  1838.4  1015.3     90.0   490.0
  11:43:16.921  1838.4  1017.6     90.0   490.0
  11:43:16.968  1838.4  1020.0     90.0   490.0
  11:43:17.015  1838.4  1022.3     90.0   490.0
  11:43:17.062  1838.4  1024.7     90.0   490.0
  11:43:17.093  1838.4  1024.7     90.0   480.0
  11:43:17.140  1838.4  1027.1     90.0   480.0
  11:43:17.187  1838.4  1029.3     90.0   490.0
  11:43:17.234  1838.4  1031.8     90.0   490.0
  11:43:17.265  1838.4  1034.0     90.0   490.0
  11:43:17.312  1838.4  1036.3     90.0   490.0
  11:43:17.359  1838.4  1038.7     90.0   490.0
  11:43:17.406  1838.4  1041.0     90.0   490.0
  11:43:17.437  1838.3  1043.3     90.0   490.0
  11:43:17.484  1838.3  1045.6     90.0   490.0
  11:43:17.531  1838.3  1045.6     90.0   490.0
  11:43:17.578  1838.3  1048.0     90.0   490.0
  11:43:17.625  1838.3  1050.3     90.0   490.0
  11:43:17.656  1838.3  1052.6     90.0   490.0
  11:43:17.703  1838.3  1055.0     90.0   480.0
  11:43:17.750  1838.3  1057.4     90.0   480.0
  11:43:17.796  1838.3  1059.7     90.0   480.0
  11:43:17.843  1838.3  1062.0     90.0   460.0
  11:43:17.875  1838.3  1064.4     90.0   450.0
  11:43:17.921  1838.3  1066.8     90.0   450.0
  11:43:17.968  1838.3  1069.0     90.0   440.0
  11:43:18.015  1838.3  1069.0     90.0   440.0
  11:43:18.046  1838.3  1071.4     90.0   440.0
  11:43:18.093  1838.3  1073.9     90.0   430.0
  11:43:18.140  1838.3  1076.1     90.0   420.0
  11:43:18.171  1838.3  1078.4     90.0   420.0
  11:43:18.218  1838.3  1080.8     90.0   400.0
  11:43:18.265  1838.3  1083.4     90.0   400.0
  11:43:18.312  1838.3  1085.5     90.0   400.0
  11:43:18.343  1838.3  1087.8     90.0   400.0
  11:43:18.390  1838.3  1087.8     90.0   400.0
  11:43:18.437  1838.3  1090.1     90.0   400.0
  11:43:18.484  1838.3  1092.9     90.0   390.0
  11:43:18.531  1838.3  1095.5     90.0   390.0
  11:43:18.562  1838.3  1097.9     90.0   390.0
  11:43:18.640  1838.3  1100.3     90.0   390.0
  11:43:18.656  1838.3  1102.7     90.0   390.0
  11:43:18.703  1838.3  1102.7     90.0   390.0
  11:43:18.734  1838.3  1104.9     90.0   390.0
  11:43:18.781  1838.3  1107.3     90.0   390.0
  11:43:18.796  1838.3  1109.7     90.0   390.0
  11:43:18.859  1838.3  1111.9     90.0   390.0
  11:43:18.890  1838.3  1111.9     90.0   390.0
  11:43:18.921  1838.3  1114.2     90.0   400.0
  11:43:18.968  1838.3  1116.6     90.0   400.0
  11:43:19.015  1838.3  1119.0     90.0   400.0
  11:43:19.046  1838.3  1121.3     90.0   400.0
  11:43:19.093  1838.3  1123.6     90.0   400.0
  11:43:19.140  1838.3  1126.0     90.0   400.0
  11:43:19.187  1838.3  1128.3     90.0   400.0
  11:43:19.234  1838.3  1130.7     90.0   400.0
  11:43:19.265  1838.3  1130.7     90.0   400.0
  11:43:19.312  1838.3  1133.0     90.0   400.0
  11:43:19.359  1838.3  1135.3     90.0   400.0
  11:43:19.390  1838.3  1137.7     90.0   400.0
  11:43:19.437  1838.3  1140.0     90.0   400.0
  11:43:19.484  1838.3  1142.4     90.0   400.0
  11:43:19.531  1838.3  1144.7     90.0   400.0
  11:43:19.578  1838.3  1147.0     90.0   400.0
  11:43:19.625  1838.3  1149.4     90.0   400.0
  11:43:19.656  1838.3  1152.2     90.0   400.0
  11:43:19.703  1838.3  1154.1     90.0   410.0
  11:43:19.750  1838.3  1154.1     90.0   400.0
  11:43:19.781  1838.3  1156.4     90.0   400.0
  11:43:19.812  1838.3  1158.8     90.0   400.0
  11:43:19.859  1838.3  1161.3     90.0   410.0
  11:43:19.906  1838.3  1163.4     90.0   410.0
  11:43:19.921  1838.3  1163.4     90.0   410.0
  11:43:19.968  1838.3  1165.7     90.0   410.0
  11:43:20.000  1838.3  1168.1     90.0   410.0
  11:43:20.046  1838.3  1170.4     90.0   410.0
  11:43:20.093  1838.3  1172.7     90.0   410.0
  11:43:20.140  1838.3  1172.7     90.0   410.0
  11:43:20.171  1838.3  1175.1     90.0   410.0
  11:43:20.218  1838.3  1177.5     90.0   410.0
  11:43:20.265  1838.3  1179.8     90.0   410.0
  11:43:20.312  1838.3  1182.1     90.0   420.0
  11:43:20.359  1838.3  1184.5     90.0   410.0
  11:43:20.390  1838.3  1186.8     90.0   410.0
  11:43:20.437  1838.3  1189.1     90.0   410.0
  11:43:20.484  1838.3  1192.0     90.0   420.0
  11:43:20.515  1838.3  1193.8     90.0   420.0
  11:43:20.562  1838.3  1193.8     90.0   420.0
  11:43:20.609  1838.3  1196.2     90.0   420.0
  11:43:20.656  1838.3  1198.5     90.0   420.0
  11:43:20.703  1838.3  1201.0     90.0   420.0
  11:43:20.734  1838.3  1203.2     90.0   420.0
  11:43:20.781  1838.3  1205.6     90.0   420.0
  11:43:20.828  1838.3  1207.9     90.0   430.0
  11:43:20.875  1838.3  1210.2     90.0   430.0
  11:43:20.906  1838.3  1212.6     90.0   430.0
  11:43:20.953  1838.3  1214.9     90.0   430.0
  11:43:21.000  1838.3  1217.2     90.0   430.0
  11:43:21.046  1838.3  1217.2     90.0   430.0
  11:43:21.078  1838.3  1219.6     90.0   430.0
  11:43:21.125  1838.3  1221.9     90.0   430.0
  11:43:21.171  1838.3  1224.2     90.0   430.0
  11:43:21.218  1838.3  1226.6     90.0   430.0
  11:43:21.265  1838.3  1228.9     90.0   430.0
  11:43:21.296  1838.3  1231.3     90.0   430.0
  11:43:21.343  1838.3  1233.6     90.0   430.0
  11:43:21.390  1838.3  1235.9     90.0   430.0
  11:43:21.437  1838.3  1238.3     90.0   430.0
  11:43:21.468  1838.3  1238.3     90.0   430.0
  11:43:21.515  1838.3  1240.7     90.0   430.0
  11:43:21.562  1838.3  1242.9     90.0   430.0
  11:43:21.593  1838.3  1245.3     90.0   440.0
  11:43:21.640  1838.3  1247.6     90.0   430.0
  11:43:21.671  1838.3  1250.0     90.0   430.0
  11:43:21.718  1838.3  1252.4     90.0   430.0
  11:43:21.765  1838.3  1254.6     90.0   430.0
  11:43:21.812  1838.3  1254.6     90.0   430.0
  11:43:21.843  1838.3  1257.1     90.0   440.0
  11:43:21.890  1838.3  1259.4     90.0   440.0
  11:43:21.937  1838.3  1261.8     90.0   440.0
  11:43:21.984  1838.3  1264.1     90.0   440.0
  11:43:22.015  1838.3  1266.3     90.0   430.0
  11:43:22.046  1838.3  1268.7     90.0   430.0
  11:43:22.093  1838.3  1268.7     90.0   440.0
  11:43:22.140  1838.3  1271.0     90.0   440.0
  11:43:22.187  1838.3  1273.4     90.0   440.0
  11:43:22.203  1838.3  1275.6     90.0   440.0
  11:43:22.250  1838.3  1278.0     90.0   440.0
  11:43:22.296  1838.3  1280.4     90.0   440.0
  11:43:22.328  1838.3  1280.4     90.0   440.0
  11:43:22.375  1838.3  1282.7     90.0   440.0
  11:43:22.421  1838.3  1285.0     90.0   440.0
  11:43:22.468  1838.3  1287.4     90.0   440.0
  11:43:22.515  1838.3  1289.7     90.0   450.0
  11:43:22.546  1838.3  1292.1     90.0   440.0
  11:43:22.593  1838.3  1294.5     90.0   450.0
  11:43:22.625  1838.3  1296.8     90.0   440.0
  11:43:22.656  1838.3  1296.8     90.0   440.0
  11:43:22.703  1838.3  1299.1     90.0   440.0
  11:43:22.750  1838.3  1301.4     90.0   450.0
  11:43:22.781  1838.3  1303.8     90.0   450.0
  11:43:22.828  1838.3  1306.1     90.0   450.0
  11:43:22.875  1838.3  1308.5     90.0   450.0
  11:43:22.906  1838.3  1308.5     90.0   450.0
  11:43:22.953  1838.3  1310.8     90.0   450.0
  11:43:22.984  1838.3  1313.1     90.0   450.0
  11:43:23.031  1838.3  1315.5     90.0   450.0
  11:43:23.078  1838.3  1317.8     90.0   460.0
  11:43:23.125  1838.3  1320.6     90.0   460.0
  11:43:23.171  1838.3  1320.6     90.0   460.0
  11:43:23.203  1838.3  1323.2     90.0   460.0
  11:43:23.234  1838.3  1325.6     90.0   460.0
  11:43:23.281  1838.3  1327.9     90.0   460.0
  11:43:23.328  1838.3  1327.9     90.0   460.0
  11:43:23.375  1838.2  1330.8     90.0   460.0
  11:43:23.406  1838.2  1333.5     90.0   460.0
  11:43:23.453  1838.2  1335.7     90.0   460.0
  11:43:23.500  1838.2  1338.1     90.0   460.0
  11:43:23.546  1838.2  1340.3     90.0   460.0
  11:43:23.593  1838.2  1342.8     90.0   460.0
  11:43:23.625  1838.2  1345.2     90.0   460.0
  11:43:23.671  1838.2  1347.4     90.0   460.0
  11:43:23.718  1838.2  1349.8     90.0   470.0
  11:43:23.765  1838.2  1352.2     90.0   460.0
  11:43:23.796  1838.2  1352.2     90.0   460.0
  11:43:23.843  1838.2  1354.4     90.0   470.0
  11:43:23.906  1838.2  1356.8     90.0   460.0
  11:43:23.937  1838.2  1359.2     90.0   460.0
  11:43:23.984  1838.2  1361.5     90.0   470.0
  11:43:24.015  1838.2  1363.9     90.0   470.0
  11:43:24.062  1838.2  1366.2     90.0   470.0
  11:43:24.109  1838.2  1368.5     90.0   470.0
  11:43:24.156  1838.2  1370.8     90.0   470.0
  11:43:24.187  1838.2  1370.8     90.0   470.0
  11:43:24.234  1838.2  1373.1     90.0   470.0
  11:43:24.281  1838.2  1375.6     90.0   470.0
  11:43:24.328  1838.2  1377.9     90.0   470.0
  11:43:24.359  1838.2  1380.2     90.0   480.0
  11:43:24.406  1838.2  1382.5     90.0   480.0
  11:43:24.453  1838.2  1384.8     90.0   480.0
  11:43:24.484  1838.2  1387.2     90.0   480.0
  11:43:24.531  1838.2  1387.2     90.0   480.0
  11:43:24.578  1838.2  1390.4     90.0   480.0
  11:43:24.625  1838.2  1392.7     90.0   480.0
  11:43:24.671  1838.2  1395.0     90.0   490.0
  11:43:24.718  1838.2  1397.3     90.0   490.0
  11:43:24.750  1838.2  1399.7     90.0   520.0
  11:43:24.796  1838.2  1402.1     90.0   540.0
  11:43:24.843  1838.2  1404.5     90.0   540.0
  11:43:24.875  1838.2  1406.7     90.0   640.0
  11:43:24.921  1838.2  1409.0     90.0   870.0
  11:43:24.968  1838.2  1409.0     90.0   870.0
  11:43:57.656  1067.2  1838.5   -180.0   870.0
  11:43:57.703  1064.8  1838.5   -180.0   790.0
  11:43:57.750  1062.5  1838.5   -180.0   790.0
  11:43:57.781  1060.0  1838.5   -180.0   600.0
  11:43:57.812  1060.0  1838.5   -180.0   570.0
  11:43:57.843  1057.7  1838.5   -180.0   570.0
  11:43:57.890  1055.4  1838.5   -180.0   540.0
  11:43:57.937  1053.1  1838.5   -180.0   530.0
  11:43:57.984  1050.6  1838.5   -180.0   530.0
  11:43:58.015  1048.4  1838.5   -180.0   510.0
  11:43:58.062  1046.1  1838.5   -180.0   510.0
  11:43:58.109  1043.8  1838.5   -180.0   510.0
  11:43:58.156  1041.4  1838.5   -180.0   500.0
  11:43:58.203  1041.4  1838.5   -180.0   490.0
  11:43:58.250  1039.0  1838.5   -180.0   490.0
  11:43:58.281  1036.4  1838.5   -180.0   480.0
  11:43:58.328  1034.4  1838.5   -180.0   470.0
  11:43:58.375  1031.9  1838.5   -180.0   470.0
  11:43:58.406  1029.8  1838.5   -180.0   470.0
  11:43:58.453  1027.1  1838.5   -180.0   460.0
  11:43:58.500  1025.1  1838.5   -180.0   460.0
  11:43:58.531  1022.6  1838.5   -180.0   450.0
  11:43:58.578  1022.6  1838.5   -180.0   450.0
  11:43:58.625  1020.4  1838.5   -180.0   450.0
  11:43:58.671  1018.1  1838.5   -180.0   440.0
  11:43:58.718  1015.7  1838.5   -180.0   440.0
  11:43:58.750  1013.4  1838.5   -180.0   440.0
  11:43:58.781  1011.0  1838.5   -180.0   420.0
  11:43:58.828  1011.0  1838.5   -180.0   420.0
  11:43:58.875  1008.4  1838.5   -180.0   420.0
  11:43:58.906  1006.3  1838.5   -180.0   420.0
  11:43:58.953  1004.0  1838.5   -180.0   410.0
  11:43:59.000  1001.6  1838.5   -180.0   410.0
  11:43:59.046   999.3  1838.5   -180.0   400.0
  11:43:59.093   997.0  1838.5   -180.0   400.0
  11:43:59.125   994.5  1838.5   -180.0   400.0
  11:43:59.171   992.2  1838.5   -180.0   390.0
  11:43:59.218   989.9  1838.5   -180.0   390.0
  11:43:59.250   989.9  1838.5   -180.0   390.0
  11:43:59.296   987.5  1838.5   -180.0   370.0
  11:43:59.343   985.1  1838.5   -180.0   370.0
  11:43:59.390   982.8  1838.5   -180.0   370.0
  11:43:59.437   980.7  1838.5   -180.0   360.0
  11:43:59.468   978.2  1838.5   -180.0   350.0
  11:43:59.515   975.9  1838.5   -180.0   350.0
  11:43:59.562   973.5  1838.5   -180.0   340.0
  11:43:59.593   971.3  1838.5   -180.0   340.0
  11:43:59.640   968.9  1838.5   -180.0   340.0
  11:43:59.687   968.9  1838.5   -180.0   330.0
  11:43:59.718   966.6  1838.5   -180.0   330.0
  11:43:59.765   964.2  1838.5   -180.0   330.0
  11:43:59.796   961.9  1838.5   -180.0   320.0
  11:43:59.843   959.6  1838.5   -180.0   310.0
  11:43:59.890   957.2  1838.5   -180.0   310.0
  11:43:59.937   954.8  1838.5   -180.0   300.0
  11:43:59.984   952.5  1838.5   -180.0   300.0
  11:44:00.031   950.2  1838.5   -180.0   300.0
  11:44:00.062   950.2  1838.5   -180.0   300.0
  11:44:00.109   947.4  1838.5   -180.0   300.0
  11:44:00.156   945.5  1838.5   -180.0   310.0
  11:44:00.203   943.1  1838.5   -180.0   300.0
  11:44:00.234   940.7  1838.5   -180.0   300.0
  11:44:00.296   938.5  1838.5   -180.0   310.0
  11:44:00.328   938.5  1838.5   -180.0   310.0
  11:44:00.359   935.3  1838.5   -180.0   310.0
  11:44:00.406   932.9  1838.5   -180.0   310.0
  11:44:00.453   930.7  1838.5   -180.0   310.0
  11:44:00.500   928.3  1838.5   -180.0   310.0
  11:44:00.531   926.0  1838.5   -180.0   310.0
  11:44:00.578   923.7  1838.5   -180.0   310.0
  11:44:00.625   921.4  1838.5   -180.0   310.0
  11:44:00.671   919.0  1838.5   -180.0   320.0
  11:44:00.718   916.6  1838.5   -180.0   320.0
  11:44:00.750   916.6  1838.5   -180.0   310.0
  11:44:00.781   914.3  1838.4   -180.0   320.0
  11:44:00.828   911.9  1838.4   -180.0   310.0
  11:44:00.875   909.6  1838.4   -180.0   310.0
  11:44:00.921   907.3  1838.4   -180.0   320.0
  11:44:00.968   905.0  1838.4   -180.0   320.0
  11:44:01.000   902.6  1838.4   -180.0   320.0
  11:44:01.046   900.3  1838.4   -180.0   320.0
  11:44:01.093   897.5  1838.4   -180.0   320.0
  11:44:01.140   897.5  1838.4   -180.0   320.0
  11:44:01.171   895.5  1838.4   -180.0   320.0
  11:44:01.218   893.2  1838.4   -180.0   320.0
  11:44:01.265   890.9  1838.4   -180.0   320.0
  11:44:01.296   887.6  1838.4   -180.0   320.0
  11:44:01.343   887.6  1838.4   -180.0   320.0
  11:44:01.390   885.4  1838.4   -180.0   320.0
  11:44:01.437   883.0  1838.4   -180.0   320.0
  11:44:01.468   880.7  1838.4   -180.0   320.0
  11:44:01.515   878.4  1838.4   -180.0   320.0
  11:44:01.562   876.2  1838.4   -180.0   330.0
  11:44:01.609   873.7  1838.4   -180.0   330.0
  11:44:01.640   871.3  1838.4   -180.0   330.0
  11:44:01.687   869.0  1838.4   -180.0   330.0
  11:44:01.734   866.7  1838.4   -180.0   330.0
  11:44:01.781   866.7  1838.4   -180.0   330.0
  11:44:01.828   864.4  1838.4   -180.0   330.0
  11:44:01.875   862.0  1838.4   -180.0   330.0
  11:44:01.906   859.7  1838.4   -180.0   330.0
  11:44:01.953   856.5  1838.4   -180.0   330.0
  11:44:02.000   854.2  1838.4   -180.0   330.0
  11:44:02.031   851.9  1838.4   -180.0   330.0
  11:44:02.093   849.5  1838.4   -180.0   330.0
  11:44:02.125   849.5  1838.4   -180.0   330.0
  11:44:02.171   847.2  1838.4   -180.0   330.0
  11:44:02.218   844.9  1838.4   -180.0   340.0
  11:44:02.250   842.4  1838.4   -180.0   340.0
  11:44:02.296   840.2  1838.4   -180.0   340.0
  11:44:02.343   837.8  1838.4   -180.0   340.0
  11:44:02.390   835.4  1838.4   -180.0   340.0
  11:44:02.437   833.2  1838.4   -180.0   340.0
  11:44:02.468   830.8  1838.4   -180.0   340.0
  11:44:02.515   828.5  1838.4   -180.0   340.0
  11:44:02.562   828.5  1838.4   -180.0   340.0
  11:44:02.593   826.2  1838.4   -180.0   340.0
  11:44:02.640   823.9  1838.4   -180.0   340.0
  11:44:02.703   821.5  1838.4   -180.0   340.0
  11:44:02.734   819.2  1838.4   -180.0   340.0
  11:44:02.765   816.8  1838.4   -180.0   340.0
  11:44:02.828   814.4  1838.4   -180.0   340.0
  11:44:02.859   812.2  1838.4   -180.0   350.0
  11:44:02.906   809.8  1838.4   -180.0   350.0
  11:44:02.953   807.4  1838.4   -180.0   350.0
  11:44:02.984   807.4  1838.4   -180.0   350.0
  11:44:03.031   805.2  1838.4   -180.0   350.0
  11:44:03.078   802.8  1838.4   -180.0   350.0
  11:44:03.125   800.5  1838.4   -180.0   350.0
  11:44:03.171   798.1  1838.4   -180.0   350.0
  11:44:03.203   795.8  1838.4   -180.0   350.0
  11:44:03.250   793.3  1838.4   -180.0   350.0
  11:44:03.296   791.1  1838.4   -180.0   350.0
  11:44:03.343   788.8  1838.4   -180.0   350.0
  11:44:03.375   786.5  1838.4   -180.0   350.0
  11:44:03.421   784.0  1838.4   -180.0   360.0
  11:44:03.453   784.0  1838.4   -180.0   360.0
  11:44:03.500   781.8  1838.4   -180.0   360.0
  11:44:03.546   779.4  1838.4   -180.0   360.0
  11:44:03.578   777.1  1838.4   -180.0   360.0
  11:44:03.625   774.7  1838.4   -180.0   360.0
  11:44:03.671   772.4  1838.4   -180.0   360.0
  11:44:03.718   770.0  1838.4   -180.0   360.0
  11:44:03.750   770.0  1838.4   -180.0   360.0
  11:44:03.796   767.7  1838.4   -180.0   360.0
  11:44:03.843   765.4  1838.4   -180.0   360.0
  11:44:03.890   763.1  1838.4   -180.0   360.0
  11:44:03.937   760.7  1838.4   -180.0   360.0
  11:44:03.968   758.4  1838.4   -180.0   360.0
  11:44:04.015   756.0  1838.4   -180.0   370.0
  11:44:04.062   753.6  1838.4   -180.0   370.0
  11:44:04.109   751.3  1838.4   -180.0   360.0
  11:44:04.140   749.0  1838.4   -180.0   370.0
  11:44:04.187   749.0  1838.4   -180.0   370.0
  11:44:04.234   746.6  1838.4   -180.0   370.0
  11:44:04.281   744.3  1838.4   -180.0   370.0
  11:44:04.312   741.9  1838.4   -180.0   370.0
  11:44:04.359   739.6  1838.3   -180.0   370.0
  11:44:04.406   737.3  1838.3   -180.0   370.0
  11:44:04.453   735.0  1838.3   -180.0   370.0
  11:44:04.484   732.6  1838.3   -180.0   370.0
  11:44:04.546   730.1  1838.3   -180.0   370.0
  11:44:04.578   727.9  1838.3   -180.0   370.0
  11:44:04.625   727.9  1838.3   -180.0   370.0
  11:44:04.656   725.6  1838.3   -180.0   370.0
  11:44:04.703   723.3  1838.3   -180.0   370.0
  11:44:04.734   720.9  1838.3   -180.0   370.0
  11:44:04.781   718.5  1838.3   -180.0   380.0
  11:44:04.828   716.2  1838.3   -180.0   380.0
  11:44:04.859   713.9  1838.3   -180.0   380.0
  11:44:04.906   713.9  1838.3   -180.0   380.0
  11:44:04.953   711.6  1838.3   -180.0   380.0
  11:44:05.000   709.2  1838.3   -180.0   380.0
  11:44:05.031   706.9  1838.3   -180.0   380.0
  11:44:05.078   704.5  1838.3   -180.0   380.0
  11:44:05.125   702.3  1838.3   -180.0   380.0
  11:44:05.171   699.8  1838.3   -180.0   380.0
  11:44:05.203   697.4  1838.3   -180.0   380.0
  11:44:05.250   695.2  1838.3   -180.0   380.0
  11:44:05.296   692.8  1838.3   -180.0   380.0
  11:44:05.343   690.4  1838.3   -180.0   380.0
  11:44:05.390   690.4  1838.3   -180.0   380.0
  11:44:05.421   688.1  1838.3   -180.0   380.0
  11:44:05.468   685.9  1838.3   -180.0   380.0
  11:44:05.515   683.5  1838.3   -180.0   380.0
  11:44:05.546   681.1  1838.3   -180.0   390.0
  11:44:05.593   678.7  1838.3   -180.0   390.0
  11:44:05.640   676.6  1838.3   -180.0   380.0
  11:44:05.687   674.2  1838.3   -180.0   390.0
  11:44:05.718   671.8  1838.3   -180.0   390.0
  11:44:05.765   671.8  1838.3   -180.0   390.0
  11:44:05.812   668.8  1838.3   -180.0   390.0
  11:44:05.843   666.3  1838.3   -180.0   390.0
  11:44:05.890   664.0  1838.3   -180.0   390.0
  11:44:05.937   661.7  1838.3   -180.0   390.0
  11:44:05.984   661.7  1838.3   -180.0   390.0
  11:44:06.015   659.3  1838.3   -180.0   390.0
  11:44:06.062   656.9  1838.3   -180.0   390.0
  11:44:06.109   654.6  1838.3   -180.0   400.0
  11:44:06.140   652.2  1838.3   -180.0   400.0
  11:44:06.171   650.0  1838.3   -180.0   400.0
  11:44:06.218   647.6  1838.3   -180.0   400.0
  11:44:06.250   647.6  1838.3   -180.0   390.0
  11:44:06.281   645.3  1838.3   -180.0   400.0
  11:44:06.328   642.8  1838.3   -180.0   390.0
  11:44:06.375   640.5  1838.3   -180.0   390.0
  11:44:06.421   638.3  1838.3   -180.0   400.0
  11:44:06.468   635.9  1838.3   -180.0   400.0
  11:44:06.500   635.9  1838.3   -180.0   400.0
  11:44:06.531   633.6  1838.3   -180.0   400.0
  11:44:06.578   631.2  1838.3   -180.0   400.0
  11:44:06.609   628.9  1838.3   -180.0   400.0
  11:44:06.656   626.7  1838.3   -180.0   400.0
  11:44:06.703   626.7  1838.3   -180.0   400.0
  11:44:06.734   624.3  1838.3   -180.0   400.0
  11:44:06.781   621.9  1838.3   -180.0   400.0
  11:44:06.828   619.6  1838.3   -180.0   410.0
  11:44:06.875   617.3  1838.3   -180.0   400.0
  11:44:06.921   614.8  1838.3   -180.0   400.0
  11:44:06.953   612.5  1838.3   -180.0   400.0
  11:44:07.000   610.2  1838.3   -180.0   400.0
  11:44:07.046   607.8  1838.3   -180.0   410.0
  11:44:07.093   605.5  1838.3   -180.0   410.0
  11:44:07.140   603.2  1838.3   -180.0   410.0
  11:44:07.171   603.2  1838.3   -180.0   410.0
  11:44:07.218   600.6  1838.3   -180.0   410.0
  11:44:07.265   598.5  1838.3   -180.0   410.0
  11:44:07.296   596.2  1838.3   -180.0   410.0
  11:44:07.343   593.9  1838.3   -180.0   410.0
  11:44:07.390   591.4  1838.3   -180.0   410.0
  11:44:07.437   589.1  1838.3   -180.0   410.0
  11:44:07.468   586.8  1838.3   -180.0   410.0
  11:44:07.515   584.5  1838.3   -180.0   410.0
  11:44:07.546   584.5  1838.3   -180.0   410.0
  11:44:07.593   582.0  1838.3   -180.0   410.0
  11:44:07.640   579.7  1838.3   -180.0   410.0
  11:44:07.687   577.4  1838.3   -180.0   410.0
  11:44:07.718   575.2  1838.3   -180.0   410.0
  11:44:07.765   572.8  1838.3   -180.0   410.0
  11:44:07.812   570.4  1838.3   -180.0   420.0
  11:44:07.859   568.1  1838.3   -180.0   420.0
  11:44:07.890   565.8  1838.3   -180.0   420.0
  11:44:07.937   565.8  1838.3   -180.0   420.0
  11:44:07.984   563.4  1838.3   -180.0   420.0
  11:44:08.031   560.9  1838.2   -180.0   420.0
  11:44:08.062   558.7  1838.2   -180.0   420.0
  11:44:08.109   556.4  1838.2   -180.0   420.0
  11:44:08.156   554.1  1838.2   -180.0   420.0
  11:44:08.203   551.7  1838.2   -180.0   430.0
  11:44:08.234   549.4  1838.2   -180.0   430.0
  11:44:08.281   547.0  1838.2   -180.0   430.0
  11:44:08.328   547.0  1838.2   -180.0   430.0
  11:44:08.375   544.7  1838.2   -180.0   430.0
  11:44:08.421   542.4  1838.2   -180.0   430.0
  11:44:08.453   540.1  1838.2   -180.0   430.0
  11:44:08.500   537.7  1838.2   -180.0   430.0
  11:44:08.546   535.4  1838.2   -180.0   430.0
  11:44:08.578   533.0  1838.2   -180.0   430.0
  11:44:08.625   530.5  1838.2   -180.0   430.0
  11:44:08.671   528.3  1838.2   -180.0   430.0
  11:44:08.718   526.0  1838.2   -180.0   430.0
  11:44:08.750   526.0  1838.2   -180.0   430.0
  11:44:08.796   523.7  1838.2   -180.0   430.0
  11:44:08.843   521.4  1838.2   -180.0   440.0
  11:44:08.890   518.9  1838.2   -180.0   440.0
  11:44:08.937   516.6  1838.2   -180.0   440.0
  11:44:08.968   514.2  1838.2   -180.0   440.0
  11:44:09.031   511.9  1838.2   -180.0   440.0
  11:44:09.062   509.6  1838.2   -180.0   440.0
  11:44:09.109   507.2  1838.2   -180.0   440.0
  11:44:09.140   505.0  1838.2   -180.0   440.0
  11:44:09.187   505.0  1838.2   -180.0   440.0
  11:44:09.234   502.6  1838.2   -180.0   440.0
  11:44:09.281   500.0  1838.2   -180.0   440.0
  11:44:09.312   497.9  1838.2   -180.0   440.0
  11:44:09.359   495.6  1838.2   -180.0   440.0
  11:44:09.421   493.2  1838.2   -180.0   440.0
  11:44:09.453   490.1  1838.2   -180.0   440.0
  11:44:09.484   490.1  1838.2   -180.0   450.0
  11:44:09.531   487.7  1838.2   -180.0   460.0
  11:44:09.578   485.4  1838.2   -180.0   460.0
  11:44:09.640   483.0  1838.2   -180.0   480.0
  11:44:09.656   480.2  1838.2   -180.0   500.0
  11:44:09.703   477.7  1838.2   -180.0   500.0
  11:44:09.750   477.7  1838.2   -180.0   710.0
  11:44:09.781   475.4  1838.2   -180.0   910.0
  11:44:09.828   472.9  1838.2   -180.0   910.0
  11:44:39.968    -0.1  1157.3    -90.0  1040.0
  11:44:40.015    -0.1  1155.0    -90.0   980.0
  11:44:40.062    -0.1  1152.6    -90.0   980.0
  11:44:40.109    -0.1  1150.4    -90.0   920.0
  11:44:40.140    -0.1  1150.4    -90.0   900.0
  11:44:40.187    -0.1  1147.2    -90.0   900.0
  11:44:40.234    -0.1  1144.9    -90.0   740.0
  11:44:40.296    -0.1  1142.5    -90.0   720.0
  11:44:40.312    -0.1  1139.5    -90.0   720.0
  11:44:40.359    -0.1  1137.2    -90.0   710.0
  11:44:40.390    -0.1  1137.2    -90.0   710.0
  11:44:40.437    -0.1  1134.7    -90.0   710.0
  11:44:40.484    -0.1  1132.4    -90.0   720.0
  11:44:40.515    -0.1  1130.0    -90.0   710.0
  11:44:40.546    -0.1  1130.0    -90.0   710.0
  11:44:40.593    -0.1  1127.6    -90.0   650.0
  11:44:40.625    -0.1  1125.3    -90.0   650.0
  11:44:40.671    -0.1  1123.0    -90.0   650.0
  11:44:40.718    -0.1  1120.7    -90.0   640.0
  11:44:40.765    -0.1  1118.4    -90.0   640.0
  11:44:40.812    -0.1  1116.1    -90.0   650.0
  11:44:40.843    -0.1  1113.7    -90.0   640.0
  11:44:40.890    -0.1  1111.3    -90.0   630.0
  11:44:40.937    -0.1  1109.0    -90.0   640.0
  11:44:40.984    -0.1  1109.0    -90.0   630.0
  11:44:41.031    -0.1  1106.7    -90.0   610.0
  11:44:41.062    -0.1  1104.4    -90.0   610.0
  11:44:41.109    -0.1  1101.9    -90.0   630.0
  11:44:41.156    -0.1  1098.9    -90.0   630.0
  11:44:41.203    -0.1  1096.6    -90.0   630.0
  11:44:41.218    -0.1  1096.6    -90.0   580.0
  11:44:41.265    -0.1  1094.3    -90.0   560.0
  11:44:41.312    -0.1  1091.8    -90.0   570.0
  11:44:41.359    -0.1  1089.6    -90.0   560.0
  11:44:41.406    -0.1  1087.2    -90.0   560.0
  11:44:41.437    -0.1  1084.9    -90.0   560.0
  11:44:41.484    -0.1  1082.5    -90.0   560.0
  11:44:41.531    -0.1  1080.2    -90.0   550.0
  11:44:41.578    -0.1  1077.9    -90.0   550.0
  11:44:41.625    -0.1  1075.4    -90.0   530.0
  11:44:41.671    -0.1  1073.1    -90.0   510.0
  11:44:41.718    -0.1  1073.1    -90.0   520.0
  11:44:41.750    -0.1  1070.8    -90.0   510.0
  11:44:41.796    -0.1  1068.4    -90.0   510.0
  11:44:41.843    -0.1  1066.1    -90.0   510.0
  11:44:41.890    -0.1  1063.8    -90.0   500.0
  11:44:41.921     0.0  1061.5    -90.0   490.0
  11:44:41.968     0.0  1059.2    -90.0   490.0
  11:44:42.015     0.0  1056.8    -90.0   480.0
  11:44:42.062     0.0  1054.4    -90.0   480.0
  11:44:42.093     0.0  1052.0    -90.0   480.0
  11:44:42.140     0.0  1052.0    -90.0   460.0
  11:44:42.187     0.0  1049.7    -90.0   460.0
  11:44:42.234     0.0  1047.4    -90.0   460.0
  11:44:42.281     0.0  1045.1    -90.0   450.0
  11:44:42.312     0.0  1042.7    -90.0   440.0
  11:44:42.359     0.0  1039.6    -90.0   440.0
  11:44:42.406     0.0  1037.3    -90.0   440.0
  11:44:42.437     0.0  1037.3    -90.0   440.0
  11:44:42.484     0.0  1035.0    -90.0   440.0
  11:44:42.531     0.0  1032.6    -90.0   420.0
  11:44:42.578     0.0  1030.2    -90.0   420.0
  11:44:42.625     0.0  1027.9    -90.0   420.0
  11:44:42.656     0.0  1025.5    -90.0   410.0
  11:44:42.703     0.0  1023.2    -90.0   410.0
  11:44:42.750     0.0  1020.8    -90.0   410.0
  11:44:42.796     0.0  1018.6    -90.0   390.0
  11:44:42.828     0.0  1016.2    -90.0   390.0
  11:44:42.875     0.0  1016.2    -90.0   390.0
  11:44:42.921     0.0  1013.9    -90.0   380.0
  11:44:42.968     0.0  1011.6    -90.0   380.0
  11:44:43.015     0.0  1009.2    -90.0   380.0
  11:44:43.046     0.0  1006.8    -90.0   360.0
  11:44:43.093     0.0  1004.5    -90.0   360.0
  11:44:43.140     0.0  1004.5    -90.0   360.0
  11:44:43.187     0.0  1002.2    -90.0   350.0
  11:44:43.218     0.0   999.0    -90.0   350.0
  11:44:43.265     0.0   996.8    -90.0   350.0
  11:44:43.312     0.0   994.3    -90.0   350.0
  11:44:43.359     0.0   992.1    -90.0   350.0
  11:44:43.390     0.0   989.7    -90.0   350.0
  11:44:43.437     0.0   987.4    -90.0   350.0
  11:44:43.468     0.0   985.0    -90.0   350.0
  11:44:43.515     0.0   985.0    -90.0   350.0
  11:44:43.562     0.0   982.7    -90.0   350.0
  11:44:43.593     0.0   979.6    -90.0   350.0
  11:44:43.640     0.0   977.2    -90.0   350.0
  11:44:43.687     0.0   974.9    -90.0   350.0
  11:44:43.718     0.0   974.9    -90.0   350.0
  11:44:43.765     0.0   972.6    -90.0   350.0
  11:44:43.812     0.0   970.2    -90.0   350.0
  11:44:43.843     0.0   967.9    -90.0   350.0
  11:44:43.890     0.0   965.5    -90.0   350.0
  11:44:43.937     0.0   963.3    -90.0   350.0
  11:44:43.984     0.0   960.8    -90.0   350.0
  11:44:44.000     0.0   960.8    -90.0   350.0
  11:44:44.046     0.0   958.5    -90.0   360.0
  11:44:44.093     0.0   956.1    -90.0   360.0
  11:44:44.140     0.0   953.8    -90.0   360.0
  11:44:44.171     0.0   951.1    -90.0   360.0
  11:44:44.218     0.0   949.1    -90.0   350.0
  11:44:44.265     0.0   946.9    -90.0   360.0
  11:44:44.312     0.0   944.6    -90.0   360.0
  11:44:44.359     0.0   941.9    -90.0   360.0
  11:44:44.390     0.0   941.9    -90.0   360.0
  11:44:44.437     0.0   939.7    -90.0   360.0
  11:44:44.484     0.0   937.5    -90.0   360.0
  11:44:44.531     0.0   935.2    -90.0   360.0
  11:44:44.562     0.1   932.3    -90.0   360.0
  11:44:44.609     0.1   929.6    -90.0   360.0
  11:44:44.656     0.1   927.3    -90.0   360.0
  11:44:44.703     0.1   927.3    -90.0   370.0
  11:44:44.750     0.1   925.0    -90.0   370.0
  11:44:44.781     0.1   922.4    -90.0   370.0
  11:44:44.828     0.1   920.3    -90.0   360.0
  11:44:44.875     0.1   918.1    -90.0   360.0
  11:44:44.921     0.1   915.7    -90.0   370.0
  11:44:44.968     0.1   913.3    -90.0   370.0
  11:44:45.000     0.1   913.3    -90.0   370.0
  11:44:45.046     0.1   910.2    -90.0   370.0
  11:44:45.093     0.1   907.8    -90.0   370.0
  11:44:45.125     0.1   905.5    -90.0   370.0
  11:44:45.171     0.1   902.9    -90.0   370.0
  11:44:45.218     0.1   900.9    -90.0   370.0
  11:44:45.265     0.1   898.5    -90.0   370.0
  11:44:45.296     0.1   896.0    -90.0   370.0
  11:44:45.343     0.1   893.8    -90.0   370.0
  11:44:45.390     0.1   891.4    -90.0   370.0
  11:44:45.437     0.1   891.4    -90.0   370.0
  11:44:45.468     0.1   889.2    -90.0   370.0
  11:44:45.515     0.1   886.8    -90.0   370.0
  11:44:45.562     0.1   884.5    -90.0   370.0
  11:44:45.609     0.1   882.1    -90.0   380.0
  11:44:45.640     0.1   879.8    -90.0   380.0
  11:44:45.687     0.1   877.4    -90.0   380.0
  11:44:45.734     0.1   875.0    -90.0   380.0
  11:44:45.781     0.1   872.5    -90.0   380.0
  11:44:45.812     0.1   870.4    -90.0   380.0
  11:44:45.859     0.1   870.4    -90.0   380.0
  11:44:45.906     0.1   868.1    -90.0   380.0
  11:44:45.953     0.1   865.8    -90.0   380.0
  11:44:45.984     0.1   863.3    -90.0   390.0
  11:44:46.031     0.1   861.0    -90.0   380.0
  11:44:46.062     0.1   858.7    -90.0   390.0
  11:44:46.109     0.1   856.4    -90.0   390.0
  11:44:46.156     0.1   856.4    -90.0   380.0
  11:44:46.203     0.1   854.0    -90.0   390.0
  11:44:46.234     0.1   851.7    -90.0   390.0
  11:44:46.281     0.1   849.4    -90.0   390.0
  11:44:46.328     0.1   847.0    -90.0   390.0
  11:44:46.375     0.1   844.7    -90.0   390.0
  11:44:46.406     0.1   842.3    -90.0   390.0
  11:44:46.453     0.1   839.9    -90.0   390.0
  11:44:46.500     0.1   837.6    -90.0   390.0
  11:44:46.546     0.1   835.3    -90.0   390.0
  11:44:46.578     0.1   835.3    -90.0   390.0
  11:44:46.625     0.1   833.0    -90.0   390.0
  11:44:46.671     0.1   830.7    -90.0   390.0
  11:44:46.718     0.1   828.4    -90.0   390.0
  11:44:46.765     0.1   826.0    -90.0   400.0
  11:44:46.796     0.1   823.6    -90.0   400.0
  11:44:46.843     0.1   821.2    -90.0   400.0
  11:44:46.890     0.1   818.9    -90.0   400.0
  11:44:46.921     0.1   816.7    -90.0   400.0
  11:44:46.968     0.1   814.3    -90.0   400.0
  11:44:47.015     0.1   811.9    -90.0   400.0
  11:44:47.062     0.1   811.9    -90.0   400.0
  11:44:47.093     0.1   809.6    -90.0   400.0
  11:44:47.140     0.1   807.2    -90.0   400.0
  11:44:47.203     0.2   804.9    -90.0   400.0
  11:44:47.218     0.2   802.6    -90.0   410.0
  11:44:47.250     0.2   802.6    -90.0   410.0
  11:44:47.296     0.2   800.2    -90.0   410.0
  11:44:47.328     0.2   797.9    -90.0   410.0
  11:44:47.375     0.2   795.6    -90.0   410.0
  11:44:47.421     0.2   793.2    -90.0   410.0
  11:44:47.453     0.2   790.8    -90.0   410.0
  11:44:47.500     0.2   788.6    -90.0   410.0
  11:44:47.546     0.2   786.2    -90.0   410.0
  11:44:47.593     0.2   786.2    -90.0   410.0
  11:44:47.640     0.2   783.9    -90.0   410.0
  11:44:47.671     0.2   781.6    -90.0   410.0
  11:44:47.718     0.2   779.2    -90.0   410.0
  11:44:47.765     0.2   776.8    -90.0   410.0
  11:44:47.812     0.2   774.5    -90.0   410.0
  11:44:47.843     0.2   771.3    -90.0   420.0
  11:44:47.890     0.2   771.3    -90.0   420.0
  11:44:47.937     0.2   769.0    -90.0   410.0
  11:44:47.968     0.2   766.6    -90.0   420.0
  11:44:48.015     0.2   764.3    -90.0   420.0
  11:44:48.062     0.2   761.3    -90.0   420.0
  11:44:48.109     0.2   758.9    -90.0   420.0
  11:44:48.140     0.2   758.9    -90.0   420.0
  11:44:48.187     0.2   756.6    -90.0   420.0
  11:44:48.234     0.2   754.2    -90.0   420.0
  11:44:48.281     0.2   751.9    -90.0   430.0
  11:44:48.312     0.2   749.5    -90.0   430.0
  11:44:48.359     0.2   747.3    -90.0   430.0
  11:44:48.421     0.2   744.8    -90.0   430.0
  11:44:48.453     0.2   742.5    -90.0   430.0
  11:44:48.484     0.2   740.2    -90.0   430.0
  11:44:48.531     0.2   740.2    -90.0   430.0
  11:44:48.562     0.2   737.9    -90.0   430.0
  11:44:48.609     0.2   735.5    -90.0   430.0
  11:44:48.656     0.2   733.2    -90.0   430.0
  11:44:48.703     0.2   730.9    -90.0   430.0
  11:44:48.734     0.2   728.5    -90.0   430.0
  11:44:48.781     0.2   726.1    -90.0   430.0
  11:44:48.828     0.2   723.8    -90.0   430.0
  11:44:48.875     0.2   721.4    -90.0   430.0
  11:44:48.921     0.2   721.4    -90.0   440.0
  11:44:48.953     0.2   719.1    -90.0   430.0
  11:44:49.000     0.2   716.9    -90.0   440.0
  11:44:49.031     0.2   714.5    -90.0   440.0
  11:44:49.062     0.2   712.1    -90.0   440.0
  11:44:49.109     0.2   712.1    -90.0   440.0
  11:44:49.140     0.2   709.8    -90.0   440.0
  11:44:49.187     0.2   707.4    -90.0   440.0
  11:44:49.234     0.2   705.0    -90.0   440.0
  11:44:49.281     0.2   702.8    -90.0   440.0
  11:44:49.312     0.2   700.5    -90.0   440.0
  11:44:49.359     0.2   698.0    -90.0   440.0
  11:44:49.406     0.2   695.7    -90.0   450.0
  11:44:49.453     0.2   693.4    -90.0   450.0
  11:44:49.484     0.2   693.4    -90.0   450.0
  11:44:49.531     0.2   691.1    -90.0   470.0
  11:44:49.578     0.2   688.7    -90.0   470.0
  11:44:49.625     0.2   686.5    -90.0   480.0
  11:44:49.671     0.2   684.1    -90.0   500.0
  11:44:49.703     0.2   681.8    -90.0   500.0
  11:44:49.750     0.2   679.3    -90.0   540.0
  11:44:49.796     0.3   677.0    -90.0   550.0
  11:44:49.828     0.3   674.6    -90.0   550.0
  11:44:49.875     0.3   672.3    -90.0   580.0
  11:44:49.921     0.3   672.3    -90.0   580.0
  11:44:49.968     0.3   670.0    -90.0   580.0
  11:44:50.015     0.3   667.6    -90.0   580.0
  11:44:50.046     0.3   665.3    -90.0   600.0
  11:44:50.093     0.3   663.0    -90.0   590.0
  11:44:50.140     0.3   660.7    -90.0   590.0
  11:44:50.187     0.3   658.3    -90.0   600.0
  11:44:50.218     0.3   656.0    -90.0   600.0
  11:44:50.265     0.3   653.7    -90.0   600.0
  11:44:50.312     0.3   651.4    -90.0   610.0
  11:44:50.359     0.3   648.9    -90.0   600.0
  11:44:50.406     0.3   646.6    -90.0   610.0
  11:44:50.437     0.3   646.6    -90.0   610.0
  11:44:50.484     0.3   644.3    -90.0   610.0
  11:44:50.531     0.3   641.9    -90.0   610.0
  11:44:50.578     0.3   639.6    -90.0   610.0
  11:44:50.609     0.3   637.2    -90.0   590.0
  11:44:50.656     0.3   634.7    -90.0   610.0
  11:44:50.687     0.3   634.7    -90.0   620.0
  11:44:50.734     0.3   631.9    -90.0   620.0
  11:44:50.781     0.3   629.5    -90.0   630.0
  11:44:50.828     0.3   627.1    -90.0   630.0
  11:44:50.859     0.3   624.8    -90.0   630.0
  11:44:50.875     0.3   624.8    -90.0   630.0
  11:44:50.921     0.3   622.4    -90.0   630.0
  11:44:50.968     0.3   620.1    -90.0   630.0
  11:44:51.015     0.3   617.7    -90.0   650.0
  11:44:51.046     0.3   615.3    -90.0   630.0
  11:44:51.093     0.3   613.1    -90.0   630.0
  11:44:51.140     0.3   610.8    -90.0   640.0
  11:44:51.187     0.3   608.5    -90.0   640.0
  11:44:51.234     0.3   608.5    -90.0   640.0
  11:44:51.265     0.3   606.1    -90.0   650.0
  11:44:51.312     0.3   603.5    -90.0   660.0
  11:44:51.359     0.3   601.4    -90.0   640.0
  11:44:51.390     0.3   598.9    -90.0   660.0
  11:44:51.437     0.3   596.7    -90.0   660.0
  11:44:51.484     0.3   594.3    -90.0   660.0
  11:44:51.531     0.3   592.1    -90.0   670.0
  11:44:51.578     0.3   589.6    -90.0   670.0
  11:44:51.609     0.3   589.6    -90.0   670.0
  11:44:51.656     0.3   587.4    -90.0   670.0
  11:44:51.703     0.3   585.0    -90.0   670.0
  11:44:51.734     0.3   582.7    -90.0   670.0
  11:44:51.781     0.3   580.3    -90.0   680.0
  11:44:51.828     0.3   578.0    -90.0   680.0
  11:44:51.875     0.3   575.7    -90.0   680.0
  11:44:51.906     0.3   573.3    -90.0   680.0
  11:44:51.953     0.3   571.0    -90.0   690.0
  11:44:52.000     0.3   568.6    -90.0   690.0
  11:44:52.046     0.3   568.6    -90.0   740.0
  11:44:52.062     0.3   566.3    -90.0   690.0
  11:44:52.093     0.3   564.1    -90.0   690.0
  11:44:52.140     0.3   561.6    -90.0   690.0
  11:44:52.187     0.3   561.6    -90.0   690.0
  11:44:52.234     0.3   559.3    -90.0   690.0
  11:44:52.281     0.3   556.9    -90.0   690.0
  11:44:52.312     0.3   554.1    -90.0   700.0
  11:44:52.359     0.3   551.5    -90.0   700.0
  11:44:52.406     0.3   549.2    -90.0   730.0
  11:44:52.437     0.3   549.2    -90.0   720.0
  11:44:52.484     0.4   546.8    -90.0   720.0
  11:44:52.531     0.4   543.6    -90.0   780.0
  11:44:52.578     0.4   541.3    -90.0   790.0
  11:44:52.609     0.4   539.0    -90.0   790.0
  11:44:52.671     0.4   536.6    -90.0   800.0
  11:44:52.703     0.4   534.3    -90.0   970.0
  11:44:52.750     0.4   534.3    -90.0   970.0
