Лабораторная работа 1. Анализ сенсорных данных об объекте

Маршрут: квадрат
Направление движения: по часовой стрелке
Скорость движения: 50.0 мм/с
Рабочий дальномер: правый (Rf_R)
Матрица положения дальномера Rf_R:
   0.000   1.000   0.000   -65.0
  -1.000   0.000   0.000  -223.0
   0.000   0.000   1.000   265.5
       0       0       0       1

Выходная информация: положение робота, данные дальномера об объекте

          Time   X_rob   Y_rob  Ang_rob    Rf_R
  чч:мм:сс.ссс      мм      мм     град      мм
  11:49:52.484    -3.9   779.0     89.8   910.0
  11:49:52.531    -3.8   781.2     89.8   830.0
  11:49:52.562    -3.8   783.6     89.8   850.0
  11:49:52.609    -3.8   785.9     89.8   830.0
  11:49:52.656    -3.8   785.9     89.8   700.0
  11:49:52.703    -3.8   788.3     89.8   750.0
  11:49:52.734    -3.8   790.7     89.8   700.0
  11:49:52.781    -3.8   793.0     89.8   640.0
  11:49:52.828    -3.8   795.4     89.8   640.0
  11:49:52.875    -3.8   797.6     89.8   630.0
  11:49:52.906    -3.8   799.9     89.8   610.0
  11:49:52.953    -3.8   802.3     89.8   610.0
  11:49:53.000    -3.8   804.6     89.8   600.0
  11:49:53.046    -3.8   807.0     89.8   600.0
  11:49:53.109    -3.8   807.0     89.8   640.0
  11:49:53.125    -3.8   809.5     89.8   600.0
  11:49:53.171    -3.7   812.5     89.8   570.0
  11:49:53.203    -3.7   814.8     89.8   590.0
  11:49:53.250    -3.7   814.8     89.8   570.0
  11:49:53.296    -3.7   817.1     89.8   570.0
  11:49:53.328    -3.7   819.4     89.8   570.0
  11:49:53.375    -3.7   821.8     89.8   560.0
  11:49:53.421    -3.7   824.2     89.8   560.0
  11:49:53.453    -3.7   826.4     89.8   560.0
  11:49:53.500    -3.7   828.8     89.8   530.0
  11:49:53.531    -3.7   831.3     89.8   530.0
  11:49:53.578    -3.7   833.5     89.8   530.0
  11:49:53.593    -3.7   833.5     89.8   510.0
  11:49:53.640    -3.7   835.8     89.8   510.0
  11:49:53.687    -3.7   838.2     89.8   520.0
  11:49:53.734    -3.7   840.6     89.8   560.0
  11:49:53.781    -3.7   842.9     89.8   510.0
  11:49:53.828    -3.7   842.9     89.8   510.0
  11:49:53.859    -3.7   845.1     89.8   490.0
  11:49:53.906    -3.6   847.5     89.8   490.0
  11:49:53.953    -3.6   849.9     89.8   490.0
  11:49:53.984    -3.6   852.3     89.8   480.0
  11:49:54.031    -3.6   854.5     89.8   470.0
  11:49:54.078    -3.6   857.0     89.8   470.0
  11:49:54.125    -3.6   859.2     89.8   460.0
  11:49:54.156    -3.6   861.6     89.8   460.0
  11:49:54.203    -3.6   863.9     89.8   460.0
  11:49:54.250    -3.6   863.9     89.8   450.0
  11:49:54.281    -3.6   866.3     89.8   440.0
  11:49:54.328    -3.6   868.5     89.8   440.0
  11:49:54.359    -3.6   871.0     89.8   430.0
  11:49:54.406    -3.6   873.3     89.8   430.0
  11:49:54.453    -3.6   875.6     89.8   430.0
  11:49:54.484    -3.6   875.6     89.8   430.0
  11:49:54.531    -3.6   878.0     89.8   420.0
  11:49:54.578    -3.5   880.3     89.8   420.0
  11:49:54.625    -3.5   882.7     89.8   410.0
  11:49:54.656    -3.5   885.0     89.8   410.0
  11:49:54.703    -3.5   887.3     89.8   410.0
  11:49:54.734    -3.5   889.7     89.8   400.0
  11:49:54.781    -3.5   892.0     89.8   400.0
  11:49:54.828    -3.5   894.3     89.8   410.0
  11:49:54.875    -3.5   894.3     89.8   410.0
  11:49:54.921    -3.5   899.4     89.8   410.0
  11:49:54.953    -3.5   899.4     89.8   410.0
  11:49:55.000    -3.5   901.4     89.8   420.0
  11:49:55.046    -3.5   903.7     89.8   420.0
  11:49:55.093    -3.5   906.1     89.8   420.0
  11:49:55.125    -3.5   908.3     89.8   430.0
  11:49:55.171    -3.5   910.6     89.8   430.0
  11:49:55.218    -3.4   913.0     89.8   430.0
  11:49:55.250    -3.4   913.0     89.8   440.0
  11:49:55.296    -3.4   915.4     89.8   440.0
  11:49:55.343    -3.4   917.7     89.8   440.0
  11:49:55.390    -3.4   920.0     89.8   450.0
  11:49:55.437    -3.4   922.4     89.8   440.0
  11:49:55.468    -3.4   924.8     89.8   450.0
  11:49:55.515    -3.4   927.1     89.8   450.0
  11:49:55.562    -3.4   929.4     89.8   450.0
  11:49:55.609    -3.4   931.7     89.8   460.0
  11:49:55.640    -3.4   934.2     89.8   460.0
  11:49:55.687    -3.4   934.2     89.8   460.0
  11:49:55.734    -3.4   936.4     89.8   470.0
  11:49:55.765    -3.4   938.8     89.8   470.0
  11:49:55.828    -3.4   941.1     89.8   470.0
  11:49:55.859    -3.4   943.4     89.8   470.0
  11:49:55.906    -3.3   945.9     89.8   480.0
  11:49:55.953    -3.3   948.3     89.8   480.0
  11:49:56.000    -3.3   950.6     89.8   490.0
  11:49:56.031    -3.3   952.8     89.8   490.0
  11:49:56.078    -3.3   955.2     89.8   490.0
  11:49:56.125    -3.3   957.5     89.8   490.0
  11:49:56.171    -3.3   959.8     89.8   490.0
  11:49:56.203    -3.3   959.8     89.8   490.0
  11:49:56.250    -3.3   962.1     89.8   490.0
  11:49:56.296    -3.3   964.6     89.8   510.0
  11:49:56.343    -3.3   966.9     89.8   500.0
  11:49:56.375    -3.3   969.2     89.8   510.0
  11:49:56.421    -3.3   971.5     89.8   510.0
  11:49:56.468    -3.3   973.9     89.8   510.0
  11:49:56.515    -3.3   976.3     89.8   510.0
  11:49:56.546    -3.2   978.6     89.8   520.0
  11:49:56.593    -3.2   978.6     89.8   520.0
  11:49:56.640    -3.2   981.0     89.8   520.0
  11:49:56.687    -3.2   983.3     89.8   520.0
  11:49:56.718    -3.2   985.6     89.8   520.0
  11:49:56.765    -3.2   987.9     89.8   540.0
  11:49:56.812    -3.2   990.3     89.8   550.0
  11:49:56.843    -3.2   992.5     89.8   540.0
  11:49:56.890    -3.2   994.9     89.8   540.0
  11:49:56.937    -3.2   997.3     89.8   540.0
  11:49:56.984    -3.2   997.3     89.8   540.0
  11:49:57.015    -3.2   999.7     89.8   550.0
  11:49:57.062    -3.2  1001.9     89.8   560.0
  11:49:57.109    -3.2  1004.2     89.8   560.0
  11:49:57.156    -3.2  1006.5     89.8   560.0
  11:49:57.203    -3.2  1009.0     89.8   560.0
  11:49:57.234    -3.1  1011.3     89.8   560.0
  11:49:57.281    -3.1  1013.7     89.8   560.0
  11:49:57.328    -3.1  1015.9     89.8   580.0
  11:49:57.359    -3.1  1015.9     89.8   580.0
  11:49:57.406    -3.1  1018.3     89.8   580.0
  11:49:57.453    -3.1  1020.7     89.8   580.0
  11:49:57.500    -3.1  1023.1     89.8   580.0
  11:49:57.546    -3.1  1025.3     89.8   580.0
  11:49:57.578    -3.1  1027.6     89.8   580.0
  11:49:57.625    -3.1  1030.1     89.8   580.0
  11:49:57.671    -3.1  1032.4     89.8   580.0
  11:49:57.718    -3.1  1034.6     89.8   600.0
  11:49:57.781    -3.1  1037.0     89.8   600.0
  11:49:57.796    -3.1  1039.3     89.8   600.0
  11:49:57.843    -3.1  1039.3     89.8   600.0
  11:49:57.890    -3.1  1041.7     89.8   600.0
  11:49:57.921    -3.1  1044.1     89.8   630.0
  11:49:57.968    -3.0  1046.4     89.8   610.0
  11:49:58.015    -3.0  1048.7     89.8   610.0
  11:49:58.062    -3.0  1051.0     89.8   630.0
  11:49:58.109    -3.0  1053.3     89.8   630.0
  11:49:58.140    -3.0  1055.9     89.8   610.0
  11:49:58.187    -3.0  1058.2     89.8   630.0
  11:49:58.234    -3.0  1060.4     89.8   630.0
  11:49:58.281    -3.0  1060.4     89.8   620.0
  11:49:58.312    -3.0  1062.8     89.8   620.0
  11:49:58.375    -3.0  1067.5     89.8   630.0
  11:49:58.406    -3.0  1067.5     89.8   620.0
  11:49:58.453    -3.0  1069.7     89.8   620.0
  11:49:58.484    -3.0  1072.1     89.8   630.0
  11:49:58.546    -3.0  1074.5     89.8   620.0
  11:49:58.593    -3.0  1076.9     89.8   620.0
  11:49:58.640    -2.9  1079.1     89.8   630.0
  11:49:58.687    -2.9  1081.5     89.8   630.0
  11:49:58.718    -2.9  1083.8     89.8   630.0
  11:49:58.765    -2.9  1086.1     89.8   630.0
  11:49:58.812    -2.9  1088.6     89.8   620.0
  11:49:58.859    -2.9  1090.8     89.8   620.0
  11:49:58.890    -2.9  1090.8     89.8   630.0
  11:49:58.937    -2.9  1093.2     89.8   630.0
  11:49:58.984    -2.9  1095.5     89.8   630.0
  11:49:59.015    -2.9  1098.0     89.8   620.0
  11:49:59.062    -2.9  1100.2     89.8   610.0
  11:49:59.109    -2.9  1102.5     89.8   610.0
  11:49:59.140    -2.9  1104.9     89.8   620.0
  11:49:59.187    -2.9  1104.9     89.8   620.0
  11:49:59.234    -2.9  1107.5     89.8   620.0
  11:49:59.281    -2.9  1110.3     89.8   620.0
  11:49:59.312    -2.8  1112.6     89.8   620.0
  11:49:59.359    -2.8  1115.0     89.8   630.0
  11:49:59.406    -2.8  1117.3     89.8   620.0
  11:49:59.453    -2.8  1119.7     89.8   610.0
  11:49:59.484    -2.8  1119.7     89.8   620.0
  11:49:59.531    -2.8  1122.0     89.8   620.0
  11:49:59.578    -2.8  1124.3     89.8   610.0
  11:49:59.625    -2.8  1126.7     89.8   610.0
  11:49:59.656    -2.8  1129.1     89.8   620.0
  11:49:59.703    -2.8  1131.3     89.8   620.0
  11:49:59.750    -2.8  1133.8     89.8   620.0
  11:49:59.796    -2.8  1136.0     89.8   620.0
  11:49:59.843    -2.8  1138.4     89.8   610.0
  11:49:59.890    -2.8  1140.6     89.8   620.0
  11:49:59.921    -2.8  1143.0     89.8   610.0
  11:49:59.968    -2.8  1143.0     89.8   610.0
  11:50:00.015    -2.7  1145.4     89.8   610.0
  11:50:00.062    -2.7  1147.8     89.8   610.0
  11:50:00.093    -2.7  1150.0     89.8   610.0
  11:50:00.140    -2.7  1152.5     89.8   610.0
  11:50:00.187    -2.7  1154.8     89.8   610.0
  11:50:00.218    -2.7  1157.1     89.8   610.0
  11:50:00.265    -2.7  1159.5     89.8   610.0
  11:50:00.312    -2.7  1161.8     89.8   610.0
  11:50:00.359    -2.7  1161.8     89.8   610.0
  11:50:00.390    -2.7  1164.1     89.8   610.0
  11:50:00.437    -2.7  1166.4     89.8   610.0
  11:50:00.484    -2.7  1168.8     89.8   610.0
  11:50:00.531    -2.7  1171.2     89.8   610.0
  11:50:00.562    -2.7  1173.5     89.8   620.0
  11:50:00.609    -2.7  1175.8     89.8   610.0
  11:50:00.656    -2.6  1178.2     89.8   610.0
  11:50:00.703    -2.6  1180.5     89.8   620.0
  11:50:00.750    -2.6  1182.9     89.8   620.0
  11:50:00.781    -2.6  1185.3     89.8   620.0
  11:50:00.828    -2.6  1187.4     89.8   600.0
  11:50:00.875    -2.6  1187.4     89.8   600.0
  11:50:00.921    -2.6  1189.8     89.8   610.0
  11:50:00.953    -2.6  1192.1     89.8   610.0
  11:50:01.000    -2.6  1194.5     89.8   610.0
  11:50:01.046    -2.6  1196.9     89.8   610.0
  11:50:01.093    -2.6  1199.3     89.8   610.0
  11:50:01.125    -2.6  1201.6     89.8   610.0
  11:50:01.171    -2.6  1203.8     89.8   610.0
  11:50:01.218    -2.6  1206.2     89.8   610.0
  11:50:01.265    -2.6  1206.2     89.8   610.0
  11:50:01.312    -2.6  1208.6     89.8   620.0
  11:50:01.343    -2.5  1210.9     89.8   610.0
  11:50:01.390    -2.5  1213.2     89.8   610.0
  11:50:01.437    -2.5  1215.6     89.8   610.0
  11:50:01.484    -2.5  1218.1     89.8   610.0
  11:50:01.515    -2.5  1220.3     89.8   610.0
  11:50:01.562    -2.5  1222.6     89.8   610.0
  11:50:01.609    -2.5  1225.0     89.8   610.0
  11:50:01.656    -2.5  1227.6     89.8   610.0
  11:50:01.687    -2.5  1227.6     89.8   610.0
  11:50:01.734    -2.5  1229.7     89.8   610.0
  11:50:01.781    -2.5  1232.0     89.8   610.0
  11:50:01.843    -2.5  1234.3     89.8   610.0
  11:50:01.875    -2.5  1237.5     89.8   610.0
  11:50:01.906    -2.5  1239.8     89.8   610.0
  11:50:01.953    -2.5  1242.0     89.8   610.0
  11:50:02.000    -2.4  1244.4     89.8   610.0
  11:50:02.046    -2.4  1244.4     89.8   610.0
  11:50:02.078    -2.4  1246.8     89.8   610.0
  11:50:02.125    -2.4  1249.1     89.8   610.0
  11:50:02.171    -2.4  1251.4     89.8   610.0
  11:50:02.218    -2.4  1253.7     89.8   610.0
  11:50:02.250    -2.4  1256.1     89.8   610.0
  11:50:02.296    -2.4  1259.2     89.8   610.0
  11:50:02.343    -2.4  1259.2     89.8   610.0
  11:50:02.390    -2.4  1261.6     89.8   610.0
  11:50:02.453    -2.4  1263.8     89.8   610.0
  11:50:02.468    -2.4  1266.7     89.8   610.0
  11:50:02.515    -2.4  1269.4     89.8   610.0
  11:50:02.562    -2.4  1271.7     89.8   610.0
  11:50:02.609    -2.4  1271.7     89.8   610.0
  11:50:02.640    -2.4  1274.0     89.8   620.0
  11:50:02.687    -2.3  1276.4     89.8   620.0
  11:50:02.734    -2.3  1278.7     89.8   620.0
  11:50:02.765    -2.3  1281.2     89.8   610.0
  11:50:02.796    -2.3  1283.5     89.8   610.0
  11:50:02.875    -2.3  1285.8     89.8   620.0
  11:50:02.890    -2.3  1285.8     89.8   610.0
  11:50:02.937    -2.3  1288.8     89.8   610.0
  11:50:02.968    -2.3  1291.2     89.8   620.0
  11:50:03.015    -2.3  1293.6     89.8   620.0
  11:50:03.062    -2.3  1296.2     89.8   620.0
  11:50:03.109    -2.3  1298.2     89.8   620.0
  11:50:03.156    -2.3  1300.6     89.8   690.0
  11:50:03.187    -2.3  1300.6     89.8   690.0
  11:50:03.250    -2.3  1305.2     89.8   700.0
  11:50:03.265    -2.3  1305.2     89.8   780.0
  11:50:03.296    -2.3  1307.6     89.8   770.0
  11:50:03.343    -2.2  1309.9     89.8   780.0
  11:50:03.390    -2.2  1312.3     89.8  1000.0
  11:50:03.437    -2.2  1314.6     89.8   770.0
  11:50:03.468    -2.2  1314.6     89.8   960.0
  11:50:03.515    -2.2  1317.0     89.8   950.0
  11:50:03.562    -2.2  1319.3     89.8   950.0
  11:50:37.093   692.4  1838.8      0.0   890.0
  11:50:37.140   694.7  1838.8      0.0   860.0
  11:50:37.187   697.4  1838.8      0.0   860.0
  11:50:37.234   699.4  1838.8      0.0   780.0
  11:50:37.265   701.8  1838.8      0.0   780.0
  11:50:37.312   701.8  1838.8      0.0   840.0
  11:50:37.359   704.0  1838.8      0.0   780.0
  11:50:37.406   706.4  1838.8      0.0   780.0
  11:50:37.453   708.8  1838.8      0.0   800.0
  11:50:37.484   711.0  1838.8      0.0   780.0
  11:50:37.531   713.5  1838.8      0.0   780.0
  11:50:37.578   715.8  1838.8      0.0   800.0
  11:50:37.625   718.2  1838.8      0.0   810.0
  11:50:37.656   720.5  1838.8      0.0   810.0
  11:50:37.703   722.8  1838.8      0.0   810.0
  11:50:37.750   722.8  1838.8      0.0   810.0
  11:50:37.796   725.1  1838.8      0.0   780.0
  11:50:37.828   727.5  1838.8      0.0   780.0
  11:50:37.875   729.9  1838.8      0.0   760.0
  11:50:37.921   732.1  1838.8      0.0   760.0
  11:50:37.968   734.5  1838.8      0.0   760.0
  11:50:38.015   736.8  1838.8      0.0   790.0
  11:50:38.046   739.2  1838.8      0.0   760.0
  11:50:38.093   741.5  1838.8      0.0   780.0
  11:50:38.140   743.8  1838.8      0.0   770.0
  11:50:38.187   746.3  1838.8      0.0   760.0
  11:50:38.218   746.3  1838.8      0.0   760.0
  11:50:38.265   748.5  1838.8      0.0   770.0
  11:50:38.312   750.9  1838.8      0.0   770.0
  11:50:38.343   753.2  1838.8      0.0   780.0
  11:50:38.390   755.5  1838.8      0.0   810.0
  11:50:38.437   757.9  1838.8      0.0   780.0
  11:50:38.484   760.2  1838.8      0.0   780.0
  11:50:38.515   762.6  1838.8      0.0   740.0
  11:50:38.562   764.9  1838.8      0.0   730.0
  11:50:38.609   764.9  1838.8      0.0   740.0
  11:50:38.656   767.3  1838.8      0.0   750.0
  11:50:38.703   769.6  1838.8      0.0   750.0
  11:50:38.734   771.9  1838.8      0.0   750.0
  11:50:38.765   774.2  1838.8      0.0   750.0
  11:50:38.796   776.5  1838.8      0.0   740.0
  11:50:38.843   776.5  1838.8      0.0   750.0
  11:50:38.875   779.0  1838.8      0.0   750.0
  11:50:38.921   781.3  1838.8      0.0   740.0
  11:50:38.968   783.6  1838.8      0.0   750.0
  11:50:39.015   786.0  1838.8      0.0   750.0
  11:50:39.046   788.3  1838.8      0.0   740.0
  11:50:39.093   790.7  1838.8      0.0   750.0
  11:50:39.140   793.0  1838.8      0.0   740.0
  11:50:39.187   793.0  1838.8      0.0   740.0
  11:50:39.234   795.3  1838.8      0.0   740.0
  11:50:39.265   797.6  1838.8      0.0   730.0
  11:50:39.312   799.9  1838.8      0.0   730.0
  11:50:39.359   802.3  1838.8      0.0   750.0
  11:50:39.406   804.7  1838.8      0.0   730.0
  11:50:39.437   806.9  1838.8      0.0   720.0
  11:50:39.484   809.4  1838.8      0.0   720.0
  11:50:39.515   809.4  1838.8      0.0   730.0
  11:50:39.562   811.7  1838.8      0.0   720.0
  11:50:39.609   814.1  1838.8      0.0   730.0
  11:50:39.656   816.4  1838.8      0.0   720.0
  11:50:39.687   818.8  1838.8      0.0   720.0
  11:50:39.734   821.1  1838.8      0.0   720.0
  11:50:39.781   823.4  1838.9      0.0   710.0
  11:50:39.828   825.8  1838.9      0.0   700.0
  11:50:39.859   828.1  1838.9      0.0   710.0
  11:50:39.906   830.4  1838.9      0.0   700.0
  11:50:39.953   830.4  1838.9      0.0   700.0
  11:50:40.000   832.7  1838.9      0.0   700.0
  11:50:40.046   835.0  1838.9      0.0   720.0
  11:50:40.078   837.5  1838.9      0.0   700.0
  11:50:40.125   839.7  1838.9      0.0   700.0
  11:50:40.171   842.2  1838.9      0.0   690.0
  11:50:40.218   844.4  1838.9      0.0   690.0
  11:50:40.265   846.9  1838.9      0.0   690.0
  11:50:40.296   849.1  1838.9      0.0   700.0
  11:50:40.343   851.4  1838.9      0.0   700.0
  11:50:40.390   853.8  1838.9      0.0   700.0
  11:50:40.421   853.8  1838.9      0.0   700.0
  11:50:40.468   856.1  1838.9      0.0   680.0
  11:50:40.515   858.5  1838.9      0.0   680.0
  11:50:40.562   860.8  1838.9      0.0   670.0
  11:50:40.593   863.1  1838.9      0.0   670.0
  11:50:40.656   865.5  1838.9      0.0   680.0
  11:50:40.687   867.9  1838.9      0.0   670.0
  11:50:40.734   870.3  1838.9      0.0   660.0
  11:50:40.765   872.5  1838.9      0.0   660.0
  11:50:40.812   872.5  1838.9      0.0   670.0
  11:50:40.859   874.8  1838.9      0.0   660.0
  11:50:40.906   877.1  1838.9      0.0   670.0
  11:50:40.937   879.5  1838.9      0.0   670.0
  11:50:40.984   881.8  1838.9      0.0   670.0
  11:50:41.031   884.2  1838.9      0.0   670.0
  11:50:41.078   886.6  1838.9      0.0   650.0
  11:50:41.125   888.9  1838.9      0.0   650.0
  11:50:41.156   891.3  1838.9      0.0   650.0
  11:50:41.203   893.5  1838.9      0.0   650.0
  11:50:41.250   893.5  1838.9      0.0   640.0
  11:50:41.296   898.2  1838.9      0.0   640.0
  11:50:41.328   898.2  1838.9      0.0   630.0
  11:50:41.375   900.5  1838.9      0.0   630.0
  11:50:41.421   902.8  1838.9      0.0   630.0
  11:50:41.468   905.3  1838.9      0.0   480.0
  11:50:41.515   907.7  1838.9      0.0   440.0
  11:50:41.546   909.9  1838.9      0.0   440.0
  11:50:41.593   912.2  1838.9      0.0   400.0
  11:50:41.640   914.6  1838.9      0.0   400.0
  11:50:41.671   916.9  1838.9      0.0   400.0
  11:50:41.718   916.9  1838.9      0.0   400.0
  11:50:41.765   919.3  1838.9      0.0   400.0
  11:50:41.812   921.6  1838.9      0.0   400.0
  11:50:41.843   924.0  1838.9      0.0   400.0
  11:50:41.890   926.3  1838.9      0.0   400.0
  11:50:41.937   928.6  1838.9      0.0   400.0
  11:50:41.984   930.9  1838.9      0.0   400.0
  11:50:42.015   933.2  1838.9      0.0   400.0
  11:50:42.062   933.2  1838.9      0.0   400.0
  11:50:42.109   935.7  1838.9      0.0   400.0
  11:50:42.140   938.0  1838.9      0.0   400.0
  11:50:42.187   940.4  1838.9      0.0   400.0
  11:50:42.234   942.7  1838.9      0.0   400.0
  11:50:42.265   945.0  1838.9      0.0   400.0
  11:50:42.312   947.4  1838.9      0.0   400.0
  11:50:42.359   949.7  1838.9      0.0   400.0
  11:50:42.406   952.0  1838.9      0.0   400.0
  11:50:42.437   954.3  1838.9      0.0   400.0
  11:50:42.484   954.3  1838.9      0.0   400.0
  11:50:42.531   956.7  1838.9      0.0   400.0
  11:50:42.578   959.0  1838.9      0.0   400.0
  11:50:42.609   961.4  1838.9      0.0   390.0
  11:50:42.656   963.7  1838.9      0.0   390.0
  11:50:42.703   966.1  1838.9      0.0   390.0
  11:50:42.750   968.5  1838.9      0.0   390.0
  11:50:42.796   970.7  1838.9      0.0   390.0
  11:50:42.843   973.0  1838.9      0.0   390.0
  11:50:42.875   973.0  1838.9      0.0   390.0
  11:50:42.921   975.3  1838.9      0.0   390.0
  11:50:42.953   977.7  1838.9      0.0   390.0
  11:50:43.000   980.1  1838.9      0.0   390.0
  11:50:43.046   982.4  1838.9      0.0   390.0
  11:50:43.093   984.7  1838.9      0.0   390.0
  11:50:43.140   987.2  1838.9      0.0   390.0
  11:50:43.171   989.4  1838.9      0.0   390.0
  11:50:43.218   991.8  1838.9      0.0   390.0
  11:50:43.265   994.1  1838.9      0.0   390.0
  11:50:43.312   996.4  1838.9      0.0   390.0
  11:50:43.359   998.8  1838.9      0.0   390.0
  11:50:43.390   998.8  1838.9      0.0   390.0
  11:50:43.437  1001.1  1838.9      0.0   390.0
  11:50:43.468  1003.5  1838.9      0.0   390.0
  11:50:43.515  1005.8  1838.9      0.0   390.0
  11:50:43.562  1008.1  1838.9      0.0   390.0
  11:50:43.593  1010.5  1838.9      0.0   390.0
  11:50:43.640  1010.5  1838.9      0.0   390.0
  11:50:43.687  1015.6  1838.9      0.0   390.0
  11:50:43.718  1015.6  1838.9      0.0   390.0
  11:50:43.765  1017.5  1838.9      0.0   390.0
  11:50:43.812  1019.9  1838.9      0.0   390.0
  11:50:43.859  1022.3  1838.9      0.0   390.0
  11:50:43.890  1024.6  1838.9      0.0   390.0
  11:50:43.937  1026.9  1838.9      0.0   390.0
  11:50:43.984  1029.3  1838.9      0.0   390.0
  11:50:44.031  1031.6  1838.9      0.0   390.0
  11:50:44.078  1031.6  1838.9      0.0   390.0
  11:50:44.109  1033.9  1838.9      0.0   390.0
  11:50:44.156  1036.2  1838.9      0.0   390.0
  11:50:44.203  1038.6  1838.9      0.0   390.0
  11:50:44.234  1041.0  1838.9      0.0   390.0
  11:50:44.296  1043.4  1838.9      0.0   390.0
  11:50:44.328  1043.4  1838.9      0.0   390.0
  11:50:44.375  1046.3  1838.9      0.0   390.0
  11:50:44.406  1048.8  1838.9      0.0   390.0
  11:50:44.453  1051.0  1838.9      0.0   390.0
  11:50:44.500  1053.3  1838.9      0.0   390.0
  11:50:44.531  1055.8  1838.9      0.0   390.0
  11:50:44.578  1058.2  1838.9      0.0   380.0
  11:50:44.625  1060.4  1838.9      0.0   380.0
  11:50:44.671  1062.8  1838.9      0.0   390.0
  11:50:44.718  1065.0  1838.9      0.0   380.0
  11:50:44.750  1065.0  1838.9      0.0   390.0
  11:50:44.796  1067.4  1838.9      0.0   390.0
  11:50:44.843  1069.7  1838.9      0.0   380.0
  11:50:44.875  1072.1  1838.9      0.0   390.0
  11:50:44.921  1074.6  1838.9      0.0   390.0
  11:50:44.968  1076.8  1838.9      0.0   390.0
  11:50:45.015  1079.1  1838.9      0.0   390.0
  11:50:45.031  1079.1  1838.9      0.0   390.0
  11:50:45.062  1081.4  1838.9      0.0   380.0
  11:50:45.109  1084.3  1838.9      0.0   390.0
  11:50:45.156  1084.3  1838.9      0.0   380.0
  11:50:45.203  1087.0  1838.9      0.0   380.0
  11:50:45.234  1089.3  1838.9      0.0   380.0
  11:50:45.296  1091.6  1838.9      0.0   390.0
  11:50:45.328  1094.0  1838.9      0.0   380.0
  11:50:45.375  1096.2  1838.9      0.0   390.0
  11:50:45.421  1098.6  1838.9      0.0   390.0
  11:50:45.453  1101.0  1838.9      0.0   390.0
  11:50:45.500  1103.3  1838.9      0.0   390.0
  11:50:45.546  1105.7  1838.9      0.0   380.0
  11:50:45.593  1105.7  1838.9      0.0   380.0
  11:50:45.625  1108.0  1838.9      0.0   380.0
  11:50:45.671  1110.3  1838.9      0.0   380.0
  11:50:45.718  1112.6  1838.9      0.0   380.0
  11:50:45.765  1115.1  1838.9      0.0   380.0
  11:50:45.796  1117.4  1838.9      0.0   380.0
  11:50:45.843  1119.7  1838.9      0.0   380.0
  11:50:45.890  1121.9  1838.9      0.0   380.0
  11:50:45.937  1124.4  1838.9      0.0   380.0
  11:50:45.968  1126.7  1838.9      0.0   380.0
  11:50:46.015  1129.0  1838.9      0.0   380.0
  11:50:46.062  1129.0  1838.9      0.0   380.0
  11:50:46.109  1131.3  1838.9      0.0   380.0
  11:50:46.156  1133.8  1838.9      0.0   380.0
  11:50:46.187  1136.0  1838.9      0.0   380.0
  11:50:46.234  1138.3  1838.9      0.0   380.0
  11:50:46.281  1140.7  1838.9      0.0   380.0
  11:50:46.328  1143.2  1838.9      0.0   380.0
  11:50:46.375  1145.4  1838.9      0.0   380.0
  11:50:46.406  1147.8  1838.9      0.0   380.0
  11:50:46.453  1150.1  1838.9      0.0   380.0
  11:50:46.500  1152.4  1838.9      0.0   380.0
  11:50:46.546  1152.4  1838.9      0.0   380.0
  11:50:46.578  1154.7  1838.9      0.0   380.0
  11:50:46.609  1157.1  1838.9      0.0   380.0
  11:50:46.640  1159.4  1838.9      0.0   380.0
  11:50:46.687  1161.8  1838.9      0.0   380.0
  11:50:46.734  1161.8  1838.9      0.0   380.0
  11:50:46.781  1164.2  1838.9      0.0   380.0
  11:50:46.812  1166.5  1838.9      0.0   380.0
  11:50:46.859  1168.8  1838.9      0.0   380.0
  11:50:46.906  1171.0  1838.9      0.0   380.0
  11:50:46.953  1173.4  1838.9      0.0   380.0
  11:50:47.000  1175.8  1838.9      0.0   380.0
  11:50:47.031  1178.1  1838.9      0.0   380.0
  11:50:47.078  1180.5  1838.9      0.0   380.0
  11:50:47.125  1182.8  1838.9      0.0   380.0
  11:50:47.171  1185.2  1838.9      0.0   380.0
  11:50:47.218  1185.2  1838.9      0.0   380.0
  11:50:47.250  1187.5  1838.9      0.0   380.0
  11:50:47.296  1189.8  1838.9      0.0   380.0
  11:50:47.343  1192.3  1838.9      0.0   380.0
  11:50:47.390  1194.6  1838.9      0.0   380.0
  11:50:47.437  1196.9  1838.9      0.0   380.0
  11:50:47.468  1199.3  1838.9      0.0   380.0
  11:50:47.515  1201.5  1838.9      0.0   380.0
  11:50:47.562  1203.9  1838.9      0.0   380.0
  11:50:47.609  1206.1  1838.9      0.0   380.0
  11:50:47.640  1206.1  1838.9      0.0   380.0
  11:50:47.687  1208.5  1838.9      0.0   380.0
  11:50:47.734  1211.0  1838.9      0.0   380.0
  11:50:47.781  1213.2  1838.9      0.0   380.0
  11:50:47.812  1215.6  1838.9      0.0   380.0
  11:50:47.859  1217.9  1838.9      0.0   380.0
  11:50:47.906  1220.3  1838.9      0.0   380.0
  11:50:47.937  1222.6  1838.9      0.0   380.0
  11:50:47.984  1224.9  1838.9      0.0   380.0
  11:50:48.031  1227.2  1838.9      0.0   370.0
  11:50:48.078  1227.2  1838.9      0.0   380.0
  11:50:48.125  1229.6  1838.9      0.0   380.0
  11:50:48.171  1232.0  1838.9      0.0   380.0
  11:50:48.203  1234.3  1838.9      0.0   380.0
  11:50:48.250  1236.6  1838.9      0.0   390.0
  11:50:48.296  1239.0  1838.9      0.0   390.0
  11:50:48.343  1241.4  1838.9      0.0   390.0
  11:50:48.375  1243.8  1838.9      0.0   410.0
  11:50:48.421  1246.0  1838.9      0.0   410.0
  11:50:48.468  1248.4  1838.9      0.0   440.0
  11:50:48.515  1248.4  1838.9      0.0   500.0
  11:50:48.546  1250.6  1838.9      0.0   500.0
  11:50:48.593  1253.6  1838.9      0.0   640.0
  11:50:48.640  1256.2  1838.9      0.0   670.0
  11:50:48.687  1258.5  1838.9      0.0   670.0
  11:50:48.718  1260.8  1838.9      0.0   860.0
  11:50:48.812  1263.1  1838.9      0.0  1090.0
  11:51:21.031  1838.0  1173.2    -90.0   950.0
  11:51:21.062  1838.0  1170.8    -90.0   680.0
  11:51:21.109  1838.0  1168.5    -90.0   680.0
  11:51:21.156  1838.0  1166.2    -90.0   500.0
  11:51:21.187  1838.0  1166.2    -90.0   470.0
  11:51:21.234  1838.0  1163.8    -90.0   470.0
  11:51:21.281  1838.0  1161.6    -90.0   450.0
  11:51:21.328  1838.0  1159.1    -90.0   450.0
  11:51:21.375  1838.0  1156.9    -90.0   450.0
  11:51:21.421  1838.0  1154.4    -90.0   440.0
  11:51:21.453  1838.0  1152.2    -90.0   440.0
  11:51:21.500  1838.0  1149.9    -90.0   440.0
  11:51:21.546  1838.0  1147.6    -90.0   440.0
  11:51:21.593  1838.0  1145.2    -90.0   440.0
  11:51:21.625  1838.0  1142.8    -90.0   440.0
  11:51:21.671  1838.0  1142.8    -90.0   440.0
  11:51:21.718  1838.0  1140.5    -90.0   440.0
  11:51:21.765  1838.0  1138.1    -90.0   440.0
  11:51:21.796  1838.0  1135.8    -90.0   440.0
  11:51:21.843  1838.0  1133.5    -90.0   440.0
  11:51:21.890  1838.0  1131.2    -90.0   440.0
  11:51:21.937  1838.0  1128.8    -90.0   440.0
  11:51:21.968  1838.0  1126.5    -90.0   440.0
  11:51:22.015  1838.0  1124.1    -90.0   440.0
  11:51:22.062  1838.0  1121.8    -90.0   440.0
  11:51:22.109  1838.0  1121.8    -90.0   440.0
  11:51:22.140  1838.0  1119.4    -90.0   440.0
  11:51:22.187  1838.0  1117.1    -90.0   440.0
  11:51:22.234  1838.0  1114.8    -90.0   440.0
  11:51:22.281  1838.0  1112.4    -90.0   440.0
  11:51:22.312  1838.0  1109.2    -90.0   440.0
  11:51:22.359  1838.0  1107.0    -90.0   440.0
  11:51:22.406  1838.0  1107.0    -90.0   440.0
  11:51:22.453  1838.0  1104.5    -90.0   440.0
  11:51:22.500  1838.0  1102.3    -90.0   440.0
  11:51:22.531  1838.0  1100.0    -90.0   440.0
  11:51:22.578  1838.0  1097.6    -90.0   440.0
  11:51:22.625  1838.0  1095.2    -90.0   440.0
  11:51:22.671  1838.0  1092.8    -90.0   440.0
  11:51:22.703  1838.0  1090.5    -90.0   440.0
  11:51:22.750  1838.0  1088.2    -90.0   440.0
  11:51:22.796  1838.0  1086.0    -90.0   440.0
  11:51:22.843  1838.0  1086.0    -90.0   440.0
  11:51:22.890  1838.0  1081.2    -90.0   440.0
  11:51:22.921  1838.0  1081.2    -90.0   440.0
  11:51:22.968  1838.0  1078.8    -90.0   440.0
  11:51:23.015  1838.0  1076.6    -90.0   440.0
  11:51:23.046  1838.0  1074.2    -90.0   440.0
  11:51:23.093  1838.0  1071.6    -90.0   440.0
  11:51:23.140  1838.0  1069.6    -90.0   440.0
  11:51:23.187  1838.0  1067.2    -90.0   440.0
  11:51:23.203  1838.0  1067.2    -90.0   440.0
  11:51:23.250  1838.0  1064.8    -90.0   440.0
  11:51:23.281  1838.0  1062.4    -90.0   440.0
  11:51:23.328  1838.0  1060.1    -90.0   440.0
  11:51:23.375  1838.0  1060.1    -90.0   440.0
  11:51:23.406  1838.0  1057.8    -90.0   440.0
  11:51:23.453  1838.0  1055.5    -90.0   440.0
  11:51:23.500  1838.0  1053.1    -90.0   440.0
  11:51:23.546  1838.0  1050.7    -90.0   440.0
  11:51:23.562  1838.0  1048.4    -90.0   440.0
  11:51:23.609  1838.0  1048.4    -90.0   440.0
  11:51:23.656  1838.0  1046.2    -90.0   440.0
  11:51:23.687  1838.0  1043.8    -90.0   440.0
  11:51:23.734  1838.0  1040.6    -90.0   440.0
  11:51:23.781  1838.0  1038.3    -90.0   440.0
  11:51:23.812  1838.0  1036.0    -90.0   440.0
  11:51:23.859  1838.0  1036.0    -90.0   440.0
  11:51:23.906  1838.0  1033.7    -90.0   440.0
  11:51:23.953  1838.0  1031.3    -90.0   440.0
  11:51:24.000  1838.0  1029.0    -90.0   440.0
  11:51:24.031  1838.0  1026.7    -90.0   440.0
  11:51:24.078  1838.0  1024.4    -90.0   440.0
  11:51:24.125  1838.0  1021.6    -90.0   440.0
  11:51:24.156  1838.0  1021.6    -90.0   440.0
  11:51:24.203  1838.0  1018.9    -90.0   440.0
  11:51:24.250  1838.0  1016.4    -90.0   440.0
  11:51:24.296  1838.0  1014.2    -90.0   440.0
  11:51:24.343  1838.0  1011.8    -90.0   440.0
  11:51:24.375  1838.0  1009.4    -90.0   440.0
  11:51:24.421  1838.0  1007.2    -90.0   440.0
  11:51:24.468  1838.0  1004.8    -90.0   440.0
  11:51:24.515  1838.0  1002.5    -90.0   440.0
  11:51:24.562  1838.0  1000.1    -90.0   440.0
  11:51:24.593  1838.0  1000.1    -90.0   440.0
  11:51:24.640  1838.0   997.8    -90.0   440.0
  11:51:24.687  1838.0   995.5    -90.0   440.0
  11:51:24.718  1838.0   993.1    -90.0   440.0
  11:51:24.765  1838.0   990.8    -90.0   440.0
  11:51:24.812  1838.0   988.4    -90.0   440.0
  11:51:24.859  1838.0   986.1    -90.0   440.0
  11:51:24.906  1838.0   983.7    -90.0   440.0
  11:51:24.937  1838.0   981.4    -90.0   440.0
  11:51:24.984  1838.0   979.0    -90.0   440.0
  11:51:25.031  1838.0   976.7    -90.0   440.0
  11:51:25.078  1838.0   976.7    -90.0   440.0
  11:51:25.109  1838.0   974.4    -90.0   440.0
  11:51:25.156  1838.0   972.1    -90.0   440.0
  11:51:25.203  1838.0   969.7    -90.0   440.0
  11:51:25.250  1838.0   967.3    -90.0   440.0
  11:51:25.296  1838.0   965.0    -90.0   440.0
  11:51:25.328  1838.0   962.7    -90.0   440.0
  11:51:25.375  1838.0   960.4    -90.0   440.0
  11:51:25.421  1838.0   958.0    -90.0   440.0
  11:51:25.468  1838.0   955.7    -90.0   440.0
  11:51:25.500  1838.0   955.7    -90.0   440.0
  11:51:25.546  1838.0   953.4    -90.0   440.0
  11:51:25.593  1838.0   950.2    -90.0   440.0
  11:51:25.640  1838.0   947.9    -90.0   440.0
  11:51:25.671  1838.0   945.6    -90.0   440.0
  11:51:25.718  1838.0   943.2    -90.0   440.0
  11:51:25.765  1838.0   940.8    -90.0   440.0
  11:51:25.812  1838.0   940.8    -90.0   440.0
  11:51:25.843  1838.0   938.5    -90.0   440.0
  11:51:25.890  1838.0   936.1    -90.0   440.0
  11:51:25.921  1838.0   933.8    -90.0   440.0
  11:51:25.968  1838.0   931.5    -90.0   440.0
  11:51:26.015  1838.0   929.1    -90.0   440.0
  11:51:26.062  1838.0   926.8    -90.0   440.0
  11:51:26.109  1838.0   924.5    -90.0   440.0
  11:51:26.156  1838.0   922.1    -90.0   440.0
  11:51:26.187  1838.0   922.1    -90.0   440.0
  11:51:26.234  1838.0   919.8    -90.0   440.0
  11:51:26.281  1838.0   917.4    -90.0   440.0
  11:51:26.328  1838.0   915.1    -90.0   440.0
  11:51:26.359  1838.0   912.3    -90.0   440.0
  11:51:26.406  1838.0   909.6    -90.0   440.0
  11:51:26.453  1838.0   907.3    -90.0   440.0
  11:51:26.500  1838.0   907.3    -90.0   440.0
  11:51:26.531  1838.0   904.9    -90.0   440.0
  11:51:26.578  1838.0   902.7    -90.0   440.0
  11:51:26.609  1838.0   900.4    -90.0   440.0
  11:51:26.656  1838.0   898.1    -90.0   440.0
  11:51:26.687  1838.0   895.6    -90.0   430.0
  11:51:26.734  1838.0   895.6    -90.0   440.0
  11:51:26.781  1838.0   893.3    -90.0   440.0
  11:51:26.828  1838.0   890.9    -90.0   430.0
  11:51:26.859  1838.0   888.6    -90.0   440.0
  11:51:26.906  1838.0   886.3    -90.0   440.0
  11:51:26.953  1838.0   884.0    -90.0   440.0
  11:51:26.984  1838.0   881.6    -90.0   440.0
  11:51:27.031  1838.0   879.3    -90.0   440.0
  11:51:27.078  1838.0   876.9    -90.0   440.0
  11:51:27.125  1838.0   874.6    -90.0   440.0
  11:51:27.156  1838.0   874.6    -90.0   440.0
  11:51:27.203  1838.0   872.3    -90.0   440.0
  11:51:27.250  1838.0   870.0    -90.0   440.0
  11:51:27.296  1838.0   867.6    -90.0   440.0
  11:51:27.343  1838.0   865.2    -90.0   440.0
  11:51:27.375  1838.0   862.9    -90.0   440.0
  11:51:27.421  1838.0   860.6    -90.0   440.0
  11:51:27.468  1838.0   858.3    -90.0   440.0
  11:51:27.515  1838.0   855.9    -90.0   440.0
  11:51:27.562  1838.0   853.5    -90.0   440.0
  11:51:27.593  1838.0   853.5    -90.0   440.0
  11:51:27.640  1838.0   851.2    -90.0   440.0
  11:51:27.687  1838.0   848.8    -90.0   440.0
  11:51:27.734  1838.0   846.6    -90.0   430.0
  11:51:27.765  1838.0   843.9    -90.0   440.0
  11:51:27.812  1838.0   841.1    -90.0   440.0
  11:51:27.859  1838.0   841.1    -90.0   440.0
  11:51:27.890  1838.0   838.7    -90.0   440.0
  11:51:27.937  1838.0   836.4    -90.0   440.0
  11:51:27.984  1838.0   833.9    -90.0   440.0
  11:51:28.015  1838.0   831.7    -90.0   440.0
  11:51:28.062  1838.0   829.3    -90.0   430.0
  11:51:28.109  1838.0   827.0    -90.0   430.0
  11:51:28.171  1838.0   824.7    -90.0   430.0
  11:51:28.187  1838.0   822.3    -90.0   430.0
  11:51:28.234  1838.0   822.3    -90.0   430.0
  11:51:28.265  1838.0   820.0    -90.0   440.0
  11:51:28.296  1838.0   817.6    -90.0   440.0
  11:51:28.359  1838.0   815.4    -90.0   440.0
  11:51:28.390  1838.0   812.9    -90.0   440.0
  11:51:28.437  1838.0   810.6    -90.0   430.0
  11:51:28.484  1838.0   810.6    -90.0   430.0
  11:51:28.515  1838.0   808.3    -90.0   440.0
  11:51:28.562  1838.0   805.9    -90.0   430.0
  11:51:28.609  1838.0   803.6    -90.0   430.0
  11:51:28.656  1838.0   801.3    -90.0   430.0
  11:51:28.687  1838.0   799.0    -90.0   430.0
  11:51:28.734  1838.0   796.6    -90.0   430.0
  11:51:28.781  1838.0   794.3    -90.0   430.0
  11:51:28.812  1838.0   792.0    -90.0   430.0
  11:51:28.859  1838.0   789.6    -90.0   430.0
  11:51:28.906  1838.0   789.6    -90.0   430.0
  11:51:28.953  1838.0   787.2    -90.0   430.0
  11:51:28.984  1838.0   784.9    -90.0   430.0
  11:51:29.031  1838.0   782.5    -90.0   430.0
  11:51:29.078  1838.0   780.2    -90.0   440.0
  11:51:29.125  1838.0   777.9    -90.0   430.0
  11:51:29.171  1838.0   775.6    -90.0   440.0
  11:51:29.203  1838.0   773.3    -90.0   430.0
  11:51:29.250  1838.0   770.8    -90.0   430.0
  11:51:29.296  1838.0   768.5    -90.0   430.0
  11:51:29.343  1838.0   766.2    -90.0   430.0
  11:51:29.390  1838.0   766.2    -90.0   430.0
  11:51:29.421  1838.0   763.9    -90.0   430.0
  11:51:29.468  1838.0   761.5    -90.0   430.0
  11:51:29.515  1838.0   759.1    -90.0   430.0
  11:51:29.562  1838.0   756.8    -90.0   430.0
  11:51:29.609  1838.0   754.5    -90.0   430.0
  11:51:29.640  1838.0   752.1    -90.0   430.0
  11:51:29.687  1838.0   749.7    -90.0   430.0
  11:51:29.734  1838.0   747.5    -90.0   430.0
  11:51:29.781  1838.0   745.1    -90.0   430.0
  11:51:29.812  1838.0   745.1    -90.0   430.0
  11:51:29.859  1838.0   742.8    -90.0   440.0
  11:51:29.906  1838.0   740.5    -90.0   440.0
  11:51:29.937  1838.0   738.0    -90.0   440.0
  11:51:29.984  1838.0   735.7    -90.0   440.0
  11:51:30.031  1838.0   733.5    -90.0   440.0
  11:51:30.078  1838.0   731.2    -90.0   440.0
  11:51:30.109  1838.0   728.8    -90.0   440.0
  11:51:30.156  1838.0   726.5    -90.0   440.0
  11:51:30.203  1838.0   726.5    -90.0   440.0
  11:51:30.234  1838.0   724.1    -90.0   430.0
  11:51:30.296  1838.0   721.7    -90.0   430.0
  11:51:30.328  1838.0   719.4    -90.0   430.0
  11:51:30.375  1838.0   717.1    -90.0   430.0
  11:51:30.421  1838.0   714.7    -90.0   430.0
  11:51:30.468  1838.0   712.5    -90.0   430.0
  11:51:30.500  1838.0   710.0    -90.0   430.0
  11:51:30.546  1838.0   707.7    -90.0   430.0
  11:51:30.562  1838.0   707.7    -90.0   430.0
  11:51:30.609  1838.0   705.3    -90.0   430.0
  11:51:30.656  1838.0   703.0    -90.0   430.0
  11:51:30.703  1838.0   700.7    -90.0   430.0
  11:51:30.734  1838.0   698.4    -90.0   440.0
  11:51:30.781  1838.0   696.1    -90.0   440.0
  11:51:30.828  1838.0   693.3    -90.0   440.0
  11:51:30.875  1838.0   691.3    -90.0   430.0
  11:51:30.921  1838.0   691.3    -90.0   430.0
  11:51:30.953  1838.0   689.0    -90.0   430.0
  11:51:31.015  1838.0   686.6    -90.0   440.0
  11:51:31.046  1838.0   684.2    -90.0   440.0
  11:51:31.093  1838.0   682.0    -90.0   440.0
  11:51:31.140  1838.0   679.7    -90.0   440.0
  11:51:31.171  1838.0   677.3    -90.0   440.0
  11:51:31.218  1838.0   677.3    -90.0   440.0
  11:51:31.265  1838.0   674.0    -90.0   430.0
  11:51:31.312  1838.0   671.9    -90.0   430.0
  11:51:31.359  1838.0   669.5    -90.0   440.0
  11:51:31.390  1838.0   667.1    -90.0   440.0
  11:51:31.437  1838.0   664.8    -90.0   440.0
  11:51:31.484  1838.0   662.5    -90.0   440.0
  11:51:31.531  1838.0   660.1    -90.0   450.0
  11:51:31.578  1838.0   657.8    -90.0   450.0
  11:51:31.625  1838.0   655.5    -90.0   470.0
  11:51:31.656  1838.0   653.1    -90.0   530.0
  11:51:31.703  1838.0   653.1    -90.0   530.0
  11:51:31.750  1838.0   650.7    -90.0   630.0
  11:51:31.781  1838.0   648.5    -90.0   710.0
  11:51:31.828  1838.0   646.1    -90.0   710.0
  11:51:31.875  1838.0   643.8    -90.0   760.0
  11:51:31.921  1838.0   641.4    -90.0   780.0
  11:51:31.968  1838.0   639.1    -90.0   780.0
  11:51:32.000  1838.0   636.8    -90.0   830.0
  11:51:32.046  1838.0   634.3    -90.0   880.0
  11:51:32.093  1838.0   632.0    -90.0   880.0
  11:52:08.437  1114.5     0.5    180.0   900.0
  11:52:08.468  1112.1     0.5    180.0   660.0
  11:52:08.515  1112.1     0.5    180.0   660.0
  11:52:08.562  1109.8     0.5    180.0   550.0
  11:52:08.593  1107.4     0.5    180.0   540.0
  11:52:08.640  1105.0     0.5    180.0   540.0
  11:52:08.687  1102.7     0.5    180.0   510.0
  11:52:08.734  1100.5     0.5    180.0   510.0
  11:52:08.765  1098.0     0.5    180.0   510.0
  11:52:08.812  1095.5     0.5    180.0   510.0
  11:52:08.859  1093.5     0.5    180.0   510.0
  11:52:08.890  1091.1     0.5    180.0   510.0
  11:52:08.937  1091.1     0.5    180.0   500.0
  11:52:08.984  1088.8     0.5    180.0   500.0
  11:52:09.015  1086.1     0.5    180.0   500.0
  11:52:09.062  1084.1     0.5    180.0   500.0
  11:52:09.109  1081.7     0.5    180.0   500.0
  11:52:09.156  1079.3     0.5    180.0   500.0
  11:52:09.203  1076.8     0.5    180.0   500.0
  11:52:09.234  1074.7     0.5    180.0   500.0
  11:52:09.281  1072.3     0.5    180.0   500.0
  11:52:09.328  1070.0     0.5    180.0   500.0
  11:52:09.375  1070.0     0.5    180.0   500.0
  11:52:09.406  1067.7     0.5    180.0   500.0
  11:52:09.453  1065.3     0.5    180.0   500.0
  11:52:09.500  1063.0     0.5    180.0   500.0
  11:52:09.546  1060.7     0.5    180.0   500.0
  11:52:09.593  1058.3     0.5    180.0   500.0
  11:52:09.625  1056.0     0.5    180.0   500.0
  11:52:09.671  1053.7     0.5    180.0   500.0
  11:52:09.718  1051.3     0.5    180.0   490.0
  11:52:09.765  1049.1     0.5    180.0   490.0
  11:52:09.796  1046.4     0.5    180.0   500.0
  11:52:09.843  1046.4     0.5    180.0   490.0
  11:52:09.890  1044.3     0.5    180.0   490.0
  11:52:09.937  1042.0     0.5    180.0   500.0
  11:52:09.968  1039.5     0.5    180.0   490.0
  11:52:10.015  1037.2     0.5    180.0   490.0
  11:52:10.062  1035.0     0.5    180.0   490.0
  11:52:10.109  1032.5     0.5    180.0   490.0
  11:52:10.140  1030.2     0.5    180.0   490.0
  11:52:10.218  1027.9     0.5    180.0   490.0
  11:52:10.234  1025.5     0.5    180.0   500.0
  11:52:10.281  1025.5     0.5    180.0   490.0
  11:52:10.328  1023.2     0.5    180.0   500.0
  11:52:10.359  1020.9     0.5    180.0   500.0
  11:52:10.406  1018.6     0.5    180.0   500.0
  11:52:10.453  1016.2     0.5    180.0   500.0
  11:52:10.500  1013.9     0.5    180.0   490.0
  11:52:10.531  1011.5     0.5    180.0   490.0
  11:52:10.562  1011.5     0.5    180.0   500.0
  11:52:10.593  1009.1     0.5    180.0   500.0
  11:52:10.640  1006.9     0.5    180.0   490.0
  11:52:10.671  1004.5     0.5    180.0   500.0
  11:52:10.718  1002.2     0.5    180.0   490.0
  11:52:10.765   999.9     0.5    180.0   490.0
  11:52:10.812   999.9     0.5    180.0   490.0
  11:52:10.843   997.5     0.5    180.0   500.0
  11:52:10.890   995.2     0.5    180.0   490.0
  11:52:10.921   992.9     0.5    180.0   500.0
  11:52:10.968   990.4     0.5    180.0   490.0
  11:52:11.015   988.2     0.5    180.0   490.0
  11:52:11.062   985.8     0.5    180.0   490.0
  11:52:11.109   983.4     0.5    180.0   490.0
  11:52:11.140   981.1     0.5    180.0   490.0
  11:52:11.187   981.1     0.5    180.0   500.0
  11:52:11.234   978.8     0.5    180.0   490.0
  11:52:11.281   976.4     0.5    180.0   490.0
  11:52:11.312   974.1     0.5    180.0   490.0
  11:52:11.359   971.8     0.5    180.0   500.0
  11:52:11.406   969.5     0.5    180.0   490.0
  11:52:11.453   967.1     0.5    180.0   490.0
  11:52:11.484   964.8     0.5    180.0   490.0
  11:52:11.531   962.3     0.5    180.0   490.0
  11:52:11.578   960.1     0.5    180.0   490.0
  11:52:11.625   957.5     0.5    180.0   490.0
  11:52:11.671   957.5     0.5    180.0   490.0
  11:52:11.718   955.4     0.5    180.0   490.0
  11:52:11.750   953.1     0.5    180.0   490.0
  11:52:11.796   950.8     0.5    180.0   490.0
  11:52:11.843   948.3     0.5    180.0   500.0
  11:52:11.890   946.0     0.5    180.0   500.0
  11:52:11.921   943.7     0.5    180.0   490.0
  11:52:11.968   941.3     0.5    180.0   490.0
  11:52:12.015   939.0     0.5    180.0   500.0
  11:52:12.062   939.0     0.5    180.0   500.0
  11:52:12.109   936.8     0.5    180.0   500.0
  11:52:12.140   934.4     0.5    180.0   500.0
  11:52:12.187   932.0     0.5    180.0   500.0
  11:52:12.234   929.7     0.5    180.0   500.0
  11:52:12.265   927.2     0.5    180.0   500.0
  11:52:12.312   924.9     0.5    180.0   500.0
  11:52:12.343   922.7     0.5    180.0   500.0
  11:52:12.390   920.4     0.5    180.0   500.0
  11:52:12.437   920.4     0.5    180.0   500.0
  11:52:12.484   918.1     0.5    180.0   500.0
  11:52:12.531   915.7     0.5    180.0   500.0
  11:52:12.562   913.3     0.5    180.0   500.0
  11:52:12.609   911.0     0.5    180.0   500.0
  11:52:12.656   908.7     0.5    180.0   500.0
  11:52:12.703   906.3     0.6    180.0   500.0
  11:52:12.734   903.9     0.6    180.0   500.0
  11:52:12.781   901.5     0.6    180.0   500.0
  11:52:12.828   899.2     0.6    180.0   500.0
  11:52:12.875   896.6     0.6    180.0   500.0
  11:52:12.906   896.6     0.6    180.0   500.0
  11:52:12.953   894.6     0.6    180.0   490.0
  11:52:13.000   892.3     0.6    180.0   500.0
  11:52:13.046   889.9     0.6    180.0   500.0
  11:52:13.093   887.0     0.6    180.0   490.0
  11:52:13.125   884.5     0.6    180.0   490.0
  11:52:13.171   882.2     0.6    180.0   500.0
  11:52:13.218   882.2     0.6    180.0   500.0
  11:52:13.265   879.8     0.6    180.0   500.0
  11:52:13.296   877.4     0.6    180.0   500.0
  11:52:13.343   875.1     0.6    180.0   500.0
  11:52:13.390   872.6     0.6    180.0   500.0
  11:52:13.437   870.5     0.6    180.0   500.0
  11:52:13.484   868.0     0.6    180.0   500.0
  11:52:13.515   868.0     0.6    180.0   500.0
  11:52:13.562   865.0     0.6    180.0   500.0
  11:52:13.609   862.6     0.6    180.0   500.0
  11:52:13.671   860.3     0.6    180.0   500.0
  11:52:13.687   857.3     0.6    180.0   490.0
  11:52:13.734   854.9     0.6    180.0   490.0
  11:52:13.781   854.9     0.6    180.0   490.0
  11:52:13.828   852.5     0.6    180.0   490.0
  11:52:13.875   850.2     0.6    180.0   490.0
  11:52:13.906   847.8     0.6    180.0   490.0
  11:52:13.953   845.3     0.6    180.0   490.0
  11:52:14.000   843.1     0.6    180.0   490.0
  11:52:14.031   840.8     0.6    180.0   490.0
  11:52:14.093   838.5     0.6    180.0   490.0
  11:52:14.125   836.1     0.6    180.0   490.0
  11:52:14.171   833.8     0.6    180.0   490.0
  11:52:14.203   833.8     0.6    180.0   490.0
  11:52:14.250   831.3     0.6    180.0   490.0
  11:52:14.296   829.0     0.6    180.0   490.0
  11:52:14.343   826.7     0.6    180.0   490.0
  11:52:14.390   824.3     0.6    180.0   490.0
  11:52:14.421   822.0     0.6    180.0   500.0
  11:52:14.468   819.8     0.6    180.0   490.0
  11:52:14.515   817.4     0.6    180.0   490.0
  11:52:14.562   815.0     0.6    180.0   490.0
  11:52:14.609   812.7     0.6    180.0   500.0
  11:52:14.640   810.3     0.6    180.0   490.0
  11:52:14.687   810.3     0.6    180.0   500.0
  11:52:14.734   808.0     0.6    180.0   500.0
  11:52:14.781   805.7     0.6    180.0   500.0
  11:52:14.812   803.3     0.6    180.0   500.0
  11:52:14.859   800.9     0.6    180.0   490.0
  11:52:14.906   798.5     0.6    180.0   490.0
  11:52:14.953   796.4     0.6    180.0   490.0
  11:52:14.984   794.0     0.6    180.0   500.0
  11:52:15.031   791.6     0.6    180.0   500.0
  11:52:15.078   789.3     0.6    180.0   500.0
  11:52:15.125   789.3     0.6    180.0   500.0
  11:52:15.156   787.0     0.6    180.0   500.0
  11:52:15.203   784.7     0.6    180.0   500.0
  11:52:15.250   782.3     0.6    180.0   500.0
  11:52:15.296   780.0     0.6    180.0   500.0
  11:52:15.328   777.7     0.6    180.0   500.0
  11:52:15.375   775.3     0.6    180.0   490.0
  11:52:15.421   772.9     0.6    180.0   490.0
  11:52:15.468   770.7     0.6    180.0   490.0
  11:52:15.500   770.7     0.6    180.0   490.0
  11:52:15.546   768.2     0.6    180.0   480.0
  11:52:15.593   765.9     0.6    180.0   490.0
  11:52:15.640   763.6     0.6    180.0   490.0
  11:52:15.687   761.2     0.6    180.0   490.0
  11:52:15.734   758.9     0.6    180.0   490.0
  11:52:15.765   756.6     0.6    180.0   490.0
  11:52:15.812   754.2     0.6    180.0   490.0
  11:52:15.859   751.9     0.6    180.0   490.0
  11:52:15.906   749.3     0.6    180.0   500.0
  11:52:15.937   747.2     0.6    180.0   500.0
  11:52:15.968   747.2     0.6    180.0   500.0
  11:52:16.015   744.9     0.6    180.0   500.0
  11:52:16.062   742.5     0.6    180.0   500.0
  11:52:16.109   740.1     0.6    180.0   510.0
  11:52:16.140   737.9     0.6    180.0   510.0
  11:52:16.187   735.5     0.6    180.0   500.0
  11:52:16.234   733.2     0.6    180.0   510.0
  11:52:16.281   730.8     0.6    180.0   510.0
  11:52:16.328   728.2     0.6    180.0   510.0
  11:52:16.359   728.2     0.6    180.0   520.0
  11:52:16.406   726.1     0.6    180.0   510.0
  11:52:16.453   723.7     0.6    180.0   510.0
  11:52:16.500   721.4     0.6    180.0   520.0
  11:52:16.531   719.0     0.6    180.0   520.0
  11:52:16.578   716.8     0.6    180.0   520.0
  11:52:16.625   714.4     0.6    180.0   520.0
  11:52:16.656   712.1     0.6    180.0   520.0
  11:52:16.703   712.1     0.6    180.0   520.0
  11:52:16.734   709.8     0.6    180.0   520.0
  11:52:16.781   707.4     0.6    180.0   520.0
  11:52:16.812   705.0     0.6    180.0   520.0
  11:52:16.859   702.7     0.6    180.0   530.0
  11:52:16.906   700.4     0.6    180.0   520.0
  11:52:16.953   698.1     0.6    180.0   520.0
  11:52:17.000   695.8     0.6    180.0   520.0
  11:52:17.031   695.8     0.6    180.0   530.0
  11:52:17.078   693.4     0.6    180.0   520.0
  11:52:17.125   691.1     0.6    180.0   530.0
  11:52:17.156   688.4     0.6    180.0   530.0
  11:52:17.203   686.3     0.6    180.0   530.0
  11:52:17.250   684.1     0.6    180.0   530.0
  11:52:17.296   681.7     0.6    180.0   540.0
  11:52:17.328   679.3     0.6    180.0   540.0
  11:52:17.375   677.1     0.6    180.0   540.0
  11:52:17.421   677.1     0.6    180.0   540.0
  11:52:17.453   674.6     0.6    180.0   540.0
  11:52:17.500   672.3     0.6    180.0   540.0
  11:52:17.546   670.0     0.6    180.0   540.0
  11:52:17.593   667.7     0.6    180.0   540.0
  11:52:17.640   665.3     0.6    180.0   540.0
  11:52:17.687   663.0     0.6    180.0   540.0
  11:52:17.734   660.7     0.6    180.0   540.0
  11:52:17.765   658.4     0.6    180.0   540.0
  11:52:17.812   655.9     0.6    180.0   550.0
  11:52:17.859   653.6     0.6    180.0   550.0
  11:52:17.890   653.6     0.6    180.0   550.0
  11:52:17.937   651.3     0.6    180.0   550.0
  11:52:17.984   649.0     0.6    180.0   550.0
  11:52:18.031   646.6     0.6    180.0   550.0
  11:52:18.062   644.2     0.6    180.0   550.0
  11:52:18.109   641.8     0.6    180.0   550.0
  11:52:18.156   639.4     0.6    180.0   550.0
  11:52:18.203   637.3     0.6    180.0   550.0
  11:52:18.234   634.9     0.6    180.0   550.0
  11:52:18.281   632.5     0.6    180.0   560.0
  11:52:18.328   632.5     0.6    180.0   560.0
  11:52:18.375   629.6     0.6    180.0   560.0
  11:52:18.421   627.1     0.6    180.0   560.0
  11:52:18.453   624.7     0.6    180.0   560.0
  11:52:18.484   624.7     0.6    180.0   560.0
  11:52:18.531   622.4     0.6    180.0   570.0
  11:52:18.578   620.1     0.6    180.0   570.0
  11:52:18.609   617.7     0.6    180.0   570.0
  11:52:18.656   615.4     0.6    180.0   570.0
  11:52:18.703   613.1     0.6    180.0   570.0
  11:52:18.734   610.7     0.6    180.0   570.0
  11:52:18.781   608.5     0.6    180.0   570.0
  11:52:18.828   606.0     0.6    180.0   570.0
  11:52:18.875   606.0     0.6    180.0   570.0
  11:52:18.921   603.7     0.6    180.0   570.0
  11:52:18.953   601.4     0.6    180.0   580.0
  11:52:19.000   599.0     0.6    180.0   580.0
  11:52:19.046   596.7     0.6    180.0   580.0
  11:52:19.078   594.4     0.6    180.0   580.0
  11:52:19.140   592.0     0.6    180.0   580.0
  11:52:19.171   589.6     0.6    180.0   590.0
  11:52:19.218   587.3     0.6    180.0   590.0
  11:52:19.265   585.0     0.6    180.0   590.0
  11:52:19.296   585.0     0.6    180.0   590.0
  11:52:19.343   582.7     0.6    180.0   590.0
  11:52:19.390   580.3     0.6    180.0   590.0
  11:52:19.437   577.9     0.6    180.0   590.0
  11:52:19.468   575.7     0.6    180.0   590.0
  11:52:19.515   573.4     0.6    180.0   590.0
  11:52:19.562   571.0     0.6    180.0   590.0
  11:52:19.609   568.7     0.6    180.0   590.0
  11:52:19.640   566.2     0.6    180.0   590.0
  11:52:19.687   563.9     0.6    180.0   590.0
  11:52:19.734   563.9     0.6    180.0   590.0
  11:52:19.781   561.7     0.6    180.0   590.0
  11:52:19.812   559.4     0.7    180.0   600.0
  11:52:19.859   556.9     0.7    180.0   600.0
  11:52:19.906   554.4     0.7    180.0   600.0
  11:52:19.953   552.3     0.7    180.0   600.0
  11:52:20.000   549.9     0.7    180.0   620.0
  11:52:20.031   547.5     0.7    180.0   620.0
  11:52:20.078   545.1     0.7    180.0   660.0
  11:52:20.125   545.1     0.7    180.0   670.0
  11:52:20.171   543.0     0.7    180.0   670.0
  11:52:20.203   540.5     0.7    180.0   890.0
