Лабораторная работа 1. Анализ сенсорных данных об объекте

Маршрут: квадрат
Направление движения: против часовой стрелки
Скорость движения: 50.0 мм/с
Рабочий дальномер: левый (Rf_L)
Матрица положения дальномера Rf_L:
   0.000  -1.000   0.000  -120.0
   1.000   0.000   0.000   241.0
   0.000   0.000   1.000   229.5
       0       0       0       1

Выходная информация: положение робота, данные дальномера об объекте

          Time   X_rob   Y_rob  Ang_rob    Rf_L
  чч:мм:сс.ссс      мм      мм     град      мм
  11:56:34.359   773.6   -26.9      1.5  1050.0
  11:56:34.406   775.8   -26.9      1.5  1000.0
  11:56:34.437   778.2   -26.8      1.5  1000.0
  11:56:34.484   780.6   -26.8      1.5  1050.0
  11:56:34.531   782.9   -26.7      1.5  1050.0
  11:56:34.578   785.3   -26.6      1.5  1050.0
  11:56:34.609   785.3   -26.6      1.5   890.0
  11:56:34.656   787.6   -26.6      1.5   890.0
  11:56:34.703   789.9   -26.5      1.5   890.0
  11:56:34.750   792.2   -26.5      1.5   850.0
  11:56:34.781   794.6   -26.4      1.5   820.0
  11:56:34.828   797.0   -26.3      1.5   850.0
  11:56:34.875   799.3   -26.3      1.5   820.0
  11:56:34.921   801.6   -26.2      1.5   820.0
  11:56:34.953   804.0   -26.2      1.5   840.0
  11:56:35.000   806.4   -26.1      1.5   850.0
  11:56:35.046   808.7   -26.0      1.5   820.0
  11:56:35.093   808.7   -26.0      1.5   820.0
  11:56:35.140   811.0   -26.0      1.5   850.0
  11:56:35.171   813.3   -25.9      1.5   850.0
  11:56:35.218   815.7   -25.9      1.5  1010.0
  11:56:35.265   818.0   -25.8      1.5   850.0
  11:56:35.312   820.3   -25.7      1.5   840.0
  11:56:35.343   822.7   -25.7      1.5   840.0
  11:56:35.390   825.0   -25.6      1.5   800.0
  11:56:35.437   827.4   -25.6      1.5   800.0
  11:56:35.484   827.4   -25.6      1.5   800.0
  11:56:35.515   829.7   -25.5      1.5   800.0
  11:56:35.562   832.0   -25.4      1.5   800.0
  11:56:35.609   834.3   -25.4      1.5   810.0
  11:56:35.625   836.7   -25.3      1.5   800.0
  11:56:35.671   839.0   -25.3      1.5   800.0
  11:56:35.718   839.0   -25.3      1.5   800.0
  11:56:35.750   841.3   -25.2      1.5   780.0
  11:56:35.796   843.7   -25.2      1.5   760.0
  11:56:35.843   846.0   -25.1      1.5   780.0
  11:56:35.890   848.4   -25.0      1.5   830.0
  11:56:35.937   850.7   -25.0      1.5   830.0
  11:56:36.015   855.5   -24.8      1.5   830.0
  11:56:36.062   857.8   -24.8      1.5   820.0
  11:56:36.109   860.1   -24.7      1.5   780.0
  11:56:36.140   862.4   -24.7      1.5   780.0
  11:56:36.187   862.4   -24.7      1.5   750.0
  11:56:36.234   864.7   -24.6      1.5   750.0
  11:56:36.281   867.0   -24.6      1.5   750.0
  11:56:36.312   869.5   -24.5      1.5   750.0
  11:56:36.359   871.8   -24.4      1.5   740.0
  11:56:36.406   874.1   -24.4      1.5   740.0
  11:56:36.453   876.5   -24.3      1.5   700.0
  11:56:36.500   878.9   -24.3      1.5   660.0
  11:56:36.531   881.4   -24.2      1.5   660.0
  11:56:36.578   883.5   -24.1      1.5   580.0
  11:56:36.625   883.5   -24.1      1.5   560.0
  11:56:36.671   885.8   -24.1      1.5   560.0
  11:56:36.718   888.1   -24.0      1.5   530.0
  11:56:36.750   890.8   -23.9      1.5   520.0
  11:56:36.796   892.9   -23.9      1.5   520.0
  11:56:36.843   895.2   -23.8      1.5   510.0
  11:56:36.875   897.5   -23.8      1.5   510.0
  11:56:36.921   899.9   -23.7      1.5   510.0
  11:56:36.968   902.2   -23.7      1.5   510.0
  11:56:37.015   904.5   -23.6      1.5   510.0
  11:56:37.062   904.5   -23.6      1.5   510.0
  11:56:37.109   909.6   -23.5      1.5   500.0
  11:56:37.140   909.6   -23.5      1.5   500.0
  11:56:37.187   911.6   -23.4      1.5   500.0
  11:56:37.234   913.8   -23.4      1.5   500.0
  11:56:37.265   916.2   -23.3      1.5   500.0
  11:56:37.312   918.5   -23.2      1.5   500.0
  11:56:37.359   920.9   -23.2      1.5   500.0
  11:56:37.390   923.3   -23.1      1.5   500.0
  11:56:37.437   923.3   -23.1      1.5   500.0
  11:56:37.484   925.7   -23.1      1.5   500.0
  11:56:37.531   927.9   -23.0      1.5   500.0
  11:56:37.562   930.3   -22.9      1.5   500.0
  11:56:37.609   932.5   -22.9      1.5   500.0
  11:56:37.656   934.9   -22.8      1.5   490.0
  11:56:37.703   937.3   -22.8      1.5   490.0
  11:56:37.734   939.6   -22.7      1.5   490.0
  11:56:37.781   942.0   -22.6      1.5   490.0
  11:56:37.828   944.3   -22.6      1.5   490.0
  11:56:37.875   944.3   -22.6      1.5   490.0
  11:56:37.906   946.6   -22.5      1.5   490.0
  11:56:37.953   949.0   -22.5      1.5   490.0
  11:56:38.000   951.4   -22.4      1.5   490.0
  11:56:38.046   953.6   -22.3      1.5   490.0
  11:56:38.093   955.9   -22.3      1.5   490.0
  11:56:38.140   958.4   -22.2      1.5   490.0
  11:56:38.171   958.4   -22.2      1.5   490.0
  11:56:38.218   961.4   -22.1      1.5   490.0
  11:56:38.265   963.7   -22.1      1.5   490.0
  11:56:38.312   966.2   -22.0      1.5   490.0
  11:56:38.359   968.5   -22.0      1.5   490.0
  11:56:38.390   970.9   -21.9      1.5   480.0
  11:56:38.437   973.1   -21.8      1.5   480.0
  11:56:38.484   975.5   -21.8      1.5   480.0
  11:56:38.531   977.7   -21.7      1.5   480.0
  11:56:38.578   980.2   -21.7      1.5   480.0
  11:56:38.609   982.5   -21.6      1.5   480.0
  11:56:38.656   984.9   -21.5      1.5   480.0
  11:56:38.703   984.9   -21.5      1.5   480.0
  11:56:38.750   987.2   -21.5      1.5   480.0
  11:56:38.781   989.6   -21.4      1.5   480.0
  11:56:38.828   991.8   -21.4      1.5   480.0
  11:56:38.875   994.1   -21.3      1.5   480.0
  11:56:38.906   996.5   -21.3      1.5   480.0
  11:56:38.953   998.9   -21.2      1.5   480.0
  11:56:39.000  1001.2   -21.1      1.5   480.0
  11:56:39.046  1003.5   -21.1      1.5   480.0
  11:56:39.093  1005.8   -21.0      1.5   480.0
  11:56:39.125  1005.8   -21.0      1.5   480.0
  11:56:39.187  1008.3   -20.9      1.5   470.0
  11:56:39.218  1010.6   -20.9      1.5   460.0
  11:56:39.265  1013.0   -20.8      1.5   470.0
  11:56:39.312  1015.2   -20.8      1.5   470.0
  11:56:39.343  1017.6   -20.7      1.5   470.0
  11:56:39.390  1019.9   -20.7      1.5   470.0
  11:56:39.437  1022.2   -20.6      1.5   470.0
  11:56:39.484  1024.5   -20.5      1.5   470.0
  11:56:39.515  1027.0   -20.5      1.5   470.0
  11:56:39.562  1027.0   -20.5      1.5   470.0
  11:56:39.609  1029.2   -20.4      1.5   470.0
  11:56:39.640  1031.6   -20.4      1.5   470.0
  11:56:39.687  1034.0   -20.3      1.5   460.0
  11:56:39.734  1036.3   -20.2      1.5   460.0
  11:56:39.781  1038.5   -20.2      1.5   460.0
  11:56:39.828  1040.9   -20.1      1.5   460.0
  11:56:39.859  1043.2   -20.1      1.5   460.0
  11:56:39.906  1043.2   -20.1      1.5   460.0
  11:56:39.937  1045.6   -20.0      1.5   460.0
  11:56:39.984  1048.1   -19.9      1.5   460.0
  11:56:40.031  1050.4   -19.9      1.5   460.0
  11:56:40.078  1052.6   -19.8      1.5   460.0
  11:56:40.109  1055.0   -19.8      1.5   460.0
  11:56:40.171  1057.3   -19.7      1.5   460.0
  11:56:40.203  1059.8   -19.6      1.5   450.0
  11:56:40.234  1062.0   -19.6      1.5   450.0
  11:56:40.281  1064.4   -19.5      1.5   460.0
  11:56:40.328  1064.4   -19.5      1.5   460.0
  11:56:40.375  1066.6   -19.5      1.5   460.0
  11:56:40.406  1068.9   -19.4      1.5   460.0
  11:56:40.453  1071.3   -19.3      1.5   460.0
  11:56:40.500  1073.7   -19.3      1.5   460.0
  11:56:40.546  1076.0   -19.2      1.5   460.0
  11:56:40.578  1078.4   -19.2      1.5   460.0
  11:56:40.625  1080.7   -19.1      1.5   460.0
  11:56:40.671  1083.1   -19.0      1.5   460.0
  11:56:40.718  1085.4   -19.0      1.5   450.0
  11:56:40.750  1085.4   -19.0      1.5   450.0
  11:56:40.796  1087.8   -18.9      1.5   450.0
  11:56:40.843  1090.1   -18.9      1.5   450.0
  11:56:40.890  1092.4   -18.8      1.5   450.0
  11:56:40.937  1094.7   -18.7      1.5   450.0
  11:56:40.984  1097.1   -18.7      1.5   450.0
  11:56:41.015  1099.4   -18.6      1.5   450.0
  11:56:41.062  1101.8   -18.6      1.5   450.0
  11:56:41.109  1104.1   -18.5      1.5   450.0
  11:56:41.156  1106.4   -18.4      1.5   450.0
  11:56:41.187  1106.4   -18.4      1.5   450.0
  11:56:41.234  1108.8   -18.4      1.5   440.0
  11:56:41.281  1111.2   -18.3      1.5   440.0
  11:56:41.328  1113.4   -18.3      1.5   440.0
  11:56:41.359  1115.8   -18.2      1.5   440.0
  11:56:41.406  1118.6   -18.1      1.5   440.0
  11:56:41.453  1121.2   -18.1      1.5   440.0
  11:56:41.484  1121.2   -18.1      1.5   440.0
  11:56:41.531  1123.5   -18.0      1.5   440.0
  11:56:41.593  1125.8   -17.9      1.5   440.0
  11:56:41.625  1128.3   -17.9      1.5   440.0
  11:56:41.671  1130.6   -17.8      1.5   440.0
  11:56:41.703  1132.9   -17.8      1.5   440.0
  11:56:41.750  1135.3   -17.7      1.5   440.0
  11:56:41.796  1137.8   -17.6      1.5   440.0
  11:56:41.843  1139.9   -17.6      1.5   440.0
  11:56:41.875  1142.3   -17.5      1.5   440.0
  11:56:41.921  1142.3   -17.5      1.5   440.0
  11:56:41.968  1144.6   -17.5      1.5   440.0
  11:56:42.015  1147.1   -17.4      1.5   440.0
  11:56:42.062  1149.2   -17.4      1.5   430.0
  11:56:42.093  1151.6   -17.3      1.5   430.0
  11:56:42.140  1154.0   -17.2      1.5   430.0
  11:56:42.187  1156.3   -17.2      1.5   430.0
  11:56:42.234  1158.6   -17.1      1.5   430.0
  11:56:42.265  1161.0   -17.1      1.5   430.0
  11:56:42.312  1163.4   -17.0      1.5   430.0
  11:56:42.359  1165.7   -16.9      1.5   430.0
  11:56:42.406  1165.7   -16.9      1.5   430.0
  11:56:42.437  1168.0   -16.9      1.5   430.0
  11:56:42.484  1170.4   -16.8      1.5   430.0
  11:56:42.531  1172.7   -16.8      1.5   430.0
  11:56:42.578  1175.0   -16.7      1.5   430.0
  11:56:42.609  1177.3   -16.6      1.5   430.0
  11:56:42.656  1179.7   -16.6      1.5   430.0
  11:56:42.703  1182.1   -16.5      1.5   430.0
  11:56:42.734  1182.1   -16.5      1.5   430.0
  11:56:42.781  1184.4   -16.5      1.5   430.0
  11:56:42.828  1186.8   -16.4      1.5   430.0
  11:56:42.875  1189.0   -16.3      1.5   430.0
  11:56:42.906  1191.3   -16.3      1.5   430.0
  11:56:42.953  1193.7   -16.2      1.5   430.0
  11:56:43.000  1196.1   -16.2      1.5   430.0
  11:56:43.046  1198.3   -16.1      1.5   430.0
  11:56:43.093  1200.8   -16.0      1.5   430.0
  11:56:43.140  1203.1   -16.0      1.5   440.0
  11:56:43.187  1205.4   -15.9      1.5   450.0
  11:56:43.218  1205.4   -15.9      1.5   450.0
  11:56:43.265  1207.7   -15.9      1.5   460.0
  11:56:43.312  1210.1   -15.8      1.5   460.0
  11:56:43.343  1212.5   -15.7      1.5   460.0
  11:56:43.390  1214.8   -15.7      1.5   460.0
  11:56:43.437  1217.1   -15.6      1.5   470.0
  11:56:43.484  1219.4   -15.6      1.5   470.0
  11:56:43.515  1221.8   -15.5      1.5   480.0
  11:56:43.562  1224.1   -15.4      1.5   490.0
  11:56:43.609  1226.4   -15.4      1.5   480.0
  11:56:43.656  1228.8   -15.3      1.5   490.0
  11:56:43.687  1228.8   -15.3      1.5   490.0
  11:56:43.734  1231.1   -15.3      1.5   490.0
  11:56:43.781  1233.5   -15.2      1.5   510.0
  11:56:43.828  1235.9   -15.1      1.5   520.0
  11:56:43.859  1238.1   -15.1      1.5   520.0
  11:56:43.906  1240.5   -15.0      1.5   520.0
  11:56:43.953  1242.7   -15.0      1.5   520.0
  11:56:44.000  1245.1   -14.9      1.5   520.0
  11:56:44.046  1247.5   -14.8      1.5   530.0
  11:56:44.078  1247.5   -14.8      1.5   540.0
  11:56:44.109  1249.9   -14.8      1.5   540.0
  11:56:44.156  1252.2   -14.7      1.5   560.0
  11:56:44.203  1254.5   -14.7      1.5   550.0
  11:56:44.250  1256.8   -14.6      1.5   550.0
  11:56:44.281  1259.1   -14.5      1.5   550.0
  11:56:44.328  1261.5   -14.5      1.5   550.0
  11:56:44.375  1263.9   -14.4      1.5   550.0
  11:56:44.406  1263.9   -14.4      1.5   590.0
  11:56:44.453  1266.3   -14.4      1.5   600.0
  11:56:44.500  1268.6   -14.3      1.5   600.0
  11:56:44.546  1270.8   -14.2      1.5   600.0
  11:56:44.593  1273.1   -14.2      1.5   610.0
  11:56:44.625  1275.5   -14.1      1.5   610.0
  11:56:44.671  1278.0   -14.1      1.5   630.0
  11:56:44.718  1280.2   -14.0      1.5   610.0
  11:56:44.765  1282.6   -13.9      1.5   610.0
  11:56:44.796  1282.6   -13.9      1.5   640.0
  11:56:44.843  1284.9   -13.9      1.5   670.0
  11:56:44.890  1287.9   -13.8      1.5   650.0
  11:56:44.937  1290.4   -13.7      1.5   650.0
  11:56:44.968  1292.7   -13.7      1.5   630.0
  11:56:45.015  1295.0   -13.6      1.5   630.0
  11:56:45.046  1295.0   -13.6      1.5   650.0
  11:56:45.093  1297.4   -13.6      1.5   650.0
  11:56:45.125  1299.8   -13.5      1.5   650.0
  11:56:45.171  1302.1   -13.4      1.5   660.0
  11:56:45.218  1304.4   -13.4      1.5   750.0
  11:56:45.265  1306.7   -13.3      1.5   650.0
  11:56:45.296  1309.1   -13.3      1.5   720.0
  11:56:45.343  1309.1   -13.3      1.5   690.0
  11:56:45.390  1311.4   -13.2      1.5   680.0
  11:56:45.437  1313.8   -13.2      1.5   690.0
  11:56:45.468  1316.1   -13.1      1.5   750.0
  11:56:45.515  1318.4   -13.0      1.5   750.0
  11:56:45.562  1320.8   -13.0      1.5   750.0
  11:56:45.609  1323.1   -12.9      1.5   750.0
  11:56:45.640  1325.5   -12.9      1.5   740.0
  11:56:45.687  1327.7   -12.8      1.5   750.0
  11:56:45.734  1330.1   -12.7      1.5   780.0
  11:56:45.781  1332.4   -12.7      1.5   760.0
  11:56:45.812  1332.4   -12.7      1.5   760.0
  11:56:45.859  1334.9   -12.6      1.5   730.0
  11:56:45.890  1337.1   -12.6      1.5   730.0
  11:56:45.937  1339.5   -12.5      1.5   780.0
  11:56:45.984  1341.9   -12.4      1.5   800.0
  11:56:46.015  1344.1   -12.4      1.5   760.0
  11:56:46.062  1344.1   -12.4      1.5   770.0
  11:56:46.109  1346.7   -12.3      1.5   800.0
  11:56:46.140  1348.8   -12.3      1.5   800.0
  11:56:46.187  1351.2   -12.2      1.5   840.0
  11:56:46.250  1353.5   -12.1      1.5   900.0
  11:56:46.265  1356.0   -12.1      1.5   900.0
  11:56:46.312  1358.2   -12.0      1.5   900.0
  11:56:46.359  1358.2   -12.0      1.5  1010.0
  11:56:46.390  1360.5   -12.0      1.5   910.0
  11:56:46.453  1362.8   -11.9      1.5  1010.0
  11:56:46.484  1365.3   -11.8      1.5  1080.0
  11:56:46.515  1367.6   -11.8      1.5  1080.0
  11:57:19.484  1838.5   781.4     90.0  1070.0
  11:57:19.531  1838.5   783.6     90.0   980.0
  11:57:19.578  1838.5   785.9     90.0   980.0
  11:57:19.609  1838.4   788.4     90.0   650.0
  11:57:19.656  1838.4   790.8     90.0   560.0
  11:57:19.703  1838.4   793.1     90.0   560.0
  11:57:19.750  1838.4   795.4     90.0   520.0
  11:57:19.796  1838.4   797.7     90.0   500.0
  11:57:19.843  1838.4   800.1     90.0   500.0
  11:57:19.875  1838.4   800.1     90.0   500.0
  11:57:19.921  1838.4   802.4     90.0   500.0
  11:57:19.953  1838.4   804.8     90.0   500.0
  11:57:20.000  1838.4   807.5     90.0   500.0
  11:57:20.046  1838.4   810.1     90.0   500.0
  11:57:20.093  1838.4   810.1     90.0   500.0
  11:57:20.140  1838.4   812.5     90.0   500.0
  11:57:20.171  1838.4   814.9     90.0   500.0
  11:57:20.218  1838.4   817.5     90.0   500.0
  11:57:20.250  1838.4   819.5     90.0   500.0
  11:57:20.296  1838.4   821.9     90.0   500.0
  11:57:20.343  1838.4   824.2     90.0   500.0
  11:57:20.390  1838.4   826.6     90.0   500.0
  11:57:20.406  1838.4   826.6     90.0   490.0
  11:57:20.453  1838.4   828.9     90.0   490.0
  11:57:20.500  1838.4   831.2     90.0   490.0
  11:57:20.546  1838.4   833.6     90.0   490.0
  11:57:20.578  1838.4   835.9     90.0   490.0
  11:57:20.625  1838.4   838.3     90.0   490.0
  11:57:20.671  1838.4   840.6     90.0   490.0
  11:57:20.718  1838.4   840.6     90.0   490.0
  11:57:20.750  1838.4   843.0     90.0   490.0
  11:57:20.796  1838.4   845.3     90.0   490.0
  11:57:20.843  1838.4   847.6     90.0   490.0
  11:57:20.890  1838.4   850.0     90.0   490.0
  11:57:20.921  1838.4   852.3     90.0   490.0
  11:57:20.968  1838.4   854.7     90.0   490.0
  11:57:21.015  1838.4   856.9     90.0   490.0
  11:57:21.062  1838.4   859.3     90.0   490.0
  11:57:21.093  1838.4   861.7     90.0   490.0
  11:57:21.140  1838.4   861.7     90.0   490.0
  11:57:21.187  1838.4   864.0     90.0   490.0
  11:57:21.234  1838.4   866.3     90.0   490.0
  11:57:21.281  1838.4   868.7     90.0   480.0
  11:57:21.312  1838.4   871.1     90.0   480.0
  11:57:21.359  1838.4   873.3     90.0   480.0
  11:57:21.406  1838.4   875.7     90.0   480.0
  11:57:21.453  1838.4   878.0     90.0   480.0
  11:57:21.484  1838.4   880.4     90.0   480.0
  11:57:21.531  1838.4   882.7     90.0   480.0
  11:57:21.578  1838.4   882.7     90.0   480.0
  11:57:21.609  1838.4   885.0     90.0   480.0
  11:57:21.656  1838.4   887.3     90.0   480.0
  11:57:21.703  1838.4   889.6     90.0   480.0
  11:57:21.750  1838.4   892.1     90.0   480.0
  11:57:21.796  1838.4   894.3     90.0   480.0
  11:57:21.843  1838.4   896.8     90.0   480.0
  11:57:21.875  1838.4   899.1     90.0   480.0
  11:57:21.921  1838.4   901.4     90.0   470.0
  11:57:21.968  1838.4   903.8     90.0   470.0
  11:57:22.015  1838.4   906.1     90.0   470.0
  11:57:22.046  1838.4   906.1     90.0   470.0
  11:57:22.093  1838.4   908.4     90.0   470.0
  11:57:22.140  1838.4   910.8     90.0   470.0
  11:57:22.187  1838.4   913.2     90.0   470.0
  11:57:22.234  1838.4   915.5     90.0   470.0
  11:57:22.265  1838.4   917.8     90.0   470.0
  11:57:22.312  1838.4   920.1     90.0   470.0
  11:57:22.359  1838.4   922.5     90.0   460.0
  11:57:22.406  1838.4   924.9     90.0   470.0
  11:57:22.437  1838.4   927.1     90.0   470.0
  11:57:22.484  1838.4   927.1     90.0   460.0
  11:57:22.531  1838.4   929.6     90.0   460.0
  11:57:22.578  1838.4   931.8     90.0   470.0
  11:57:22.609  1838.4   934.2     90.0   460.0
  11:57:22.656  1838.4   936.5     90.0   460.0
  11:57:22.703  1838.4   938.8     90.0   460.0
  11:57:22.734  1838.4   941.2     90.0   460.0
  11:57:22.781  1838.4   943.5     90.0   460.0
  11:57:22.828  1838.4   945.8     90.0   460.0
  11:57:22.875  1838.4   948.2     90.0   460.0
  11:57:22.906  1838.4   948.2     90.0   460.0
  11:57:22.953  1838.4   950.5     90.0   460.0
  11:57:23.000  1838.4   952.9     90.0   460.0
  11:57:23.046  1838.4   955.3     90.0   460.0
  11:57:23.093  1838.4   957.5     90.0   460.0
  11:57:23.125  1838.4   959.9     90.0   460.0
  11:57:23.187  1838.4   962.3     90.0   460.0
  11:57:23.218  1838.4   964.6     90.0   460.0
  11:57:23.265  1838.4   966.9     90.0   450.0
  11:57:23.296  1838.4   969.2     90.0   460.0
  11:57:23.343  1838.4   969.2     90.0   450.0
  11:57:23.390  1838.4   971.5     90.0   450.0
  11:57:23.437  1838.4   973.9     90.0   450.0
  11:57:23.484  1838.4   976.4     90.0   450.0
  11:57:23.515  1838.4   978.7     90.0   450.0
  11:57:23.562  1838.4   980.9     90.0   450.0
  11:57:23.609  1838.4   983.3     90.0   450.0
  11:57:23.656  1838.4   985.8     90.0   450.0
  11:57:23.687  1838.4   987.9     90.0   450.0
  11:57:23.734  1838.4   990.4     90.0   450.0
  11:57:23.781  1838.4   990.4     90.0   450.0
  11:57:23.828  1838.4   992.6     90.0   450.0
  11:57:23.859  1838.4   995.0     90.0   440.0
  11:57:23.906  1838.4   997.4     90.0   440.0
  11:57:23.953  1838.4   999.7     90.0   440.0
  11:57:24.000  1838.4  1001.9     90.0   440.0
  11:57:24.046  1838.4  1004.4     90.0   440.0
  11:57:24.078  1838.4  1006.7     90.0   440.0
  11:57:24.125  1838.4  1009.1     90.0   440.0
  11:57:24.171  1838.4  1011.3     90.0   440.0
  11:57:24.218  1838.4  1013.7     90.0   440.0
  11:57:24.250  1838.4  1013.7     90.0   440.0
  11:57:24.296  1838.4  1016.0     90.0   440.0
  11:57:24.343  1838.4  1018.4     90.0   440.0
  11:57:24.390  1838.4  1020.7     90.0   440.0
  11:57:24.421  1838.4  1023.1     90.0   440.0
  11:57:24.468  1838.4  1025.5     90.0   440.0
  11:57:24.515  1838.4  1027.8     90.0   440.0
  11:57:24.562  1838.4  1030.1     90.0   440.0
  11:57:24.593  1838.4  1032.3     90.0   440.0
  11:57:24.640  1838.4  1034.7     90.0   440.0
  11:57:24.687  1838.4  1034.7     90.0   440.0
  11:57:24.734  1838.4  1037.1     90.0   440.0
  11:57:24.765  1838.4  1039.4     90.0   440.0
  11:57:24.812  1838.4  1041.9     90.0   430.0
  11:57:24.859  1838.4  1044.1     90.0   430.0
  11:57:24.906  1838.4  1046.4     90.0   430.0
  11:57:24.937  1838.4  1048.8     90.0   430.0
  11:57:24.984  1838.4  1051.1     90.0   430.0
  11:57:25.031  1838.4  1053.4     90.0   430.0
  11:57:25.078  1838.4  1053.4     90.0   430.0
  11:57:25.109  1838.4  1055.8     90.0   430.0
  11:57:25.156  1838.4  1058.1     90.0   430.0
  11:57:25.203  1838.4  1060.5     90.0   430.0
  11:57:25.250  1838.4  1062.8     90.0   430.0
  11:57:25.296  1838.4  1065.1     90.0   430.0
  11:57:25.343  1838.4  1067.5     90.0   430.0
  11:57:25.375  1838.4  1069.8     90.0   430.0
  11:57:25.421  1838.4  1072.1     90.0   430.0
  11:57:25.468  1838.4  1074.6     90.0   430.0
  11:57:25.515  1838.4  1076.9     90.0   430.0
  11:57:25.546  1838.4  1079.2     90.0   430.0
  11:57:25.593  1838.4  1079.2     90.0   420.0
  11:57:25.640  1838.4  1081.5     90.0   420.0
  11:57:25.687  1838.4  1083.9     90.0   420.0
  11:57:25.734  1838.4  1086.1     90.0   420.0
  11:57:25.765  1838.3  1088.5     90.0   420.0
  11:57:25.812  1838.3  1090.9     90.0   420.0
  11:57:25.859  1838.3  1093.2     90.0   420.0
  11:57:25.906  1838.3  1095.6     90.0   420.0
  11:57:25.953  1838.3  1097.8     90.0   410.0
  11:57:25.984  1838.3  1100.2     90.0   410.0
  11:57:26.031  1838.3  1102.5     90.0   410.0
  11:57:26.078  1838.3  1102.5     90.0   410.0
  11:57:26.109  1838.3  1105.0     90.0   410.0
  11:57:26.156  1838.3  1108.0     90.0   410.0
  11:57:26.203  1838.3  1110.4     90.0   410.0
  11:57:26.250  1838.3  1112.8     90.0   410.0
  11:57:26.281  1838.3  1115.1     90.0   410.0
  11:57:26.328  1838.3  1115.1     90.0   410.0
  11:57:26.375  1838.3  1117.4     90.0   410.0
  11:57:26.421  1838.3  1119.7     90.0   410.0
  11:57:26.453  1838.3  1122.0     90.0   410.0
  11:57:26.500  1838.3  1124.4     90.0   410.0
  11:57:26.546  1838.3  1126.8     90.0   410.0
  11:57:26.593  1838.3  1129.0     90.0   410.0
  11:57:26.640  1838.3  1131.5     90.0   400.0
  11:57:26.671  1838.3  1133.8     90.0   410.0
  11:57:26.718  1838.3  1133.8     90.0   400.0
  11:57:26.765  1838.3  1136.2     90.0   400.0
  11:57:26.796  1838.3  1138.4     90.0   400.0
  11:57:26.843  1838.3  1140.7     90.0   400.0
  11:57:26.890  1838.3  1143.2     90.0   400.0
  11:57:26.937  1838.3  1145.4     90.0   400.0
  11:57:26.984  1838.3  1147.8     90.0   400.0
  11:57:27.015  1838.3  1150.1     90.0   400.0
  11:57:27.062  1838.3  1152.4     90.0   400.0
  11:57:27.109  1838.3  1154.8     90.0   400.0
  11:57:27.156  1838.3  1157.1     90.0   400.0
  11:57:27.187  1838.3  1157.1     90.0   400.0
  11:57:27.234  1838.3  1159.5     90.0   400.0
  11:57:27.281  1838.3  1161.8     90.0   400.0
  11:57:27.328  1838.3  1164.2     90.0   400.0
  11:57:27.375  1838.3  1166.6     90.0   400.0
  11:57:27.406  1838.3  1168.8     90.0   400.0
  11:57:27.453  1838.3  1171.1     90.0   400.0
  11:57:27.500  1838.3  1173.5     90.0   390.0
  11:57:27.531  1838.3  1175.9     90.0   390.0
  11:57:27.578  1838.3  1178.2     90.0   390.0
  11:57:27.625  1838.3  1178.2     90.0   390.0
  11:57:27.671  1838.3  1180.6     90.0   390.0
  11:57:27.718  1838.3  1182.9     90.0   390.0
  11:57:27.750  1838.3  1186.0     90.0   390.0
  11:57:27.796  1838.3  1188.3     90.0   390.0
  11:57:27.843  1838.3  1190.7     90.0   390.0
  11:57:27.890  1838.3  1190.7     90.0   390.0
  11:57:27.921  1838.3  1193.0     90.0   390.0
  11:57:27.968  1838.3  1195.5     90.0   390.0
  11:57:28.015  1838.3  1197.6     90.0   390.0
  11:57:28.046  1838.3  1200.0     90.0   380.0
  11:57:28.125  1838.3  1202.5     90.0   390.0
  11:57:28.171  1838.3  1205.5     90.0   380.0
  11:57:28.218  1838.3  1207.8     90.0   380.0
  11:57:28.250  1838.3  1210.1     90.0   380.0
  11:57:28.296  1838.3  1212.5     90.0   380.0
  11:57:28.328  1838.3  1214.9     90.0   380.0
  11:57:28.375  1838.3  1214.9     90.0   380.0
  11:57:28.421  1838.3  1217.3     90.0   380.0
  11:57:28.468  1838.3  1219.6     90.0   380.0
  11:57:28.500  1838.3  1221.9     90.0   380.0
  11:57:28.546  1838.3  1224.3     90.0   380.0
  11:57:28.593  1838.3  1226.6     90.0   380.0
  11:57:28.640  1838.3  1228.9     90.0   380.0
  11:57:28.671  1838.3  1231.3     90.0   380.0
  11:57:28.718  1838.3  1231.3     90.0   380.0
  11:57:28.765  1838.3  1233.6     90.0   380.0
  11:57:28.812  1838.3  1235.9     90.0   380.0
  11:57:28.843  1838.3  1238.2     90.0   380.0
  11:57:28.890  1838.3  1240.6     90.0   380.0
  11:57:28.921  1838.3  1243.6     90.0   370.0
  11:57:28.968  1838.3  1246.1     90.0   370.0
  11:57:29.015  1838.3  1246.1     90.0   370.0
  11:57:29.062  1838.3  1248.4     90.0   370.0
  11:57:29.093  1838.3  1250.7     90.0   370.0
  11:57:29.140  1838.3  1253.2     90.0   370.0
  11:57:29.171  1838.3  1255.3     90.0   370.0
  11:57:29.218  1838.3  1257.8     90.0   370.0
  11:57:29.265  1838.3  1260.1     90.0   370.0
  11:57:29.312  1838.3  1262.4     90.0   370.0
  11:57:29.343  1838.3  1262.4     90.0   370.0
  11:57:29.390  1838.3  1264.8     90.0   370.0
  11:57:29.437  1838.3  1267.1     90.0   370.0
  11:57:29.484  1838.3  1269.5     90.0   370.0
  11:57:29.531  1838.3  1271.8     90.0   370.0
  11:57:29.562  1838.3  1274.1     90.0   380.0
  11:57:29.609  1838.3  1276.5     90.0   380.0
  11:57:29.656  1838.3  1278.8     90.0   380.0
  11:57:29.703  1838.3  1281.0     90.0   390.0
  11:57:29.734  1838.3  1283.6     90.0   390.0
  11:57:29.781  1838.3  1285.8     90.0   390.0
  11:57:29.828  1838.3  1288.2     90.0   400.0
  11:57:29.875  1838.3  1288.2     90.0   400.0
  11:57:29.906  1838.3  1290.4     90.0   410.0
  11:57:29.953  1838.3  1292.9     90.0   420.0
  11:57:30.000  1838.3  1295.2     90.0   420.0
  11:57:30.046  1838.3  1297.5     90.0   420.0
  11:57:30.093  1838.3  1299.8     90.0   430.0
  11:57:30.125  1838.3  1302.2     90.0   430.0
  11:57:30.171  1838.3  1304.5     90.0   440.0
  11:57:30.218  1838.3  1306.9     90.0   450.0
  11:57:30.250  1838.3  1306.9     90.0   450.0
  11:57:30.296  1838.3  1309.3     90.0   460.0
  11:57:30.328  1838.3  1311.6     90.0   460.0
  11:57:30.375  1838.3  1313.9     90.0   460.0
  11:57:30.421  1838.3  1316.2     90.0   470.0
  11:57:30.453  1838.3  1318.5     90.0   460.0
  11:57:30.500  1838.3  1321.0     90.0   460.0
  11:57:30.546  1838.3  1321.0     90.0   490.0
  11:57:30.593  1838.3  1323.3     90.0   490.0
  11:57:30.640  1838.3  1325.6     90.0   490.0
  11:57:30.671  1838.3  1327.9     90.0   500.0
  11:57:30.718  1838.3  1330.3     90.0   500.0
  11:57:30.765  1838.3  1332.7     90.0   500.0
  11:57:30.796  1838.3  1334.9     90.0   500.0
  11:57:30.843  1838.3  1337.3     90.0   520.0
  11:57:30.890  1838.3  1339.6     90.0   520.0
  11:57:30.937  1838.3  1339.6     90.0   560.0
  11:57:30.968  1838.3  1342.0     90.0   560.0
  11:57:31.000  1838.3  1344.2     90.0   530.0
  11:57:31.046  1838.3  1346.6     90.0   560.0
  11:57:31.093  1838.3  1348.9     90.0   610.0
  11:57:31.140  1838.3  1351.5     90.0   610.0
  11:57:31.171  1838.3  1351.5     90.0   640.0
  11:57:31.218  1838.3  1353.7     90.0   640.0
  11:57:31.250  1838.3  1356.0     90.0   610.0
  11:57:31.296  1838.3  1358.3     90.0   640.0
  11:57:31.343  1838.3  1360.8     90.0   840.0
  11:57:31.390  1838.3  1363.2     90.0   840.0
  11:57:31.421  1838.3  1365.3     90.0   840.0
  11:57:31.468  1838.3  1367.6     90.0  1080.0
  11:57:31.515  1838.3  1370.1     90.0  1080.0
  11:58:06.437  1095.0  1838.6   -180.0   810.0
  11:58:06.468  1092.8  1838.6   -180.0   810.0
  11:58:06.515  1090.4  1838.6   -180.0   530.0
  11:58:06.562  1088.0  1838.6   -180.0   450.0
  11:58:06.609  1088.0  1838.6   -180.0   450.0
  11:58:06.640  1085.7  1838.6   -180.0   430.0
  11:58:06.687  1083.5  1838.6   -180.0   420.0
  11:58:06.734  1080.9  1838.6   -180.0   420.0
  11:58:06.781  1078.7  1838.5   -180.0   420.0
  11:58:06.828  1076.4  1838.5   -180.0   420.0
  11:58:06.859  1074.0  1838.5   -180.0   420.0
  11:58:06.906  1071.8  1838.5   -180.0   410.0
  11:58:06.953  1069.3  1838.5   -180.0   410.0
  11:58:06.984  1069.3  1838.5   -180.0   410.0
  11:58:07.031  1067.0  1838.5   -180.0   410.0
  11:58:07.078  1062.4  1838.5   -180.0   410.0
  11:58:07.125  1062.4  1838.5   -180.0   410.0
  11:58:07.156  1060.0  1838.5   -180.0   410.0
  11:58:07.203  1057.7  1838.5   -180.0   410.0
  11:58:07.250  1055.3  1838.5   -180.0   410.0
  11:58:07.296  1053.0  1838.5   -180.0   410.0
  11:58:07.328  1050.6  1838.5   -180.0   410.0
  11:58:07.375  1048.3  1838.5   -180.0   410.0
  11:58:07.421  1046.0  1838.5   -180.0   410.0
  11:58:07.468  1046.0  1838.5   -180.0   410.0
  11:58:07.515  1043.6  1838.5   -180.0   410.0
  11:58:07.546  1041.2  1838.5   -180.0   410.0
  11:58:07.593  1038.9  1838.5   -180.0   410.0
  11:58:07.640  1036.6  1838.5   -180.0   410.0
  11:58:07.687  1034.2  1838.5   -180.0   400.0
  11:58:07.718  1031.9  1838.5   -180.0   400.0
  11:58:07.765  1029.6  1838.5   -180.0   400.0
  11:58:07.812  1027.2  1838.5   -180.0   400.0
  11:58:07.859  1025.0  1838.5   -180.0   400.0
  11:58:07.890  1025.0  1838.5   -180.0   400.0
  11:58:07.937  1022.5  1838.5   -180.0   400.0
  11:58:07.984  1020.2  1838.5   -180.0   400.0
  11:58:08.031  1017.8  1838.5   -180.0   400.0
  11:58:08.078  1015.6  1838.5   -180.0   400.0
  11:58:08.109  1013.2  1838.5   -180.0   400.0
  11:58:08.156  1010.9  1838.5   -180.0   400.0
  11:58:08.203  1008.5  1838.5   -180.0   390.0
  11:58:08.250  1006.2  1838.5   -180.0   390.0
  11:58:08.281  1003.9  1838.5   -180.0   390.0
  11:58:08.328  1003.9  1838.5   -180.0   390.0
  11:58:08.375  1001.5  1838.5   -180.0   390.0
  11:58:08.421   999.2  1838.5   -180.0   390.0
  11:58:08.468   996.8  1838.5   -180.0   390.0
  11:58:08.500   994.4  1838.5   -180.0   390.0
  11:58:08.546   992.2  1838.5   -180.0   390.0
  11:58:08.593   989.8  1838.5   -180.0   390.0
  11:58:08.640   987.5  1838.5   -180.0   390.0
  11:58:08.671   985.2  1838.5   -180.0   390.0
  11:58:08.718   982.8  1838.5   -180.0   390.0
  11:58:08.765   980.4  1838.5   -180.0   390.0
  11:58:08.812   980.4  1838.5   -180.0   390.0
  11:58:08.843   978.2  1838.5   -180.0   390.0
  11:58:08.875   975.9  1838.5   -180.0   390.0
  11:58:08.921   973.4  1838.5   -180.0   390.0
  11:58:08.968   971.1  1838.5   -180.0   390.0
  11:58:09.015   968.7  1838.5   -180.0   390.0
  11:58:09.062   966.4  1838.5   -180.0   390.0
  11:58:09.093   966.4  1838.5   -180.0   380.0
  11:58:09.140   964.1  1838.5   -180.0   380.0
  11:58:09.171   961.8  1838.5   -180.0   380.0
  11:58:09.218   959.4  1838.5   -180.0   380.0
  11:58:09.265   957.1  1838.5   -180.0   380.0
  11:58:09.312   954.8  1838.5   -180.0   380.0
  11:58:09.359   952.3  1838.5   -180.0   380.0
  11:58:09.390   950.1  1838.5   -180.0   380.0
  11:58:09.437   947.7  1838.5   -180.0   380.0
  11:58:09.468   947.7  1838.5   -180.0   380.0
  11:58:09.515   945.4  1838.5   -180.0   380.0
  11:58:09.562   943.0  1838.5   -180.0   380.0
  11:58:09.593   940.6  1838.5   -180.0   380.0
  11:58:09.625   940.6  1838.5   -180.0   380.0
  11:58:09.671   938.2  1838.5   -180.0   380.0
  11:58:09.703   936.0  1838.5   -180.0   380.0
  11:58:09.750   933.8  1838.5   -180.0   380.0
  11:58:09.796   931.4  1838.5   -180.0   380.0
  11:58:09.828   929.0  1838.5   -180.0   370.0
  11:58:09.875   926.6  1838.5   -180.0   370.0
  11:58:09.906   924.4  1838.5   -180.0   370.0
  11:58:09.953   924.4  1838.5   -180.0   370.0
  11:58:10.000   921.3  1838.5   -180.0   370.0
  11:58:10.046   918.9  1838.5   -180.0   370.0
  11:58:10.078   916.5  1838.5   -180.0   370.0
  11:58:10.125   914.2  1838.5   -180.0   370.0
  11:58:10.171   911.9  1838.5   -180.0   370.0
  11:58:10.218   911.9  1838.5   -180.0   370.0
  11:58:10.250   909.5  1838.5   -180.0   370.0
  11:58:10.296   907.2  1838.5   -180.0   370.0
  11:58:10.343   904.9  1838.5   -180.0   370.0
  11:58:10.390   902.5  1838.5   -180.0   370.0
  11:58:10.437   900.1  1838.5   -180.0   370.0
  11:58:10.468   897.8  1838.4   -180.0   370.0
  11:58:10.515   895.4  1838.4   -180.0   370.0
  11:58:10.562   893.1  1838.4   -180.0   370.0
  11:58:10.593   890.7  1838.4   -180.0   370.0
  11:58:10.640   890.7  1838.4   -180.0   370.0
  11:58:10.703   888.4  1838.4   -180.0   370.0
  11:58:10.734   885.6  1838.4   -180.0   370.0
  11:58:10.765   882.9  1838.4   -180.0   370.0
  11:58:10.812   880.7  1838.4   -180.0   370.0
  11:58:10.859   878.3  1838.4   -180.0   360.0
  11:58:10.906   878.3  1838.4   -180.0   360.0
  11:58:10.953   876.0  1838.4   -180.0   360.0
  11:58:10.984   873.0  1838.4   -180.0   370.0
  11:58:11.031   870.4  1838.4   -180.0   370.0
  11:58:11.062   868.2  1838.4   -180.0   370.0
  11:58:11.109   865.9  1838.4   -180.0   360.0
  11:58:11.156   865.9  1838.4   -180.0   360.0
  11:58:11.187   863.6  1838.4   -180.0   360.0
  11:58:11.234   861.1  1838.4   -180.0   360.0
  11:58:11.281   858.9  1838.4   -180.0   360.0
  11:58:11.328   856.5  1838.4   -180.0   360.0
  11:58:11.375   854.2  1838.4   -180.0   360.0
  11:58:11.421   851.1  1838.4   -180.0   360.0
  11:58:11.437   851.1  1838.4   -180.0   360.0
  11:58:11.484   848.6  1838.4   -180.0   360.0
  11:58:11.515   846.4  1838.4   -180.0   360.0
  11:58:11.562   846.4  1838.4   -180.0   360.0
  11:58:11.609   843.6  1838.4   -180.0   360.0
  11:58:11.640   840.9  1838.4   -180.0   360.0
  11:58:11.687   838.6  1838.4   -180.0   360.0
  11:58:11.734   836.1  1838.4   -180.0   360.0
  11:58:11.781   833.8  1838.4   -180.0   350.0
  11:58:11.828   831.6  1838.4   -180.0   360.0
  11:58:11.859   829.2  1838.4   -180.0   350.0
  11:58:11.906   826.8  1838.4   -180.0   350.0
  11:58:11.953   826.8  1838.4   -180.0   350.0
  11:58:12.000   824.6  1838.4   -180.0   350.0
  11:58:12.031   822.2  1838.4   -180.0   350.0
  11:58:12.078   819.7  1838.4   -180.0   350.0
  11:58:12.125   817.5  1838.4   -180.0   350.0
  11:58:12.171   815.2  1838.4   -180.0   350.0
  11:58:12.203   812.9  1838.4   -180.0   350.0
  11:58:12.250   810.4  1838.4   -180.0   350.0
  11:58:12.296   808.1  1838.4   -180.0   350.0
  11:58:12.343   808.1  1838.4   -180.0   350.0
  11:58:12.375   805.8  1838.4   -180.0   350.0
  11:58:12.421   803.4  1838.4   -180.0   340.0
  11:58:12.468   801.1  1838.4   -180.0   350.0
  11:58:12.515   798.8  1838.4   -180.0   350.0
  11:58:12.546   796.4  1838.4   -180.0   350.0
  11:58:12.593   794.0  1838.4   -180.0   350.0
  11:58:12.640   791.8  1838.4   -180.0   350.0
  11:58:12.671   789.3  1838.4   -180.0   350.0
  11:58:12.718   789.3  1838.4   -180.0   350.0
  11:58:12.750   787.1  1838.4   -180.0   350.0
  11:58:12.796   784.7  1838.4   -180.0   340.0
  11:58:12.843   782.4  1838.4   -180.0   340.0
  11:58:12.890   780.2  1838.4   -180.0   350.0
  11:58:12.921   777.8  1838.4   -180.0   350.0
  11:58:12.968   775.4  1838.4   -180.0   350.0
  11:58:13.015   773.0  1838.4   -180.0   350.0
  11:58:13.062   773.0  1838.4   -180.0   350.0
  11:58:13.093   770.7  1838.4   -180.0   350.0
  11:58:13.140   768.4  1838.4   -180.0   350.0
  11:58:13.187   766.0  1838.4   -180.0   350.0
  11:58:13.234   763.8  1838.4   -180.0   360.0
  11:58:13.265   761.4  1838.4   -180.0   360.0
  11:58:13.312   759.0  1838.4   -180.0   360.0
  11:58:13.359   756.7  1838.4   -180.0   360.0
  11:58:13.390   756.7  1838.4   -180.0   350.0
  11:58:13.437   754.3  1838.4   -180.0   350.0
  11:58:13.468   752.1  1838.4   -180.0   350.0
  11:58:13.515   749.6  1838.4   -180.0   350.0
  11:58:13.546   747.4  1838.4   -180.0   350.0
  11:58:13.609   745.0  1838.4   -180.0   350.0
  11:58:13.640   742.6  1838.4   -180.0   350.0
  11:58:13.687   740.3  1838.4   -180.0   350.0
  11:58:13.718   740.3  1838.4   -180.0   350.0
  11:58:13.765   737.9  1838.4   -180.0   350.0
  11:58:13.812   735.6  1838.4   -180.0   350.0
  11:58:13.859   733.3  1838.4   -180.0   350.0
  11:58:13.890   731.0  1838.4   -180.0   350.0
  11:58:13.937   728.7  1838.4   -180.0   350.0
  11:58:13.984   726.2  1838.4   -180.0   350.0
  11:58:14.031   723.9  1838.4   -180.0   350.0
  11:58:14.062   721.5  1838.4   -180.0   350.0
  11:58:14.109   721.5  1838.4   -180.0   360.0
  11:58:14.156   719.3  1838.4   -180.0   350.0
  11:58:14.171   716.8  1838.3   -180.0   350.0
  11:58:14.218   714.5  1838.3   -180.0   360.0
  11:58:14.250   714.5  1838.3   -180.0   350.0
  11:58:14.296   712.3  1838.3   -180.0   350.0
  11:58:14.343   709.8  1838.3   -180.0   360.0
  11:58:14.375   707.5  1838.3   -180.0   360.0
  11:58:14.421   705.2  1838.3   -180.0   360.0
  11:58:14.468   703.0  1838.3   -180.0   360.0
  11:58:14.515   700.5  1838.3   -180.0   360.0
  11:58:14.562   698.2  1838.3   -180.0   360.0
  11:58:14.609   695.8  1838.3   -180.0   360.0
  11:58:14.640   693.5  1838.3   -180.0   360.0
  11:58:14.687   691.1  1838.3   -180.0   360.0
  11:58:14.734   691.1  1838.3   -180.0   360.0
  11:58:14.781   688.8  1838.3   -180.0   360.0
  11:58:14.812   686.5  1838.3   -180.0   360.0
  11:58:14.859   684.1  1838.3   -180.0   360.0
  11:58:14.906   681.8  1838.3   -180.0   360.0
  11:58:14.953   679.5  1838.3   -180.0   360.0
  11:58:14.984   677.1  1838.3   -180.0   360.0
  11:58:15.031   674.6  1838.3   -180.0   370.0
  11:58:15.078   672.5  1838.3   -180.0   360.0
  11:58:15.109   672.5  1838.3   -180.0   360.0
  11:58:15.156   670.1  1838.3   -180.0   360.0
  11:58:15.203   667.8  1838.3   -180.0   360.0
  11:58:15.250   665.4  1838.3   -180.0   370.0
  11:58:15.296   663.0  1838.3   -180.0   370.0
  11:58:15.328   660.8  1838.3   -180.0   370.0
  11:58:15.375   658.4  1838.3   -180.0   370.0
  11:58:15.437   656.2  1838.3   -180.0   370.0
  11:58:15.468   653.7  1838.3   -180.0   370.0
  11:58:15.515   651.4  1838.3   -180.0   370.0
  11:58:15.546   649.1  1838.3   -180.0   370.0
  11:58:15.593   649.1  1838.3   -180.0   370.0
  11:58:15.640   646.8  1838.3   -180.0   370.0
  11:58:15.687   644.2  1838.3   -180.0   370.0
  11:58:15.718   642.0  1838.3   -180.0   370.0
  11:58:15.765   639.7  1838.3   -180.0   370.0
  11:58:15.812   637.4  1838.3   -180.0   370.0
  11:58:15.859   635.0  1838.3   -180.0   370.0
  11:58:15.890   632.8  1838.3   -180.0   370.0
  11:58:15.937   630.3  1838.3   -180.0   370.0
  11:58:15.984   628.1  1838.3   -180.0   370.0
  11:58:16.031   628.1  1838.3   -180.0   370.0
  11:58:16.062   625.6  1838.3   -180.0   370.0
  11:58:16.109   623.3  1838.3   -180.0   370.0
  11:58:16.156   621.0  1838.3   -180.0   370.0
  11:58:16.203   618.7  1838.3   -180.0   370.0
  11:58:16.234   616.3  1838.3   -180.0   370.0
  11:58:16.281   614.1  1838.3   -180.0   370.0
  11:58:16.328   611.5  1838.3   -180.0   370.0
  11:58:16.375   609.4  1838.3   -180.0   370.0
  11:58:16.406   606.9  1838.3   -180.0   370.0
  11:58:16.453   604.6  1838.3   -180.0   370.0
  11:58:16.500   604.6  1838.3   -180.0   370.0
  11:58:16.546   602.3  1838.3   -180.0   370.0
  11:58:16.593   599.9  1838.3   -180.0   380.0
  11:58:16.625   597.6  1838.3   -180.0   380.0
  11:58:16.671   595.2  1838.3   -180.0   380.0
  11:58:16.718   592.9  1838.3   -180.0   380.0
  11:58:16.765   590.6  1838.3   -180.0   380.0
  11:58:16.812   588.2  1838.3   -180.0   380.0
  11:58:16.843   585.8  1838.3   -180.0   380.0
  11:58:16.890   585.8  1838.3   -180.0   380.0
  11:58:16.937   583.6  1838.3   -180.0   380.0
  11:58:16.968   581.1  1838.3   -180.0   380.0
  11:58:17.015   578.9  1838.3   -180.0   380.0
  11:58:17.062   576.6  1838.3   -180.0   380.0
  11:58:17.109   574.2  1838.3   -180.0   380.0
  11:58:17.140   571.9  1838.3   -180.0   380.0
  11:58:17.187   569.5  1838.3   -180.0   380.0
  11:58:17.234   567.2  1838.3   -180.0   380.0
  11:58:17.281   564.8  1838.3   -180.0   380.0
  11:58:17.312   564.8  1838.3   -180.0   380.0
  11:58:17.359   562.5  1838.3   -180.0   380.0
  11:58:17.406   560.2  1838.3   -180.0   380.0
  11:58:17.453   557.9  1838.3   -180.0   390.0
  11:58:17.500   555.6  1838.3   -180.0   380.0
  11:58:17.546   553.2  1838.3   -180.0   380.0
  11:58:17.578   550.8  1838.3   -180.0   390.0
  11:58:17.625   548.5  1838.3   -180.0   390.0
  11:58:17.671   546.1  1838.3   -180.0   390.0
  11:58:17.703   546.1  1838.3   -180.0   390.0
  11:58:17.750   543.9  1838.3   -180.0   390.0
  11:58:17.781   541.4  1838.3   -180.0   390.0
  11:58:17.828   539.1  1838.3   -180.0   390.0
  11:58:17.875   536.7  1838.2   -180.0   390.0
  11:58:17.921   534.5  1838.2   -180.0   390.0
  11:58:17.968   532.1  1838.2   -180.0   390.0
  11:58:18.000   529.8  1838.2   -180.0   390.0
  11:58:18.046   527.4  1838.2   -180.0   390.0
  11:58:18.093   524.7  1838.2   -180.0   390.0
  11:58:18.125   524.7  1838.2   -180.0   390.0
  11:58:18.171   522.7  1838.2   -180.0   390.0
  11:58:18.218   520.5  1838.2   -180.0   390.0
  11:58:18.281   518.1  1838.2   -180.0   390.0
  11:58:18.296   515.1  1838.2   -180.0   390.0
  11:58:18.343   512.5  1838.2   -180.0   390.0
  11:58:18.390   510.2  1838.2   -180.0   390.0
  11:58:18.437   510.2  1838.2   -180.0   390.0
  11:58:18.484   507.9  1838.2   -180.0   400.0
  11:58:18.515   504.8  1838.2   -180.0   400.0
  11:58:18.562   502.3  1838.2   -180.0   400.0
  11:58:18.609   500.1  1838.2   -180.0   420.0
  11:58:18.656   497.7  1838.2   -180.0   450.0
  11:58:18.703   495.4  1838.2   -180.0   450.0
  11:58:18.734   495.4  1838.2   -180.0   540.0
  11:58:18.781   493.1  1838.2   -180.0   680.0
  11:58:18.828   490.8  1838.2   -180.0   680.0
  11:58:50.718    -0.1  1123.8    -90.0  1060.0
  11:58:50.750    -0.1  1121.5    -90.0   910.0
  11:58:50.796    -0.1  1119.2    -90.0   910.0
  11:58:50.843    -0.1  1116.8    -90.0   890.0
  11:58:50.890    -0.1  1114.5    -90.0   710.0
  11:58:50.937    -0.1  1114.5    -90.0   710.0
  11:58:50.968    -0.1  1112.1    -90.0   610.0
  11:58:51.015    -0.1  1109.9    -90.0   600.0
  11:58:51.062    -0.1  1107.5    -90.0   610.0
  11:58:51.109    -0.1  1105.1    -90.0   600.0
  11:58:51.140    -0.1  1102.8    -90.0   570.0
  11:58:51.187    -0.1  1100.4    -90.0   570.0
  11:58:51.234    -0.1  1098.1    -90.0   540.0
  11:58:51.281    -0.1  1095.8    -90.0   530.0
  11:58:51.312    -0.1  1093.5    -90.0   530.0
  11:58:51.359    -0.1  1093.5    -90.0   490.0
  11:58:51.406    -0.1  1091.1    -90.0   480.0
  11:58:51.453    -0.1  1088.7    -90.0   480.0
  11:58:51.484     0.0  1086.4    -90.0   480.0
  11:58:51.531     0.0  1084.1    -90.0   480.0
  11:58:51.578     0.0  1081.7    -90.0   480.0
  11:58:51.625     0.0  1079.4    -90.0   430.0
  11:58:51.671     0.0  1077.0    -90.0   420.0
  11:58:51.703     0.0  1074.7    -90.0   420.0
  11:58:51.750     0.0  1072.4    -90.0   410.0
  11:58:51.796     0.0  1072.4    -90.0   400.0
  11:58:51.843     0.0  1070.0    -90.0   400.0
  11:58:51.875     0.0  1067.7    -90.0   380.0
  11:58:51.921     0.0  1065.2    -90.0   380.0
  11:58:51.968     0.0  1063.0    -90.0   380.0
  11:58:52.015     0.0  1060.7    -90.0   360.0
  11:58:52.046     0.0  1058.3    -90.0   360.0
  11:58:52.093     0.0  1055.9    -90.0   370.0
  11:58:52.140     0.0  1053.7    -90.0   370.0
  11:58:52.187     0.0  1051.3    -90.0   370.0
  11:58:52.218     0.0  1051.3    -90.0   370.0
  11:58:52.265     0.0  1049.0    -90.0   370.0
  11:58:52.312     0.0  1046.6    -90.0   370.0
  11:58:52.343     0.0  1044.3    -90.0   380.0
  11:58:52.390     0.0  1042.0    -90.0   380.0
  11:58:52.437     0.0  1039.6    -90.0   380.0
  11:58:52.484     0.0  1037.3    -90.0   380.0
  11:58:52.531     0.0  1035.0    -90.0   380.0
  11:58:52.562     0.0  1032.5    -90.0   380.0
  11:58:52.625     0.0  1032.5    -90.0   380.0
  11:58:52.656     0.0  1029.4    -90.0   380.0
  11:58:52.703     0.0  1027.1    -90.0   380.0
  11:58:52.750     0.0  1024.8    -90.0   390.0
  11:58:52.781     0.0  1022.4    -90.0   390.0
  11:58:52.828     0.0  1022.4    -90.0   390.0
  11:58:52.875     0.0  1019.4    -90.0   400.0
  11:58:52.906     0.0  1017.0    -90.0   400.0
  11:58:52.953     0.0  1014.6    -90.0   400.0
  11:58:53.000     0.0  1012.3    -90.0   400.0
  11:58:53.031     0.0  1010.0    -90.0   400.0
  11:58:53.078     0.0  1007.7    -90.0   400.0
  11:58:53.125     0.0  1005.3    -90.0   400.0
  11:58:53.156     0.0  1005.3    -90.0   410.0
  11:58:53.218     0.0  1000.4    -90.0   400.0
  11:58:53.234     0.0  1000.4    -90.0   410.0
  11:58:53.281     0.0   998.3    -90.0   410.0
  11:58:53.328     0.0   995.9    -90.0   410.0
  11:58:53.359     0.0   993.6    -90.0   420.0
  11:58:53.421     0.0   991.0    -90.0   420.0
  11:58:53.453     0.0   991.0    -90.0   420.0
  11:58:53.500     0.0   988.9    -90.0   420.0
  11:58:53.531     0.0   986.5    -90.0   420.0
  11:58:53.578     0.0   984.3    -90.0   420.0
  11:58:53.625     0.0   981.9    -90.0   430.0
  11:58:53.671     0.0   979.6    -90.0   430.0
  11:58:53.703     0.0   977.2    -90.0   430.0
  11:58:53.750     0.0   974.9    -90.0   430.0
  11:58:53.796     0.0   972.6    -90.0   430.0
  11:58:53.828     0.0   972.6    -90.0   430.0
  11:58:53.875     0.0   970.1    -90.0   430.0
  11:58:53.921     0.0   967.9    -90.0   430.0
  11:58:53.968     0.0   965.5    -90.0   430.0
  11:58:54.015     0.0   963.2    -90.0   440.0
  11:58:54.046     0.0   960.7    -90.0   440.0
  11:58:54.078     0.0   958.5    -90.0   440.0
  11:58:54.125     0.0   958.5    -90.0   440.0
  11:58:54.171     0.1   956.0    -90.0   450.0
  11:58:54.218     0.1   953.9    -90.0   450.0
  11:58:54.250     0.1   950.9    -90.0   450.0
  11:58:54.296     0.1   948.4    -90.0   450.0
  11:58:54.343     0.1   946.0    -90.0   450.0
  11:58:54.390     0.1   943.7    -90.0   450.0
  11:58:54.421     0.1   943.7    -90.0   460.0
  11:58:54.468     0.1   941.4    -90.0   460.0
  11:58:54.515     0.1   939.0    -90.0   460.0
  11:58:54.562     0.1   936.7    -90.0   460.0
  11:58:54.593     0.1   934.3    -90.0   460.0
  11:58:54.640     0.1   931.9    -90.0   460.0
  11:58:54.687     0.1   929.7    -90.0   460.0
  11:58:54.734     0.1   927.3    -90.0   460.0
  11:58:54.781     0.1   925.0    -90.0   460.0
  11:58:54.828     0.1   922.7    -90.0   470.0
  11:58:54.859     0.1   920.3    -90.0   470.0
  11:58:54.906     0.1   920.3    -90.0   470.0
  11:58:54.921     0.1   917.9    -90.0   470.0
  11:58:54.968     0.1   915.5    -90.0   470.0
  11:58:55.000     0.1   913.2    -90.0   470.0
  11:58:55.046     0.1   913.2    -90.0   480.0
  11:58:55.093     0.1   911.0    -90.0   480.0
  11:58:55.140     0.1   908.7    -90.0   490.0
  11:58:55.171     0.1   906.3    -90.0   490.0
  11:58:55.218     0.1   904.0    -90.0   490.0
  11:58:55.265     0.1   901.6    -90.0   490.0
  11:58:55.312     0.1   899.3    -90.0   490.0
  11:58:55.343     0.1   896.9    -90.0   490.0
  11:58:55.390     0.1   894.5    -90.0   490.0
  11:58:55.437     0.1   892.2    -90.0   490.0
  11:58:55.484     0.1   892.2    -90.0   490.0
  11:58:55.531     0.1   889.9    -90.0   500.0
  11:58:55.562     0.1   887.5    -90.0   490.0
  11:58:55.609     0.1   885.2    -90.0   490.0
  11:58:55.640     0.1   882.7    -90.0   500.0
  11:58:55.656     0.1   882.7    -90.0   500.0
  11:58:55.703     0.1   880.5    -90.0   500.0
  11:58:55.750     0.1   878.2    -90.0   500.0
  11:58:55.781     0.1   875.9    -90.0   500.0
  11:58:55.828     0.1   873.5    -90.0   500.0
  11:58:55.875     0.1   871.3    -90.0   510.0
  11:58:55.921     0.1   871.3    -90.0   510.0
  11:58:55.953     0.1   868.9    -90.0   510.0
  11:58:56.000     0.1   866.4    -90.0   510.0
  11:58:56.046     0.1   864.1    -90.0   520.0
  11:58:56.093     0.1   861.8    -90.0   520.0
  11:58:56.125     0.1   859.5    -90.0   520.0
  11:58:56.171     0.1   857.1    -90.0   520.0
  11:58:56.218     0.1   854.7    -90.0   520.0
  11:58:56.265     0.1   852.5    -90.0   520.0
  11:58:56.296     0.1   850.2    -90.0   520.0
  11:58:56.343     0.1   850.2    -90.0   520.0
  11:58:56.390     0.1   847.8    -90.0   520.0
  11:58:56.437     0.1   845.5    -90.0   520.0
  11:58:56.468     0.1   843.1    -90.0   520.0
  11:58:56.515     0.1   840.8    -90.0   520.0
  11:58:56.562     0.1   838.4    -90.0   520.0
  11:58:56.593     0.1   836.0    -90.0   520.0
  11:58:56.640     0.1   833.7    -90.0   520.0
  11:58:56.687     0.1   831.3    -90.0   510.0
  11:58:56.734     0.1   829.2    -90.0   510.0
  11:58:56.781     0.2   826.7    -90.0   510.0
  11:58:56.828     0.2   826.7    -90.0   510.0
  11:58:56.875     0.2   824.5    -90.0   510.0
  11:58:56.906     0.2   821.6    -90.0   510.0
  11:58:56.953     0.2   818.8    -90.0   510.0
  11:58:57.000     0.2   816.6    -90.0   510.0
  11:58:57.031     0.2   814.3    -90.0   510.0
  11:58:57.078     0.2   814.3    -90.0   510.0
  11:58:57.125     0.2   811.8    -90.0   510.0
  11:58:57.171     0.2   809.5    -90.0   510.0
  11:58:57.203     0.2   807.3    -90.0   510.0
  11:58:57.250     0.2   804.8    -90.0   510.0
  11:58:57.296     0.2   802.6    -90.0   510.0
  11:58:57.343     0.2   800.2    -90.0   510.0
  11:58:57.375     0.2   797.9    -90.0   500.0
  11:58:57.421     0.2   795.5    -90.0   500.0
  11:58:57.484     0.2   793.2    -90.0   500.0
  11:58:57.515     0.2   793.2    -90.0   500.0
  11:58:57.546     0.2   790.9    -90.0   500.0
  11:58:57.593     0.2   788.5    -90.0   500.0
  11:58:57.640     0.2   786.2    -90.0   500.0
  11:58:57.687     0.2   783.9    -90.0   500.0
  11:58:57.734     0.2   781.5    -90.0   500.0
  11:58:57.765     0.2   779.1    -90.0   500.0
  11:58:57.812     0.2   776.9    -90.0   500.0
  11:58:57.875     0.2   774.5    -90.0   500.0
  11:58:57.906     0.2   772.1    -90.0   500.0
  11:58:57.937     0.2   772.1    -90.0   500.0
  11:58:57.984     0.2   769.8    -90.0   500.0
  11:58:58.031     0.2   767.5    -90.0   500.0
  11:58:58.093     0.2   765.2    -90.0   500.0
  11:58:58.109     0.2   762.3    -90.0   500.0
  11:58:58.156     0.2   759.6    -90.0   500.0
  11:58:58.203     0.2   757.4    -90.0   500.0
  11:58:58.250     0.2   757.4    -90.0   490.0
  11:58:58.281     0.2   755.0    -90.0   490.0
  11:58:58.328     0.2   752.8    -90.0   490.0
  11:58:58.375     0.2   750.3    -90.0   490.0
  11:58:58.421     0.2   747.9    -90.0   490.0
  11:58:58.468     0.2   745.7    -90.0   490.0
  11:58:58.500     0.2   743.4    -90.0   490.0
  11:58:58.546     0.2   741.0    -90.0   490.0
  11:58:58.593     0.2   738.6    -90.0   490.0
  11:58:58.640     0.2   736.2    -90.0   490.0
  11:58:58.671     0.2   736.2    -90.0   490.0
  11:58:58.718     0.2   733.9    -90.0   490.0
  11:58:58.765     0.2   731.6    -90.0   490.0
  11:58:58.812     0.2   729.4    -90.0   490.0
  11:58:58.843     0.2   726.9    -90.0   490.0
  11:58:58.890     0.2   724.6    -90.0   490.0
  11:58:58.937     0.2   722.3    -90.0   480.0
  11:58:58.984     0.2   720.0    -90.0   490.0
  11:58:59.015     0.2   717.6    -90.0   480.0
  11:58:59.062     0.2   715.3    -90.0   480.0
  11:58:59.109     0.2   715.3    -90.0   480.0
  11:58:59.156     0.2   712.9    -90.0   480.0
  11:58:59.187     0.2   710.6    -90.0   480.0
  11:58:59.234     0.2   708.2    -90.0   480.0
  11:58:59.281     0.2   705.9    -90.0   480.0
  11:58:59.328     0.2   703.5    -90.0   480.0
  11:58:59.359     0.2   701.2    -90.0   480.0
  11:58:59.406     0.2   698.8    -90.0   480.0
  11:58:59.453     0.3   696.5    -90.0   480.0
  11:58:59.500     0.3   694.2    -90.0   480.0
  11:58:59.546     0.3   694.2    -90.0   480.0
  11:58:59.578     0.3   691.8    -90.0   480.0
  11:58:59.625     0.3   689.5    -90.0   480.0
  11:58:59.671     0.3   687.1    -90.0   480.0
  11:58:59.718     0.3   684.8    -90.0   480.0
  11:58:59.750     0.3   682.5    -90.0   480.0
  11:58:59.796     0.3   680.1    -90.0   480.0
  11:58:59.843     0.3   677.8    -90.0   470.0
  11:58:59.890     0.3   675.5    -90.0   470.0
  11:58:59.937     0.3   673.2    -90.0   480.0
  11:58:59.968     0.3   670.8    -90.0   470.0
  11:59:00.015     0.3   670.8    -90.0   470.0
  11:59:00.062     0.3   668.4    -90.0   470.0
  11:59:00.093     0.3   666.1    -90.0   470.0
  11:59:00.140     0.3   663.8    -90.0   470.0
  11:59:00.187     0.3   661.4    -90.0   470.0
  11:59:00.234     0.3   659.0    -90.0   470.0
  11:59:00.265     0.3   656.8    -90.0   470.0
  11:59:00.343     0.3   654.4    -90.0   470.0
  11:59:00.359     0.3   652.0    -90.0   470.0
  11:59:00.406     0.3   652.0    -90.0   470.0
  11:59:00.437     0.3   649.7    -90.0   480.0
  11:59:00.484     0.3   647.4    -90.0   480.0
  11:59:00.531     0.3   645.1    -90.0   480.0
  11:59:00.578     0.3   642.8    -90.0   480.0
  11:59:00.625     0.3   640.4    -90.0   480.0
  11:59:00.656     0.3   638.1    -90.0   490.0
  11:59:00.703     0.3   635.6    -90.0   490.0
  11:59:00.750     0.3   633.0    -90.0   490.0
  11:59:00.781     0.3   631.0    -90.0   490.0
  11:59:00.828     0.3   631.0    -90.0   490.0
  11:59:00.875     0.3   628.6    -90.0   490.0
  11:59:00.921     0.3   626.3    -90.0   500.0
  11:59:00.953     0.3   623.7    -90.0   510.0
  11:59:00.984     0.3   623.7    -90.0   510.0
  11:59:01.031     0.3   621.0    -90.0   520.0
  11:59:01.078     0.3   618.6    -90.0   510.0
  11:59:01.125     0.3   616.1    -90.0   510.0
  11:59:01.171     0.3   613.8    -90.0   540.0
  11:59:01.203     0.3   611.5    -90.0   540.0
  11:59:01.250     0.3   609.2    -90.0   540.0
  11:59:01.296     0.3   606.8    -90.0   570.0
  11:59:01.359     0.3   604.6    -90.0   550.0
  11:59:01.375     0.3   602.2    -90.0   550.0
  11:59:01.421     0.3   602.2    -90.0   580.0
  11:59:01.468     0.3   599.8    -90.0   560.0
  11:59:01.515     0.3   597.5    -90.0   560.0
  11:59:01.546     0.3   595.1    -90.0   580.0
  11:59:01.578     0.3   592.8    -90.0   650.0
  11:59:01.625     0.3   590.4    -90.0   610.0
  11:59:01.671     0.3   588.1    -90.0   620.0
  11:59:01.718     0.3   585.8    -90.0   630.0
  11:59:01.765     0.3   583.4    -90.0   620.0
  11:59:01.796     0.3   583.4    -90.0   630.0
  11:59:01.843     0.3   581.0    -90.0   640.0
  11:59:01.890     0.3   578.8    -90.0   630.0
  11:59:01.937     0.3   576.5    -90.0   640.0
  11:59:01.968     0.3   574.0    -90.0   650.0
  11:59:02.015     0.3   571.8    -90.0   650.0
  11:59:02.062     0.3   569.5    -90.0   670.0
  11:59:02.093     0.3   567.0    -90.0   680.0
  11:59:02.156     0.4   564.7    -90.0   670.0
  11:59:02.187     0.4   564.7    -90.0   680.0
  11:59:02.234     0.4   562.4    -90.0   710.0
  11:59:02.281     0.4   560.1    -90.0   710.0
  11:59:02.312     0.4   557.7    -90.0   800.0
  11:59:02.359     0.4   555.4    -90.0   790.0
  11:59:02.406     0.4   553.0    -90.0   790.0
  11:59:02.437     0.4   550.7    -90.0   870.0
  11:59:02.484     0.4   548.4    -90.0   930.0
  11:59:02.531     0.4   546.1    -90.0   930.0
  11:59:02.578     0.4   543.7    -90.0  1080.0
  11:59:02.625     0.4   543.7    -90.0  1090.0
  11:59:02.656     0.4   541.4    -90.0  1090.0
