Лабораторная работа 1. Анализ сенсорных данных об объекте

Маршрут: квадрат
Направление движения: по часовой стрелке
Скорость движения: 50.0 мм/с
Рабочий дальномер: правый (Rf_R)
Матрица положения дальномера Rf_R:
   0.000   1.000   0.000   -65.0
  -1.000   0.000   0.000  -223.0
   0.000   0.000   1.000   265.5
       0       0       0       1

Выходная информация: положение робота, данные дальномера об объекте

          Time   X_rob   Y_rob  Ang_rob    Rf_R
  чч:мм:сс.ссс      мм      мм     град      мм
  12:03:56.234    -7.5   806.3     89.6  1090.0
  12:03:56.265    -7.5   806.3     89.6  1090.0
  12:03:56.312    -7.5   808.7     89.6   840.0
  12:03:56.359    -7.4   811.0     89.6   790.0
  12:03:56.390    -7.4   813.4     89.6   790.0
  12:03:56.437    -7.4   815.7     89.6   830.0
  12:03:56.484    -7.4   818.1     89.6   830.0
  12:03:56.531    -7.4   820.4     89.6   830.0
  12:03:56.578    -7.4   822.7     89.6   770.0
  12:03:56.609    -7.4   825.1     89.6   740.0
  12:03:56.656    -7.3   827.3     89.6   740.0
  12:03:56.703    -7.3   827.3     89.6   680.0
  12:03:56.734    -7.3   829.6     89.6   660.0
  12:03:56.781    -7.3   832.0     89.6   680.0
  12:03:56.828    -7.3   834.5     89.6   660.0
  12:03:56.875    -7.3   836.7     89.6   620.0
  12:03:56.921    -7.3   839.1     89.6   630.0
  12:03:56.953    -7.2   841.5     89.6   620.0
  12:03:57.000    -7.2   843.7     89.6   620.0
  12:03:57.031    -7.2   843.7     89.6   620.0
  12:03:57.078    -7.2   846.1     89.6   610.0
  12:03:57.125    -7.2   848.4     89.6   610.0
  12:03:57.171    -7.2   850.8     89.6   610.0
  12:03:57.218    -7.2   853.2     89.6   610.0
  12:03:57.250    -7.2   855.5     89.6   610.0
  12:03:57.296    -7.1   857.8     89.6   610.0
  12:03:57.328    -7.1   857.8     89.6   610.0
  12:03:57.375    -7.1   860.1     89.6   610.0
  12:03:57.406    -7.1   862.5     89.6   610.0
  12:03:57.453    -7.1   864.8     89.6   610.0
  12:03:57.500    -7.1   867.3     89.6   610.0
  12:03:57.546    -7.1   869.5     89.6   610.0
  12:03:57.593    -7.0   871.9     89.6   610.0
  12:03:57.625    -7.0   874.1     89.6   610.0
  12:03:57.671    -7.0   876.5     89.6   610.0
  12:03:57.718    -7.0   878.8     89.6   610.0
  12:03:57.765    -7.0   881.1     89.6   610.0
  12:03:57.796    -7.0   881.1     89.6   610.0
  12:03:57.843    -7.0   883.5     89.6   610.0
  12:03:57.890    -7.0   885.9     89.6   610.0
  12:03:57.937    -6.9   888.3     89.6   610.0
  12:03:57.968    -6.9   890.5     89.6   610.0
  12:03:58.046    -6.9   895.5     89.6   610.0
  12:03:58.062    -6.9   895.5     89.6   610.0
  12:03:58.109    -6.9   897.5     89.6   610.0
  12:03:58.140    -6.9   899.9     89.6   610.0
  12:03:58.187    -6.9   899.9     89.6   610.0
  12:03:58.234    -6.8   902.2     89.6   610.0
  12:03:58.265    -6.8   904.6     89.6   610.0
  12:03:58.328    -6.8   906.9     89.6   610.0
  12:03:58.359    -6.8   909.2     89.6   610.0
  12:03:58.406    -6.8   911.7     89.6   610.0
  12:03:58.453    -6.8   914.0     89.6   610.0
  12:03:58.484    -6.7   916.3     89.6   610.0
  12:03:58.531    -6.7   918.8     89.6   610.0
  12:03:58.578    -6.7   921.0     89.6   610.0
  12:03:58.640    -6.7   923.3     89.6   610.0
  12:03:58.656    -6.7   923.3     89.6   610.0
  12:03:58.703    -6.7   925.5     89.6   610.0
  12:03:58.750    -6.7   928.0     89.6   620.0
  12:03:58.796    -6.7   930.3     89.6   610.0
  12:03:58.843    -6.6   932.6     89.6   610.0
  12:03:58.875    -6.6   935.0     89.6   610.0
  12:03:58.921    -6.6   937.3     89.6   610.0
  12:03:58.968    -6.6   939.6     89.6   610.0
  12:03:59.015    -6.6   942.1     89.6   610.0
  12:03:59.062    -6.6   942.1     89.6   610.0
  12:03:59.093    -6.6   944.6     89.6   610.0
  12:03:59.140    -6.5   947.5     89.6   610.0
  12:03:59.187    -6.5   949.8     89.6   610.0
  12:03:59.234    -6.5   952.1     89.6   610.0
  12:03:59.265    -6.5   954.9     89.6   620.0
  12:03:59.312    -6.5   956.8     89.6   620.0
  12:03:59.359    -6.5   959.2     89.6   620.0
  12:03:59.421    -6.4   961.5     89.6   620.0
  12:03:59.437    -6.4   961.5     89.6   620.0
  12:03:59.484    -6.4   964.0     89.6   620.0
  12:03:59.531    -6.4   966.2     89.6   620.0
  12:03:59.578    -6.4   968.6     89.6   610.0
  12:03:59.625    -6.4   970.9     89.6   620.0
  12:03:59.671    -6.4   973.1     89.6   610.0
  12:03:59.703    -6.4   975.6     89.6   610.0
  12:03:59.750    -6.3   977.8     89.6   610.0
  12:03:59.796    -6.3   980.7     89.6   620.0
  12:03:59.828    -6.3   980.7     89.6   610.0
  12:03:59.875    -6.3   982.5     89.6   610.0
  12:03:59.921    -6.3   984.8     89.6   570.0
  12:03:59.968    -6.3   987.3     89.6   540.0
  12:04:00.015    -6.3   989.5     89.6   540.0
  12:04:00.046    -6.2   992.0     89.6   520.0
  12:04:00.093    -6.2   994.3     89.6   500.0
  12:04:00.140    -6.2   996.7     89.6   500.0
  12:04:00.171    -6.2   998.9     89.6   470.0
  12:04:00.218    -6.2  1001.2     89.6   450.0
  12:04:00.265    -6.2  1001.2     89.6   450.0
  12:04:00.312    -6.2  1003.5     89.6   410.0
  12:04:00.359    -6.2  1005.9     89.6   390.0
  12:04:00.390    -6.1  1008.3     89.6   390.0
  12:04:00.437    -6.1  1010.6     89.6   370.0
  12:04:00.484    -6.1  1013.0     89.6   370.0
  12:04:00.515    -6.1  1015.4     89.6   370.0
  12:04:00.562    -6.1  1017.7     89.6   370.0
  12:04:00.609    -6.1  1019.9     89.6   370.0
  12:04:00.656    -6.0  1022.3     89.6   370.0
  12:04:00.687    -6.0  1022.3     89.6   370.0
  12:04:00.734    -6.0  1024.6     89.6   370.0
  12:04:00.781    -6.0  1026.9     89.6   370.0
  12:04:00.828    -6.0  1029.4     89.6   370.0
  12:04:00.859    -6.0  1031.6     89.6   370.0
  12:04:00.906    -6.0  1034.0     89.6   370.0
  12:04:00.953    -6.0  1036.3     89.6   370.0
  12:04:01.000    -5.9  1038.7     89.6   370.0
  12:04:01.046    -5.9  1041.1     89.6   370.0
  12:04:01.078    -5.9  1043.4     89.6   370.0
  12:04:01.125    -5.9  1043.4     89.6   370.0
  12:04:01.171    -5.9  1045.7     89.6   370.0
  12:04:01.203    -5.9  1048.1     89.6   370.0
  12:04:01.250    -5.9  1050.4     89.6   370.0
  12:04:01.296    -5.8  1052.7     89.6   370.0
  12:04:01.343    -5.8  1055.0     89.6   370.0
  12:04:01.390    -5.8  1057.5     89.6   370.0
  12:04:01.421    -5.8  1059.7     89.6   370.0
  12:04:01.468    -5.8  1062.2     89.6   370.0
  12:04:01.515    -5.8  1064.4     89.6   370.0
  12:04:01.562    -5.8  1064.4     89.6   370.0
  12:04:01.593    -5.8  1066.7     89.6   380.0
  12:04:01.640    -5.7  1069.2     89.6   370.0
  12:04:01.687    -5.7  1071.6     89.6   380.0
  12:04:01.734    -5.7  1073.8     89.6   370.0
  12:04:01.765    -5.7  1076.1     89.6   370.0
  12:04:01.812    -5.7  1078.5     89.6   380.0
  12:04:01.859    -5.7  1080.7     89.6   370.0
  12:04:01.906    -5.6  1083.1     89.6   370.0
  12:04:01.937    -5.6  1083.1     89.6   370.0
  12:04:01.984    -5.6  1086.2     89.6   380.0
  12:04:02.031    -5.6  1088.6     89.6   370.0
  12:04:02.078    -5.6  1090.9     89.6   380.0
  12:04:02.109    -5.6  1093.5     89.6   380.0
  12:04:02.156    -5.6  1095.5     89.6   380.0
  12:04:02.203    -5.5  1098.0     89.6   380.0
  12:04:02.250    -5.5  1100.3     89.6   380.0
  12:04:02.281    -5.5  1100.3     89.6   380.0
  12:04:02.328    -5.5  1102.6     89.6   380.0
  12:04:02.375    -5.5  1104.9     89.6   380.0
  12:04:02.421    -5.5  1107.3     89.6   380.0
  12:04:02.468    -5.5  1109.7     89.6   380.0
  12:04:02.500    -5.5  1112.0     89.6   380.0
  12:04:02.546    -5.4  1114.3     89.6   380.0
  12:04:02.593    -5.4  1116.8     89.6   380.0
  12:04:02.640    -5.4  1119.0     89.6   380.0
  12:04:02.671    -5.4  1121.3     89.6   380.0
  12:04:02.718    -5.4  1121.3     89.6   380.0
  12:04:02.765    -5.4  1123.7     89.6   380.0
  12:04:02.812    -5.4  1126.1     89.6   380.0
  12:04:02.859    -5.3  1128.3     89.6   380.0
  12:04:02.890    -5.3  1130.7     89.6   380.0
  12:04:02.937    -5.3  1133.1     89.6   380.0
  12:04:02.984    -5.3  1135.4     89.6   380.0
  12:04:03.031    -5.3  1137.7     89.6   380.0
  12:04:03.062    -5.3  1140.0     89.6   380.0
  12:04:03.109    -5.2  1142.4     89.6   380.0
  12:04:03.156    -5.2  1142.4     89.6   380.0
  12:04:03.187    -5.2  1144.6     89.6   380.0
  12:04:03.234    -5.2  1147.0     89.6   380.0
  12:04:03.281    -5.2  1149.4     89.6   390.0
  12:04:03.328    -5.2  1151.7     89.6   390.0
  12:04:03.375    -5.2  1154.1     89.6   390.0
  12:04:03.406    -5.2  1156.5     89.6   390.0
  12:04:03.453    -5.1  1158.8     89.6   390.0
  12:04:03.515    -5.1  1161.1     89.6   390.0
  12:04:03.546    -5.1  1163.4     89.6   390.0
  12:04:03.593    -5.1  1165.8     89.6   390.0
  12:04:03.640    -5.1  1165.8     89.6   390.0
  12:04:03.671    -5.1  1168.2     89.6   390.0
  12:04:03.718    -5.1  1170.4     89.6   390.0
  12:04:03.765    -5.0  1172.8     89.6   390.0
  12:04:03.796    -5.0  1175.1     89.6   390.0
  12:04:03.843    -5.0  1177.5     89.6   390.0
  12:04:03.890    -5.0  1179.9     89.6   390.0
  12:04:03.937    -5.0  1182.6     89.6   390.0
  12:04:03.968    -5.0  1184.4     89.6   390.0
  12:04:04.015    -5.0  1184.4     89.6   390.0
  12:04:04.062    -5.0  1186.8     89.6   390.0
  12:04:04.109    -4.9  1189.2     89.6   390.0
  12:04:04.140    -4.9  1191.6     89.6   390.0
  12:04:04.187    -4.9  1193.9     89.6   390.0
  12:04:04.234    -4.9  1196.3     89.6   390.0
  12:04:04.281    -4.9  1198.5     89.6   390.0
  12:04:04.312    -4.9  1200.8     89.6   390.0
  12:04:04.359    -4.8  1203.1     89.6   390.0
  12:04:04.406    -4.8  1205.5     89.6   390.0
  12:04:04.453    -4.8  1207.9     89.6   390.0
  12:04:04.500    -4.8  1207.9     89.6   390.0
  12:04:04.531    -4.8  1210.3     89.6   390.0
  12:04:04.578    -4.8  1212.6     89.6   390.0
  12:04:04.625    -4.8  1214.9     89.6   390.0
  12:04:04.656    -4.8  1217.2     89.6   390.0
  12:04:04.703    -4.7  1219.6     89.6   390.0
  12:04:04.750    -4.7  1221.9     89.6   390.0
  12:04:04.796    -4.7  1224.3     89.6   390.0
  12:04:04.828    -4.7  1226.6     89.6   390.0
  12:04:04.875    -4.7  1226.6     89.6   390.0
  12:04:04.921    -4.7  1229.0     89.6   400.0
  12:04:04.968    -4.7  1231.3     89.6   400.0
  12:04:05.015    -4.6  1233.6     89.6   400.0
  12:04:05.046    -4.6  1235.9     89.6   400.0
  12:04:05.093    -4.6  1238.3     89.6   400.0
  12:04:05.140    -4.6  1240.6     89.6   400.0
  12:04:05.187    -4.6  1243.4     89.6   400.0
  12:04:05.218    -4.6  1245.4     89.6   400.0
  12:04:05.265    -4.6  1247.7     89.6   400.0
  12:04:05.312    -4.6  1247.7     89.6   400.0
  12:04:05.359    -4.5  1252.3     89.6   400.0
  12:04:05.390    -4.5  1252.3     89.6   400.0
  12:04:05.437    -4.5  1254.6     89.6   400.0
  12:04:05.468    -4.5  1257.0     89.6   400.0
  12:04:05.515    -4.5  1259.3     89.6   400.0
  12:04:05.562    -4.5  1261.7     89.6   420.0
  12:04:05.609    -4.4  1264.1     89.6   440.0
  12:04:05.656    -4.4  1266.4     89.6   440.0
  12:04:05.687    -4.4  1266.4     89.6   560.0
  12:04:05.734    -4.4  1268.8     89.6   610.0
  12:04:05.781    -4.4  1271.0     89.6   610.0
  12:04:05.828    -4.4  1273.5     89.6   640.0
  12:04:05.859    -4.4  1275.8     89.6   660.0
  12:04:05.906    -4.3  1278.1     89.6   650.0
  12:04:05.953    -4.3  1280.3     89.6   660.0
  12:04:06.000    -4.3  1282.7     89.6   660.0
  12:04:06.031    -4.3  1285.1     89.6   660.0
  12:04:06.078    -4.3  1285.1     89.6   660.0
  12:04:06.125    -4.3  1287.4     89.6   670.0
  12:04:06.171    -4.3  1289.8     89.6   670.0
  12:04:06.203    -4.3  1292.2     89.6   670.0
  12:04:06.250    -4.2  1294.4     89.6   680.0
  12:04:06.296    -4.2  1296.8     89.6   680.0
  12:04:06.343    -4.2  1299.1     89.6   680.0
  12:04:06.375    -4.2  1301.4     89.6   680.0
  12:04:06.421    -4.2  1303.8     89.6   680.0
  12:04:06.453    -4.2  1303.8     89.6   680.0
  12:04:06.500    -4.2  1306.1     89.6   680.0
  12:04:06.515    -4.1  1308.5     89.6   680.0
  12:04:06.578    -4.1  1310.9     89.6   680.0
  12:04:06.609    -4.1  1313.1     89.6   680.0
  12:04:06.656    -4.1  1315.5     89.6   680.0
  12:04:06.703    -4.1  1315.5     89.6   680.0
  12:04:06.734    -4.1  1317.8     89.6   680.0
  12:04:06.781    -4.1  1320.1     89.6   680.0
  12:04:06.828    -4.1  1322.6     89.6   680.0
  12:04:06.875    -4.0  1324.9     89.6   740.0
  12:04:06.906    -4.0  1327.1     89.6   680.0
  12:04:06.968    -4.0  1329.5     89.6   740.0
  12:04:07.000    -4.0  1331.9     89.6   770.0
  12:04:07.031    -4.0  1334.2     89.6   770.0
  12:04:07.078    -4.0  1334.2     89.6   960.0
  12:04:40.000   644.8  1838.8      0.0   980.0
  12:04:40.046   647.2  1838.8      0.0   980.0
  12:04:40.078   647.2  1838.8      0.0   880.0
  12:04:40.125   649.5  1838.8      0.0   770.0
  12:04:40.171   651.9  1838.8      0.0   770.0
  12:04:40.218   654.2  1838.8      0.0   680.0
  12:04:40.250   656.5  1838.8      0.0   640.0
  12:04:40.296   658.9  1838.8      0.0   640.0
  12:04:40.343   661.2  1838.8      0.0   580.0
  12:04:40.390   663.6  1838.8      0.0   580.0
  12:04:40.437   665.9  1838.8      0.0   580.0
  12:04:40.468   668.2  1838.8      0.0   560.0
  12:04:40.515   668.2  1838.8      0.0   530.0
  12:04:40.562   670.6  1838.8      0.0   530.0
  12:04:40.609   672.9  1838.8      0.0   510.0
  12:04:40.640   675.3  1838.8      0.0   500.0
  12:04:40.687   677.6  1838.8      0.0   500.0
  12:04:40.734   679.9  1838.8      0.0   470.0
  12:04:40.781   682.3  1838.8      0.0   460.0
  12:04:40.812   684.6  1838.8      0.0   460.0
  12:04:40.859   686.9  1838.8      0.0   440.0
  12:04:40.906   689.2  1838.8      0.0   430.0
  12:04:40.953   689.2  1838.8      0.0   430.0
  12:04:40.984   691.6  1838.8      0.0   430.0
  12:04:41.031   694.0  1838.8      0.0   430.0
  12:04:41.078   696.3  1838.8      0.0   430.0
  12:04:41.125   698.8  1838.8      0.0   430.0
  12:04:41.156   701.1  1838.8      0.0   430.0
  12:04:41.203   703.3  1838.8      0.0   430.0
  12:04:41.250   705.7  1838.8      0.0   430.0
  12:04:41.296   705.7  1838.8      0.0   430.0
  12:04:41.328   710.3  1838.8      0.0   430.0
  12:04:41.375   710.3  1838.8      0.0   430.0
  12:04:41.406   712.7  1838.8      0.0   430.0
  12:04:41.453   715.0  1838.8      0.0   430.0
  12:04:41.500   717.3  1838.8      0.0   430.0
  12:04:41.531   719.7  1838.8      0.0   430.0
  12:04:41.578   722.1  1838.8      0.0   430.0
  12:04:41.625   722.1  1838.8      0.0   430.0
  12:04:41.656   724.5  1838.8      0.0   430.0
  12:04:41.718   726.7  1838.8      0.0   430.0
  12:04:41.750   729.1  1838.8      0.0   430.0
  12:04:41.796   731.5  1838.8      0.0   430.0
  12:04:41.843   733.7  1838.8      0.0   430.0
  12:04:41.875   736.1  1838.8      0.0   430.0
  12:04:41.921   738.5  1838.8      0.0   430.0
  12:04:41.968   740.8  1838.8      0.0   440.0
  12:04:42.000   743.1  1838.8      0.0   440.0
  12:04:42.046   743.1  1838.8      0.0   440.0
  12:04:42.093   745.4  1838.8      0.0   440.0
  12:04:42.140   748.0  1838.8      0.0   440.0
  12:04:42.171   750.2  1838.8      0.0   440.0
  12:04:42.218   752.5  1838.8      0.0   440.0
  12:04:42.265   754.8  1838.8      0.0   440.0
  12:04:42.312   757.2  1838.8      0.0   440.0
  12:04:42.359   759.4  1838.8      0.0   440.0
  12:04:42.390   759.4  1838.8      0.0   440.0
  12:04:42.421   761.7  1838.8      0.0   440.0
  12:04:42.468   764.1  1838.8      0.0   440.0
  12:04:42.515   766.5  1838.8      0.0   440.0
  12:04:42.562   768.8  1838.8      0.0   440.0
  12:04:42.609   771.2  1838.8      0.0   440.0
  12:04:42.640   773.5  1838.8      0.0   440.0
  12:04:42.687   775.8  1838.8      0.0   440.0
  12:04:42.734   778.2  1838.8      0.0   440.0
  12:04:42.750   778.2  1838.8      0.0   440.0
  12:04:42.796   780.6  1838.8      0.0   440.0
  12:04:42.828   782.9  1838.8      0.0   440.0
  12:04:42.875   785.2  1838.8      0.0   450.0
  12:04:42.921   787.5  1838.8      0.0   440.0
  12:04:42.968   790.0  1838.8      0.0   440.0
  12:04:43.015   792.2  1838.8      0.0   440.0
  12:04:43.062   792.2  1838.8      0.0   440.0
  12:04:43.093   794.5  1838.8      0.0   440.0
  12:04:43.140   796.9  1838.8      0.0   450.0
  12:04:43.187   799.3  1838.8      0.0   450.0
  12:04:43.234   801.6  1838.8      0.0   450.0
  12:04:43.265   803.9  1838.8      0.0   440.0
  12:04:43.312   806.3  1838.8      0.0   440.0
  12:04:43.359   808.6  1838.9      0.0   440.0
  12:04:43.406   811.0  1838.9      0.0   440.0
  12:04:43.437   813.2  1838.9      0.0   440.0
  12:04:43.484   813.2  1838.9      0.0   440.0
  12:04:43.531   815.6  1838.9      0.0   440.0
  12:04:43.578   817.9  1838.9      0.0   440.0
  12:04:43.625   820.2  1838.9      0.0   450.0
  12:04:43.656   822.6  1838.9      0.0   450.0
  12:04:43.703   825.0  1838.9      0.0   440.0
  12:04:43.765   827.4  1838.9      0.0   450.0
  12:04:43.796   829.7  1838.9      0.0   450.0
  12:04:43.828   832.0  1838.9      0.0   450.0
  12:04:43.875   834.3  1838.9      0.0   450.0
  12:04:43.921   836.7  1838.9      0.0   450.0
  12:04:43.968   836.7  1838.9      0.0   450.0
  12:04:44.000   839.8  1838.9      0.0   450.0
  12:04:44.046   842.2  1838.9      0.0   450.0
  12:04:44.093   844.5  1838.9      0.0   450.0
  12:04:44.140   846.7  1838.9      0.0   450.0
  12:04:44.171   849.1  1838.9      0.0   450.0
  12:04:44.218   849.1  1838.9      0.0   450.0
  12:04:44.265   851.5  1838.9      0.0   450.0
  12:04:44.312   853.9  1838.9      0.0   450.0
  12:04:44.375   858.6  1838.9      0.0   450.0
  12:04:44.390   858.6  1838.9      0.0   450.0
  12:04:44.421   860.9  1838.9      0.0   450.0
  12:04:44.468   863.2  1838.9      0.0   450.0
  12:04:44.515   865.5  1838.9      0.0   450.0
  12:04:44.562   867.9  1838.9      0.0   460.0
  12:04:44.593   867.9  1838.9      0.0   460.0
  12:04:44.640   870.2  1838.9      0.0   460.0
  12:04:44.687   872.6  1838.9      0.0   460.0
  12:04:44.765   874.9  1838.9      0.0   460.0
  12:04:44.781   877.9  1838.9      0.0   460.0
  12:04:44.812   880.3  1838.9      0.0   460.0
  12:04:44.859   880.3  1838.9      0.0   460.0
  12:04:44.906   882.7  1838.9      0.0   460.0
  12:04:44.953   885.1  1838.9      0.0   460.0
  12:04:44.984   887.4  1838.9      0.0   460.0
  12:04:45.031   889.7  1838.9      0.0   460.0
  12:04:45.078   892.1  1838.9      0.0   460.0
  12:04:45.125   894.3  1838.9      0.0   460.0
  12:04:45.171   894.3  1838.9      0.0   460.0
  12:04:45.203   896.8  1838.9      0.0   460.0
  12:04:45.250   899.8  1838.9      0.0   460.0
  12:04:45.296   902.2  1838.9      0.0   460.0
  12:04:45.328   904.6  1838.9      0.0   460.0
  12:04:45.375   906.9  1838.9      0.0   460.0
  12:04:45.421   909.2  1838.9      0.0   460.0
  12:04:45.468   911.6  1838.9      0.0   460.0
  12:04:45.500   913.8  1838.9      0.0   460.0
  12:04:45.546   916.1  1838.9      0.0   460.0
  12:04:45.593   916.1  1838.9      0.0   460.0
  12:04:45.640   918.5  1838.9      0.0   460.0
  12:04:45.687   920.8  1838.9      0.0   460.0
  12:04:45.718   923.3  1838.9      0.0   460.0
  12:04:45.781   925.6  1838.9      0.0   460.0
  12:04:45.812   928.0  1838.9      0.0   470.0
  12:04:45.859   930.2  1838.9      0.0   460.0
  12:04:45.906   932.5  1838.9      0.0   460.0
  12:04:45.937   934.9  1838.9      0.0   470.0
  12:04:45.984   937.3  1838.9      0.0   470.0
  12:04:46.031   937.3  1838.9      0.0   460.0
  12:04:46.062   939.5  1838.9      0.0   470.0
  12:04:46.109   941.9  1838.9      0.0   470.0
  12:04:46.156   944.3  1838.9      0.0   460.0
  12:04:46.203   946.6  1838.9      0.0   470.0
  12:04:46.234   948.9  1838.9      0.0   460.0
  12:04:46.281   951.2  1838.9      0.0   460.0
  12:04:46.328   953.7  1838.9      0.0   460.0
  12:04:46.375   956.0  1838.9      0.0   430.0
  12:04:46.421   958.4  1838.9      0.0   420.0
  12:04:46.453   958.4  1838.9      0.0   420.0
  12:04:46.500   960.7  1838.9      0.0   400.0
  12:04:46.546   963.0  1838.9      0.0   390.0
  12:04:46.593   965.3  1838.9      0.0   390.0
  12:04:46.625   967.7  1838.9      0.0   380.0
  12:04:46.671   970.0  1838.9      0.0   380.0
  12:04:46.718   972.3  1838.9      0.0   380.0
  12:04:46.765   974.7  1838.9      0.0   380.0
  12:04:46.796   977.0  1838.9      0.0   380.0
  12:04:46.843   979.4  1838.9      0.0   380.0
  12:04:46.890   979.4  1838.9      0.0   370.0
  12:04:46.937   981.7  1838.9      0.0   370.0
  12:04:46.984   984.0  1838.9      0.0   380.0
  12:04:47.015   986.4  1838.9      0.0   370.0
  12:04:47.062   988.7  1838.9      0.0   370.0
  12:04:47.109   991.1  1838.9      0.0   380.0
  12:04:47.156   993.4  1838.9      0.0   370.0
  12:04:47.187   995.7  1838.9      0.0   370.0
  12:04:47.234   998.1  1838.9      0.0   380.0
  12:04:47.281  1000.4  1838.9      0.0   380.0
  12:04:47.312  1000.4  1838.9      0.0   370.0
  12:04:47.375  1005.1  1838.9      0.0   380.0
  12:04:47.406  1005.1  1838.9      0.0   380.0
  12:04:47.453  1007.4  1838.9      0.0   370.0
  12:04:47.500  1009.7  1838.9      0.0   380.0
  12:04:47.531  1012.2  1838.9      0.0   380.0
  12:04:47.578  1014.5  1838.9      0.0   370.0
  12:04:47.625  1016.8  1838.9      0.0   370.0
  12:04:47.671  1019.2  1838.9      0.0   370.0
  12:04:47.718  1021.5  1838.9      0.0   370.0
  12:04:47.765  1023.8  1838.9      0.0   370.0
  12:04:47.796  1023.8  1838.9      0.0   380.0
  12:04:47.843  1026.1  1838.9      0.0   380.0
  12:04:47.890  1028.4  1838.9      0.0   380.0
  12:04:47.937  1030.8  1838.9      0.0   370.0
  12:04:47.968  1033.3  1838.9      0.0   370.0
  12:04:48.015  1035.5  1838.9      0.0   380.0
  12:04:48.062  1038.6  1838.9      0.0   370.0
  12:04:48.109  1038.6  1838.9      0.0   370.0
  12:04:48.140  1041.0  1838.9      0.0   380.0
  12:04:48.187  1043.3  1838.9      0.0   380.0
  12:04:48.234  1045.7  1838.9      0.0   370.0
  12:04:48.281  1048.0  1838.9      0.0   380.0
  12:04:48.312  1050.4  1838.9      0.0   380.0
  12:04:48.359  1052.7  1838.9      0.0   380.0
  12:04:48.406  1054.9  1838.9      0.0   380.0
  12:04:48.453  1057.4  1838.9      0.0   380.0
  12:04:48.484  1057.4  1838.9      0.0   380.0
  12:04:48.531  1059.8  1838.9      0.0   380.0
  12:04:48.562  1062.0  1838.9      0.0   380.0
  12:04:48.593  1064.3  1838.9      0.0   380.0
  12:04:48.625  1064.3  1838.9      0.0   380.0
  12:04:48.671  1066.7  1838.9      0.0   380.0
  12:04:48.718  1069.1  1838.9      0.0   380.0
  12:04:48.765  1071.3  1838.9      0.0   380.0
  12:04:48.812  1073.7  1838.9      0.0   380.0
  12:04:48.843  1076.5  1838.9      0.0   380.0
  12:04:48.890  1078.5  1838.9      0.0   380.0
  12:04:48.921  1080.8  1838.9      0.0   390.0
  12:04:48.968  1083.1  1838.9      0.0   380.0
  12:04:49.015  1085.4  1838.9      0.0   380.0
  12:04:49.062  1085.4  1838.9      0.0   380.0
  12:04:49.109  1087.7  1838.9      0.0   380.0
  12:04:49.140  1090.1  1838.9      0.0   380.0
  12:04:49.187  1092.4  1838.9      0.0   380.0
  12:04:49.234  1094.7  1838.9      0.0   380.0
  12:04:49.265  1097.1  1838.9      0.0   380.0
  12:04:49.312  1099.5  1838.9      0.0   380.0
  12:04:49.359  1101.8  1838.9      0.0   380.0
  12:04:49.421  1104.1  1838.9      0.0   380.0
  12:04:49.437  1104.1  1838.9      0.0   380.0
  12:04:49.484  1106.4  1838.9      0.0   380.0
  12:04:49.531  1108.9  1838.9      0.0   380.0
  12:04:49.562  1111.1  1838.9      0.0   380.0
  12:04:49.609  1113.4  1838.9      0.0   380.0
  12:04:49.656  1115.9  1838.9      0.0   380.0
  12:04:49.703  1118.1  1838.9      0.0   380.0
  12:04:49.750  1120.5  1838.9      0.0   380.0
  12:04:49.781  1122.8  1838.9      0.0   380.0
  12:04:49.828  1125.3  1838.9      0.0   390.0
  12:04:49.875  1125.3  1838.9      0.0   380.0
  12:04:49.906  1127.6  1838.9      0.0   380.0
  12:04:49.937  1129.9  1838.9      0.0   390.0
  12:04:49.984  1132.2  1838.9      0.0   390.0
  12:04:50.031  1134.5  1838.9      0.0   390.0
  12:04:50.078  1136.8  1838.9      0.0   390.0
  12:04:50.109  1136.8  1838.9      0.0   390.0
  12:04:50.156  1139.1  1838.9      0.0   390.0
  12:04:50.203  1141.6  1838.9      0.0   390.0
  12:04:50.250  1143.9  1838.9      0.0   390.0
  12:04:50.296  1146.3  1838.9      0.0   390.0
  12:04:50.328  1148.6  1838.9      0.0   390.0
  12:04:50.375  1150.9  1838.9      0.0   390.0
  12:04:50.421  1153.2  1838.9      0.0   390.0
  12:04:50.453  1155.6  1838.9      0.0   390.0
  12:04:50.500  1157.9  1838.9      0.0   390.0
  12:04:50.546  1157.9  1838.9      0.0   390.0
  12:04:50.593  1160.2  1838.9      0.0   390.0
  12:04:50.640  1162.6  1838.9      0.0   390.0
  12:04:50.687  1165.1  1838.9      0.0   390.0
  12:04:50.718  1167.3  1838.9      0.0   390.0
  12:04:50.765  1169.6  1838.9      0.0   390.0
  12:04:50.812  1172.0  1838.9      0.0   390.0
  12:04:50.859  1174.5  1838.9      0.0   390.0
  12:04:50.890  1176.7  1838.9      0.0   390.0
  12:04:50.937  1179.0  1838.9      0.0   390.0
  12:04:50.984  1181.3  1838.9      0.0   390.0
  12:04:51.031  1181.3  1838.9      0.0   390.0
  12:04:51.062  1183.7  1838.9      0.0   390.0
  12:04:51.109  1185.9  1838.9      0.0   390.0
  12:04:51.156  1188.3  1838.9      0.0   390.0
  12:04:51.203  1190.7  1838.9      0.0   390.0
  12:04:51.250  1193.0  1838.9      0.0   390.0
  12:04:51.281  1195.3  1838.9      0.0   390.0
  12:04:51.328  1197.7  1838.9      0.0   390.0
  12:04:51.375  1200.1  1838.9      0.0   400.0
  12:04:51.421  1202.3  1838.9      0.0   390.0
  12:04:51.453  1204.7  1838.9      0.0   400.0
  12:04:51.500  1204.7  1838.9      0.0   400.0
  12:04:51.546  1207.2  1838.9      0.0   390.0
  12:04:51.593  1209.4  1838.9      0.0   400.0
  12:04:51.625  1211.9  1838.9      0.0   400.0
  12:04:51.671  1214.1  1838.9      0.0   400.0
  12:04:51.703  1216.4  1838.9      0.0   400.0
  12:04:51.750  1218.7  1838.9      0.0   400.0
  12:04:51.796  1221.1  1838.9      0.0   400.0
  12:04:51.828  1221.1  1838.9      0.0   400.0
  12:04:51.890  1226.0  1838.9      0.0   400.0
  12:04:51.921  1226.0  1838.9      0.0   400.0
  12:04:51.968  1228.0  1838.9      0.0   400.0
  12:04:52.000  1230.5  1838.9      0.0   400.0
  12:04:52.046  1232.7  1838.9      0.0   400.0
  12:04:52.093  1235.6  1838.9      0.0   400.0
  12:04:52.140  1237.4  1838.9      0.0   400.0
  12:04:52.187  1239.8  1838.9      0.0   400.0
  12:04:52.218  1242.2  1838.9      0.0   400.0
  12:04:52.265  1242.2  1838.9      0.0   400.0
  12:04:52.312  1244.5  1838.9      0.0   400.0
  12:04:52.359  1246.8  1838.9      0.0   400.0
  12:04:52.390  1249.2  1838.9      0.0   400.0
  12:04:52.437  1251.4  1838.9      0.0   400.0
  12:04:52.484  1253.9  1838.9      0.0   400.0
  12:04:52.531  1256.2  1838.9      0.0   410.0
  12:04:52.562  1258.6  1838.9      0.0   410.0
  12:04:52.609  1260.8  1838.9      0.0   410.0
  12:04:52.656  1263.1  1838.9      0.0   410.0
  12:04:52.703  1263.1  1838.9      0.0   400.0
  12:04:52.750  1266.3  1838.9      0.0   410.0
  12:04:52.781  1268.7  1838.9      0.0   410.0
  12:04:52.828  1271.1  1838.9      0.0   400.0
  12:04:52.875  1273.4  1838.9      0.0   410.0
  12:04:52.921  1275.6  1838.9      0.0   410.0
  12:04:52.953  1275.6  1838.9      0.0   410.0
  12:04:53.000  1278.1  1838.9      0.0   410.0
  12:04:53.046  1280.3  1838.9      0.0   410.0
  12:04:53.093  1282.7  1838.9      0.0   410.0
  12:04:53.140  1285.2  1838.9      0.0   410.0
  12:04:53.171  1287.4  1838.9      0.0   420.0
  12:04:53.218  1289.7  1838.9      0.0   420.0
  12:04:53.265  1292.1  1838.9      0.0   420.0
  12:04:53.312  1292.1  1838.9      0.0   430.0
  12:04:53.359  1294.8  1838.9      0.0   430.0
  12:04:53.390  1297.5  1838.9      0.0   470.0
  12:04:53.437  1299.8  1838.9      0.0   630.0
  12:04:53.484  1302.2  1838.9      0.0   630.0
  12:04:53.515  1304.7  1838.9      0.0   850.0
  12:04:53.562  1306.9  1838.9      0.0   870.0
  12:04:53.609  1309.3  1838.9      0.0   870.0
  12:05:25.968  1838.0  1178.9    -90.0  1080.0
  12:05:26.015  1838.0  1176.6    -90.0  1040.0
  12:05:26.062  1838.0  1174.3    -90.0  1040.0
  12:05:26.109  1838.0  1171.9    -90.0   970.0
  12:05:26.140  1838.0  1169.6    -90.0   970.0
  12:05:26.187  1838.0  1167.3    -90.0   970.0
  12:05:26.234  1838.0  1164.9    -90.0   670.0
  12:05:26.281  1838.0  1162.6    -90.0   620.0
  12:05:26.312  1838.0  1162.6    -90.0   620.0
  12:05:26.359  1838.0  1160.2    -90.0   590.0
  12:05:26.406  1838.0  1157.8    -90.0   550.0
  12:05:26.453  1838.0  1155.1    -90.0   550.0
  12:05:26.484  1838.0  1153.2    -90.0   590.0
  12:05:26.531  1838.0  1150.8    -90.0   520.0
  12:05:26.578  1838.0  1148.5    -90.0   520.0
  12:05:26.625  1838.0  1145.9    -90.0   470.0
  12:05:26.671  1838.0  1143.9    -90.0   460.0
  12:05:26.703  1838.0  1141.6    -90.0   460.0
  12:05:26.750  1838.0  1141.6    -90.0   430.0
  12:05:26.796  1838.0  1136.9    -90.0   420.0
  12:05:26.843  1838.0  1136.9    -90.0   420.0
  12:05:26.890  1838.0  1134.5    -90.0   410.0
  12:05:26.921  1838.0  1132.2    -90.0   400.0
  12:05:26.968  1838.0  1129.9    -90.0   400.0
  12:05:27.015  1838.0  1127.5    -90.0   400.0
  12:05:27.046  1838.0  1125.2    -90.0   400.0
  12:05:27.093  1838.0  1122.8    -90.0   400.0
  12:05:27.140  1838.0  1120.5    -90.0   390.0
  12:05:27.187  1838.0  1118.2    -90.0   390.0
  12:05:27.218  1838.0  1118.2    -90.0   390.0
  12:05:27.265  1838.0  1115.6    -90.0   390.0
  12:05:27.312  1838.0  1113.4    -90.0   390.0
  12:05:27.359  1838.0  1111.1    -90.0   390.0
  12:05:27.406  1838.0  1108.8    -90.0   390.0
  12:05:27.437  1838.0  1106.5    -90.0   390.0
  12:05:27.484  1838.0  1104.1    -90.0   390.0
  12:05:27.515  1838.0  1101.8    -90.0   400.0
  12:05:27.562  1838.0  1099.4    -90.0   400.0
  12:05:27.625  1838.0  1097.2    -90.0   400.0
  12:05:27.656  1838.0  1097.2    -90.0   400.0
  12:05:27.703  1838.0  1094.7    -90.0   400.0
  12:05:27.734  1838.0  1092.4    -90.0   400.0
  12:05:27.781  1838.0  1090.0    -90.0   400.0
  12:05:27.828  1838.0  1087.8    -90.0   400.0
  12:05:27.875  1838.0  1085.3    -90.0   400.0
  12:05:27.921  1838.0  1082.9    -90.0   400.0
  12:05:27.953  1838.0  1080.8    -90.0   400.0
  12:05:28.000  1838.0  1078.3    -90.0   400.0
  12:05:28.031  1838.0  1078.3    -90.0   400.0
  12:05:28.078  1838.0  1076.1    -90.0   400.0
  12:05:28.125  1838.0  1073.7    -90.0   400.0
  12:05:28.171  1838.0  1071.4    -90.0   400.0
  12:05:28.218  1838.0  1069.0    -90.0   400.0
  12:05:28.250  1838.0  1066.7    -90.0   400.0
  12:05:28.296  1838.0  1064.3    -90.0   400.0
  12:05:28.343  1838.0  1062.0    -90.0   400.0
  12:05:28.375  1838.0  1059.7    -90.0   400.0
  12:05:28.437  1838.0  1057.0    -90.0   400.0
  12:05:28.468  1838.0  1057.0    -90.0   400.0
  12:05:28.500  1838.0  1055.0    -90.0   400.0
  12:05:28.546  1838.0  1052.7    -90.0   400.0
  12:05:28.593  1838.0  1050.2    -90.0   400.0
  12:05:28.640  1838.0  1048.0    -90.0   400.0
  12:05:28.687  1838.0  1045.5    -90.0   400.0
  12:05:28.718  1838.0  1043.3    -90.0   400.0
  12:05:28.765  1838.0  1040.9    -90.0   400.0
  12:05:28.812  1838.0  1038.6    -90.0   400.0
  12:05:28.859  1838.0  1036.3    -90.0   400.0
  12:05:28.890  1838.0  1036.3    -90.0   410.0
  12:05:28.937  1838.0  1033.9    -90.0   400.0
  12:05:28.984  1838.0  1031.6    -90.0   400.0
  12:05:29.031  1838.0  1029.2    -90.0   410.0
  12:05:29.078  1838.0  1026.9    -90.0   410.0
  12:05:29.109  1838.0  1024.5    -90.0   400.0
  12:05:29.156  1838.0  1022.2    -90.0   410.0
  12:05:29.203  1838.0  1020.0    -90.0   410.0
  12:05:29.250  1838.0  1017.4    -90.0   410.0
  12:05:29.281  1838.0  1017.4    -90.0   410.0
  12:05:29.328  1838.0  1015.2    -90.0   410.0
  12:05:29.375  1838.0  1012.8    -90.0   410.0
  12:05:29.421  1838.0  1010.5    -90.0   410.0
  12:05:29.453  1838.0  1008.2    -90.0   410.0
  12:05:29.500  1838.0  1005.8    -90.0   410.0
  12:05:29.546  1838.0  1003.6    -90.0   410.0
  12:05:29.593  1838.0  1001.2    -90.0   410.0
  12:05:29.625  1838.0   998.9    -90.0   410.0
  12:05:29.671  1838.0   996.4    -90.0   410.0
  12:05:29.718  1838.0   996.4    -90.0   410.0
  12:05:29.765  1838.0   994.2    -90.0   410.0
  12:05:29.812  1838.0   991.8    -90.0   410.0
  12:05:29.859  1838.0   989.5    -90.0   410.0
  12:05:29.890  1838.0   986.9    -90.0   410.0
  12:05:29.937  1838.0   984.7    -90.0   410.0
  12:05:29.984  1838.0   982.4    -90.0   420.0
  12:05:30.015  1838.0   980.1    -90.0   410.0
  12:05:30.062  1838.0   977.7    -90.0   420.0
  12:05:30.109  1838.0   975.5    -90.0   420.0
  12:05:30.156  1838.0   973.2    -90.0   420.0
  12:05:30.203  1838.0   973.2    -90.0   420.0
  12:05:30.234  1838.0   970.8    -90.0   420.0
  12:05:30.281  1838.0   968.3    -90.0   420.0
  12:05:30.328  1838.0   966.0    -90.0   420.0
  12:05:30.375  1838.0   963.7    -90.0   420.0
  12:05:30.406  1838.0   961.4    -90.0   420.0
  12:05:30.453  1838.0   959.1    -90.0   420.0
  12:05:30.500  1838.0   956.8    -90.0   420.0
  12:05:30.531  1838.0   954.4    -90.0   420.0
  12:05:30.578  1838.0   954.4    -90.0   420.0
  12:05:30.625  1838.0   952.1    -90.0   420.0
  12:05:30.687  1838.0   949.7    -90.0   420.0
  12:05:30.718  1838.0   946.8    -90.0   420.0
  12:05:30.750  1838.0   944.2    -90.0   420.0
  12:05:30.796  1838.0   941.9    -90.0   420.0
  12:05:30.843  1838.0   939.5    -90.0   420.0
  12:05:30.890  1838.0   937.2    -90.0   420.0
  12:05:30.921  1838.0   937.2    -90.0   420.0
  12:05:30.968  1838.0   934.9    -90.0   430.0
  12:05:31.015  1838.0   932.6    -90.0   430.0
  12:05:31.062  1838.0   930.2    -90.0   430.0
  12:05:31.093  1838.0   927.7    -90.0   430.0
  12:05:31.140  1838.0   925.5    -90.0   430.0
  12:05:31.187  1838.0   923.1    -90.0   430.0
  12:05:31.234  1838.0   920.8    -90.0   430.0
  12:05:31.281  1838.0   920.8    -90.0   430.0
  12:05:31.312  1838.0   916.1    -90.0   430.0
  12:05:31.359  1838.0   916.1    -90.0   430.0
  12:05:31.406  1838.0   913.8    -90.0   430.0
  12:05:31.453  1838.0   911.4    -90.0   430.0
  12:05:31.484  1838.0   909.2    -90.0   430.0
  12:05:31.531  1838.0   906.8    -90.0   430.0
  12:05:31.578  1838.0   904.5    -90.0   430.0
  12:05:31.625  1838.0   902.2    -90.0   430.0
  12:05:31.656  1838.0   899.9    -90.0   430.0
  12:05:31.703  1838.0   897.5    -90.0   430.0
  12:05:31.750  1838.0   895.1    -90.0   430.0
  12:05:31.781  1838.0   895.1    -90.0   430.0
  12:05:31.828  1838.0   892.8    -90.0   430.0
  12:05:31.890  1838.0   890.4    -90.0   430.0
  12:05:31.921  1838.0   887.6    -90.0   430.0
  12:05:31.968  1838.0   885.7    -90.0   430.0
  12:05:32.015  1838.0   883.5    -90.0   440.0
  12:05:32.046  1838.0   881.1    -90.0   440.0
  12:05:32.093  1838.0   878.6    -90.0   430.0
  12:05:32.140  1838.0   876.4    -90.0   440.0
  12:05:32.171  1838.0   874.1    -90.0   440.0
  12:05:32.218  1838.0   874.1    -90.0   440.0
  12:05:32.265  1838.0   871.8    -90.0   440.0
  12:05:32.312  1838.0   869.0    -90.0   440.0
  12:05:32.359  1838.0   866.2    -90.0   440.0
  12:05:32.390  1838.0   863.9    -90.0   440.0
  12:05:32.437  1838.0   861.5    -90.0   440.0
  12:05:32.500  1838.0   859.3    -90.0   440.0
  12:05:32.531  1838.0   859.3    -90.0   440.0
  12:05:32.562  1838.0   857.0    -90.0   440.0
  12:05:32.609  1838.0   854.6    -90.0   440.0
  12:05:32.656  1838.0   852.2    -90.0   440.0
  12:05:32.703  1838.0   849.9    -90.0   440.0
  12:05:32.734  1838.0   847.5    -90.0   440.0
  12:05:32.781  1838.0   845.2    -90.0   440.0
  12:05:32.828  1838.0   842.8    -90.0   440.0
  12:05:32.875  1838.0   840.5    -90.0   440.0
  12:05:32.921  1838.0   838.2    -90.0   440.0
  12:05:32.953  1838.0   838.2    -90.0   440.0
  12:05:33.000  1838.0   835.8    -90.0   440.0
  12:05:33.046  1838.0   833.6    -90.0   440.0
  12:05:33.093  1838.0   831.2    -90.0   440.0
  12:05:33.125  1838.0   828.8    -90.0   440.0
  12:05:33.171  1838.0   826.6    -90.0   440.0
  12:05:33.218  1838.0   824.2    -90.0   450.0
  12:05:33.250  1838.0   821.9    -90.0   450.0
  12:05:33.296  1838.0   819.3    -90.0   450.0
  12:05:33.343  1838.0   817.1    -90.0   450.0
  12:05:33.390  1838.0   817.1    -90.0   450.0
  12:05:33.437  1838.0   814.8    -90.0   450.0
  12:05:33.484  1838.0   812.4    -90.0   450.0
  12:05:33.515  1838.0   810.1    -90.0   450.0
  12:05:33.562  1838.0   807.9    -90.0   450.0
  12:05:33.609  1838.0   805.4    -90.0   450.0
  12:05:33.640  1838.0   803.1    -90.0   450.0
  12:05:33.687  1838.0   800.7    -90.0   450.0
  12:05:33.734  1838.0   798.5    -90.0   450.0
  12:05:33.781  1838.0   798.5    -90.0   450.0
  12:05:33.812  1838.0   796.1    -90.0   450.0
  12:05:33.859  1838.0   793.8    -90.0   450.0
  12:05:33.890  1838.0   791.5    -90.0   450.0
  12:05:33.937  1838.0   789.0    -90.0   450.0
  12:05:33.984  1838.0   786.8    -90.0   450.0
  12:05:34.031  1838.0   784.4    -90.0   450.0
  12:05:34.062  1838.0   782.1    -90.0   450.0
  12:05:34.109  1838.0   782.1    -90.0   450.0
  12:05:34.156  1838.0   779.7    -90.0   450.0
  12:05:34.203  1838.0   777.4    -90.0   460.0
  12:05:34.234  1838.0   775.0    -90.0   460.0
  12:05:34.281  1838.0   772.7    -90.0   450.0
  12:05:34.328  1838.0   770.4    -90.0   460.0
  12:05:34.375  1838.0   768.0    -90.0   460.0
  12:05:34.406  1838.0   765.7    -90.0   450.0
  12:05:34.453  1838.0   763.4    -90.0   450.0
  12:05:34.500  1838.0   761.0    -90.0   460.0
  12:05:34.546  1838.0   761.0    -90.0   460.0
  12:05:34.578  1838.0   758.5    -90.0   460.0
  12:05:34.593  1838.0   756.3    -90.0   460.0
  12:05:34.640  1838.0   753.9    -90.0   460.0
  12:05:34.687  1838.0   753.9    -90.0   460.0
  12:05:34.734  1838.0   751.6    -90.0   460.0
  12:05:34.765  1838.0   748.9    -90.0   460.0
  12:05:34.796  1838.0   746.2    -90.0   460.0
  12:05:34.843  1838.0   743.8    -90.0   470.0
  12:05:34.890  1838.0   741.5    -90.0   460.0
  12:05:34.937  1838.0   741.5    -90.0   460.0
  12:05:34.984  1838.0   739.1    -90.0   460.0
  12:05:35.015  1838.0   736.9    -90.0   460.0
  12:05:35.062  1838.0   734.6    -90.0   460.0
  12:05:35.109  1838.0   732.1    -90.0   470.0
  12:05:35.156  1838.0   729.8    -90.0   460.0
  12:05:35.187  1838.0   727.5    -90.0   470.0
  12:05:35.234  1838.0   725.2    -90.0   460.0
  12:05:35.281  1838.0   722.8    -90.0   460.0
  12:05:35.328  1838.0   722.8    -90.0   460.0
  12:05:35.359  1838.0   720.4    -90.0   470.0
  12:05:35.406  1838.0   718.2    -90.0   470.0
  12:05:35.453  1838.0   715.8    -90.0   470.0
  12:05:35.500  1838.0   713.4    -90.0   470.0
  12:05:35.531  1838.0   711.1    -90.0   470.0
  12:05:35.578  1838.0   708.7    -90.0   470.0
  12:05:35.625  1838.0   706.4    -90.0   470.0
  12:05:35.671  1838.0   704.1    -90.0   470.0
  12:05:35.703  1838.0   701.8    -90.0   470.0
  12:05:35.765  1838.0   701.8    -90.0   470.0
  12:05:35.796  1838.0   698.5    -90.0   470.0
  12:05:35.843  1838.0   696.3    -90.0   470.0
  12:05:35.890  1838.0   694.0    -90.0   470.0
  12:05:35.921  1838.0   691.7    -90.0   470.0
  12:05:35.968  1838.0   691.7    -90.0   470.0
  12:05:36.015  1838.0   688.6    -90.0   470.0
  12:05:36.046  1838.0   686.2    -90.0   470.0
  12:05:36.093  1838.0   683.9    -90.0   480.0
  12:05:36.140  1838.0   681.4    -90.0   480.0
  12:05:36.187  1838.0   679.1    -90.0   470.0
  12:05:36.218  1838.0   676.8    -90.0   480.0
  12:05:36.265  1838.0   674.4    -90.0   470.0
  12:05:36.312  1838.0   672.1    -90.0   470.0
  12:05:36.359  1838.0   672.1    -90.0   480.0
  12:05:36.406  1838.0   669.8    -90.0   470.0
  12:05:36.437  1838.0   667.5    -90.0   470.0
  12:05:36.484  1838.0   665.2    -90.0   480.0
  12:05:36.531  1838.0   662.8    -90.0   480.0
  12:05:36.578  1838.0   659.9    -90.0   470.0
  12:05:36.625  1838.0   659.9    -90.0   480.0
  12:05:36.656  1838.0   657.3    -90.0   480.0
  12:05:36.703  1838.0   655.0    -90.0   480.0
  12:05:36.750  1838.0   652.6    -90.0   480.0
  12:05:36.796  1838.0   650.2    -90.0   480.0
  12:05:36.843  1838.0   648.0    -90.0   480.0
  12:05:36.875  1838.0   645.6    -90.0   480.0
  12:05:36.921  1838.0   643.2    -90.0   490.0
  12:05:36.968  1838.0   641.0    -90.0   480.0
  12:05:37.015  1838.0   638.6    -90.0   490.0
  12:05:37.046  1838.0   636.3    -90.0   490.0
  12:05:37.093  1838.0   633.9    -90.0   490.0
  12:05:37.140  1838.0   633.9    -90.0   500.0
  12:05:37.187  1838.0   631.5    -90.0   570.0
  12:05:37.234  1838.0   629.2    -90.0   570.0
  12:05:37.265  1838.0   626.8    -90.0   630.0
  12:05:37.312  1838.0   624.6    -90.0   820.0
  12:05:37.359  1838.0   622.2    -90.0   820.0
  12:05:37.406  1838.0   619.8    -90.0   980.0
  12:05:37.437  1838.0   617.5    -90.0  1100.0
  12:05:37.484  1838.0   615.2    -90.0  1100.0
  12:06:12.625  1137.0     0.5    180.0   890.0
  12:06:12.671  1134.7     0.5    180.0   890.0
  12:06:12.718  1132.3     0.5    180.0   950.0
  12:06:12.750  1129.9     0.5    180.0   850.0
  12:06:12.796  1127.6     0.5    180.0   950.0
  12:06:12.890  1123.0     0.5    180.0   850.0
  12:06:12.921  1123.0     0.5    180.0   850.0
  12:06:12.968  1120.6     0.5    180.0   960.0
  12:06:13.015  1118.3     0.5    180.0   810.0
  12:06:13.062  1115.9     0.5    180.0   810.0
  12:06:13.109  1113.7     0.5    180.0   770.0
  12:06:13.140  1111.2     0.5    180.0   770.0
  12:06:13.187  1108.9     0.5    180.0   810.0
  12:06:13.234  1106.6     0.5    180.0   770.0
  12:06:13.281  1104.2     0.5    180.0   690.0
  12:06:13.328  1101.9     0.5    180.0   690.0
  12:06:13.359  1099.7     0.5    180.0   690.0
  12:06:13.406  1099.7     0.5    180.0   690.0
  12:06:13.453  1097.3     0.5    180.0   690.0
  12:06:13.484  1095.0     0.5    180.0   720.0
  12:06:13.531  1092.6     0.5    180.0   690.0
  12:06:13.578  1090.2     0.5    180.0   690.0
  12:06:13.625  1088.0     0.5    180.0   640.0
  12:06:13.656  1085.6     0.5    180.0   640.0
  12:06:13.703  1083.3     0.5    180.0   640.0
  12:06:13.750  1080.9     0.5    180.0   610.0
  12:06:13.796  1078.5     0.5    180.0   590.0
  12:06:13.828  1078.5     0.5    180.0   610.0
  12:06:13.875  1076.2     0.5    180.0   590.0
  12:06:13.937  1073.9     0.5    180.0   540.0
  12:06:13.968  1071.3     0.5    180.0   550.0
  12:06:14.000  1069.3     0.5    180.0   540.0
  12:06:14.046  1066.9     0.5    180.0   520.0
  12:06:14.093  1064.5     0.5    180.0   520.0
  12:06:14.140  1061.8     0.5    180.0   500.0
  12:06:14.187  1059.8     0.5    180.0   490.0
  12:06:14.218  1059.8     0.5    180.0   490.0
  12:06:14.265  1057.5     0.5    180.0   490.0
  12:06:14.312  1055.2     0.5    180.0   490.0
  12:06:14.343  1052.9     0.5    180.0   490.0
  12:06:14.390  1050.5     0.5    180.0   490.0
  12:06:14.437  1048.0     0.5    180.0   490.0
  12:06:14.531  1043.5     0.5    180.0   490.0
  12:06:14.562  1041.1     0.5    180.0   480.0
  12:06:14.609  1038.7     0.5    180.0   480.0
  12:06:14.656  1038.7     0.5    180.0   480.0
  12:06:14.687  1036.4     0.5    180.0   480.0
  12:06:14.734  1034.0     0.5    180.0   480.0
  12:06:14.781  1031.7     0.5    180.0   480.0
  12:06:14.828  1029.4     0.5    180.0   480.0
  12:06:14.875  1027.1     0.5    180.0   480.0
  12:06:14.906  1024.8     0.5    180.0   480.0
  12:06:14.953  1022.4     0.5    180.0   480.0
  12:06:15.000  1020.1     0.5    180.0   480.0
  12:06:15.046  1017.7     0.5    180.0   480.0
  12:06:15.078  1015.3     0.5    180.0   490.0
  12:06:15.140  1013.0     0.5    180.0   480.0
  12:06:15.171  1013.0     0.5    180.0   490.0
  12:06:15.218  1010.7     0.5    180.0   490.0
  12:06:15.250  1008.4     0.5    180.0   490.0
  12:06:15.296  1006.1     0.5    180.0   490.0
  12:06:15.343  1003.7     0.5    180.0   490.0
  12:06:15.375  1001.3     0.5    180.0   490.0
  12:06:15.406  1001.3     0.5    180.0   490.0
  12:06:15.453   999.1     0.5    180.0   480.0
  12:06:15.500   996.5     0.5    180.0   480.0
  12:06:15.531   994.4     0.5    180.0   490.0
  12:06:15.593   992.1     0.5    180.0   480.0
  12:06:15.625   989.7     0.5    180.0   480.0
  12:06:15.671   987.3     0.5    180.0   480.0
  12:06:15.718   985.0     0.5    180.0   490.0
  12:06:15.750   985.0     0.5    180.0   480.0
  12:06:15.796   982.6     0.5    180.0   490.0
  12:06:15.843   980.2     0.5    180.0   490.0
  12:06:15.875   978.0     0.5    180.0   480.0
  12:06:15.921   975.6     0.5    180.0   490.0
  12:06:15.968   973.4     0.5    180.0   490.0
  12:06:16.015   970.9     0.5    180.0   490.0
  12:06:16.062   968.6     0.5    180.0   490.0
  12:06:16.093   966.2     0.5    180.0   490.0
  12:06:16.140   963.9     0.5    180.0   490.0
  12:06:16.187   961.6     0.5    180.0   490.0
  12:06:16.234   961.6     0.5    180.0   490.0
  12:06:16.250   959.3     0.5    180.0   490.0
  12:06:16.296   956.9     0.5    180.0   490.0
  12:06:16.343   954.6     0.5    180.0   490.0
  12:06:16.390   952.3     0.5    180.0   490.0
  12:06:16.421   949.9     0.5    180.0   490.0
  12:06:16.468   949.9     0.5    180.0   490.0
  12:06:16.515   947.5     0.5    180.0   490.0
  12:06:16.562   945.2     0.5    180.0   500.0
  12:06:16.593   942.9     0.5    180.0   490.0
  12:06:16.640   939.7     0.5    180.0   490.0
  12:06:16.687   937.4     0.5    180.0   490.0
  12:06:16.734   937.4     0.5    180.0   500.0
  12:06:16.765   935.1     0.5    180.0   490.0
  12:06:16.812   932.7     0.5    180.0   490.0
  12:06:16.859   930.5     0.5    180.0   490.0
  12:06:16.906   928.0     0.5    180.0   490.0
  12:06:16.953   925.7     0.5    180.0   490.0
  12:06:16.984   923.3     0.5    180.0   500.0
  12:06:17.031   921.0     0.5    180.0   500.0
  12:06:17.046   921.0     0.5    180.0   500.0
  12:06:17.093   918.7     0.6    180.0   500.0
  12:06:17.125   916.4     0.6    180.0   500.0
  12:06:17.171   914.0     0.6    180.0   500.0
  12:06:17.218   911.6     0.6    180.0   510.0
  12:06:17.265   909.4     0.6    180.0   500.0
  12:06:17.296   909.4     0.6    180.0   500.0
  12:06:17.343   906.9     0.6    180.0   510.0
  12:06:17.390   904.7     0.6    180.0   500.0
  12:06:17.437   901.6     0.6    180.0   500.0
  12:06:17.468   899.1     0.6    180.0   500.0
  12:06:17.515   896.9     0.6    180.0   500.0
  12:06:17.562   896.9     0.6    180.0   500.0
  12:06:17.609   894.5     0.6    180.0   510.0
  12:06:17.640   892.1     0.6    180.0   510.0
  12:06:17.687   889.9     0.6    180.0   510.0
  12:06:17.734   887.5     0.6    180.0   510.0
  12:06:17.781   885.2     0.6    180.0   510.0
  12:06:17.812   882.8     0.6    180.0   510.0
  12:06:17.859   880.5     0.6    180.0   510.0
  12:06:17.906   878.1     0.6    180.0   510.0
  12:06:17.953   875.8     0.6    180.0   510.0
  12:06:18.000   873.3     0.6    180.0   510.0
  12:06:18.046   871.1     0.6    180.0   510.0
  12:06:18.078   871.1     0.6    180.0   510.0
  12:06:18.125   868.8     0.6    180.0   510.0
  12:06:18.187   866.4     0.6    180.0   510.0
  12:06:18.218   863.4     0.6    180.0   520.0
  12:06:18.250   861.0     0.6    180.0   520.0
  12:06:18.296   858.6     0.6    180.0   520.0
  12:06:18.343   858.6     0.6    180.0   520.0
  12:06:18.390   856.3     0.6    180.0   520.0
  12:06:18.421   853.9     0.6    180.0   520.0
  12:06:18.468   851.6     0.6    180.0   520.0
  12:06:18.515   849.3     0.6    180.0   520.0
  12:06:18.546   847.0     0.6    180.0   520.0
  12:06:18.609   844.6     0.6    180.0   520.0
  12:06:18.640   842.3     0.6    180.0   520.0
  12:06:18.687   839.9     0.6    180.0   520.0
  12:06:18.718   837.5     0.6    180.0   520.0
  12:06:18.765   837.5     0.6    180.0   520.0
  12:06:18.812   835.3     0.6    180.0   520.0
  12:06:18.859   832.9     0.6    180.0   520.0
  12:06:18.890   830.6     0.6    180.0   520.0
  12:06:18.937   828.2     0.6    180.0   520.0
  12:06:18.984   826.0     0.6    180.0   520.0
  12:06:19.031   823.6     0.6    180.0   520.0
  12:06:19.078   821.2     0.6    180.0   520.0
  12:06:19.109   818.8     0.6    180.0   520.0
  12:06:19.156   816.6     0.6    180.0   520.0
  12:06:19.218   813.8     0.6    180.0   520.0
  12:06:19.250   813.8     0.6    180.0   530.0
  12:06:19.281   811.8     0.6    180.0   520.0
  12:06:19.328   809.6     0.6    180.0   520.0
  12:06:19.375   807.2     0.6    180.0   520.0
  12:06:19.421   804.8     0.6    180.0   530.0
  12:06:19.468   802.5     0.6    180.0   530.0
  12:06:19.500   800.1     0.6    180.0   530.0
  12:06:19.546   797.8     0.6    180.0   530.0
  12:06:19.593   795.5     0.6    180.0   530.0
  12:06:19.640   795.5     0.6    180.0   530.0
  12:06:19.671   793.1     0.6    180.0   520.0
  12:06:19.718   790.9     0.6    180.0   520.0
  12:06:19.750   788.4     0.6    180.0   530.0
  12:06:19.796   786.2     0.6    180.0   530.0
  12:06:19.843   783.8     0.6    180.0   520.0
  12:06:19.875   781.4     0.6    180.0   530.0
  12:06:19.921   779.1     0.6    180.0   530.0
  12:06:19.968   779.1     0.6    180.0   530.0
  12:06:20.015   776.7     0.6    180.0   530.0
  12:06:20.062   774.1     0.6    180.0   540.0
  12:06:20.093   772.1     0.6    180.0   540.0
  12:06:20.140   769.8     0.6    180.0   540.0
  12:06:20.171   767.4     0.6    180.0   540.0
  12:06:20.218   765.1     0.6    180.0   540.0
  12:06:20.265   762.8     0.6    180.0   540.0
  12:06:20.312   762.8     0.6    180.0   540.0
  12:06:20.343   760.4     0.6    180.0   540.0
  12:06:20.390   758.1     0.6    180.0   540.0
  12:06:20.437   755.7     0.6    180.0   540.0
  12:06:20.484   753.3     0.6    180.0   540.0
  12:06:20.515   751.1     0.6    180.0   540.0
  12:06:20.562   748.7     0.6    180.0   540.0
  12:06:20.609   746.3     0.6    180.0   540.0
  12:06:20.640   744.0     0.6    180.0   550.0
  12:06:20.687   741.3     0.6    180.0   560.0
  12:06:20.734   739.3     0.6    180.0   560.0
  12:06:20.781   739.3     0.6    180.0   590.0
  12:06:20.828   737.0     0.6    180.0   620.0
  12:06:20.859   734.7     0.6    180.0   620.0
  12:06:20.906   732.3     0.6    180.0   660.0
  12:06:20.953   730.0     0.6    180.0   680.0
  12:06:21.000   727.6     0.6    180.0   660.0
  12:06:21.031   725.3     0.6    180.0   680.0
  12:06:21.078   722.9     0.6    180.0   680.0
  12:06:21.125   720.6     0.6    180.0   680.0
  12:06:21.171   720.6     0.6    180.0   700.0
  12:06:21.203   718.3     0.6    180.0   680.0
  12:06:21.250   715.9     0.6    180.0   680.0
  12:06:21.296   713.4     0.6    180.0   700.0
  12:06:21.343   711.2     0.6    180.0   680.0
  12:06:21.390   709.0     0.6    180.0   680.0
  12:06:21.421   706.7     0.6    180.0   690.0
  12:06:21.468   704.2     0.6    180.0   700.0
  12:06:21.515   701.9     0.6    180.0   680.0
  12:06:21.562   699.6     0.6    180.0   700.0
  12:06:21.593   697.3     0.6    180.0   700.0
  12:06:21.640   697.3     0.6    180.0   700.0
  12:06:21.687   694.8     0.6    180.0   700.0
  12:06:21.718   692.5     0.6    180.0   690.0
  12:06:21.765   690.3     0.6    180.0   690.0
  12:06:21.812   687.9     0.6    180.0   690.0
  12:06:21.859   685.6     0.6    180.0   700.0
  12:06:21.890   683.3     0.6    180.0   700.0
  12:06:21.937   680.8     0.6    180.0   710.0
  12:06:21.984   678.5     0.6    180.0   710.0
  12:06:22.031   678.5     0.6    180.0   710.0
  12:06:22.062   676.1     0.6    180.0   710.0
  12:06:22.109   673.9     0.6    180.0   700.0
  12:06:22.156   671.5     0.6    180.0   700.0
  12:06:22.187   669.2     0.6    180.0   700.0
  12:06:22.234   666.8     0.6    180.0   700.0
  12:06:22.265   664.4     0.6    180.0   700.0
  12:06:22.312   664.4     0.6    180.0   700.0
  12:06:22.359   662.2     0.6    180.0   700.0
  12:06:22.406   659.8     0.6    180.0   700.0
  12:06:22.437   657.5     0.6    180.0   710.0
  12:06:22.484   655.2     0.6    180.0   710.0
  12:06:22.531   652.9     0.6    180.0   710.0
  12:06:22.578   650.5     0.6    180.0   720.0
  12:06:22.609   648.1     0.6    180.0   710.0
  12:06:22.671   645.8     0.6    180.0   710.0
  12:06:22.703   645.8     0.6    180.0   710.0
  12:06:22.750   642.7     0.6    180.0   710.0
  12:06:22.796   640.3     0.6    180.0   700.0
  12:06:22.828   638.0     0.6    180.0   710.0
  12:06:22.875   635.3     0.6    180.0   710.0
  12:06:22.921   635.3     0.6    180.0   710.0
  12:06:22.968   632.5     0.6    180.0   710.0
  12:06:23.000   630.2     0.6    180.0   710.0
  12:06:23.046   627.8     0.6    180.0   710.0
  12:06:23.093   625.5     0.6    180.0   710.0
  12:06:23.140   623.2     0.6    180.0   710.0
  12:06:23.187   620.9     0.6    180.0   710.0
  12:06:23.218   618.4     0.6    180.0   710.0
  12:06:23.281   616.1     0.6    180.0   720.0
  12:06:23.312   616.1     0.6    180.0   720.0
  12:06:23.359   613.0     0.6    180.0   730.0
  12:06:23.390   610.7     0.6    180.0   720.0
  12:06:23.437   608.4     0.6    180.0   720.0
  12:06:23.484   605.5     0.6    180.0   720.0
  12:06:23.531   603.7     0.6    180.0   720.0
  12:06:23.562   601.3     0.6    180.0   720.0
  12:06:23.609   601.3     0.6    180.0   720.0
  12:06:23.656   598.9     0.6    180.0   730.0
  12:06:23.703   596.6     0.6    180.0   720.0
  12:06:23.734   594.4     0.6    180.0   720.0
  12:06:23.781   591.9     0.6    180.0   710.0
  12:06:23.828   589.7     0.6    180.0   710.0
  12:06:23.875   587.3     0.6    180.0   720.0
  12:06:23.906   584.9     0.6    180.0   730.0
  12:06:23.953   582.7     0.6    180.0   730.0
  12:06:24.000   580.3     0.7    180.0   730.0
  12:06:24.046   580.3     0.7    180.0   730.0
  12:06:24.078   578.0     0.7    180.0   730.0
  12:06:24.125   575.7     0.7    180.0   730.0
  12:06:24.156   573.3     0.7    180.0   730.0
  12:06:24.203   570.9     0.7    180.0   730.0
  12:06:24.250   568.5     0.7    180.0   730.0
  12:06:24.296   566.2     0.7    180.0   730.0
  12:06:24.343   563.7     0.7    180.0   730.0
  12:06:24.375   561.5     0.7    180.0   730.0
  12:06:24.421   561.5     0.7    180.0   730.0
  12:06:24.468   559.3     0.7    180.0   720.0
  12:06:24.515   556.9     0.7    180.0   730.0
  12:06:24.546   554.5     0.7    180.0   740.0
  12:06:24.593   552.2     0.7    180.0   720.0
  12:06:24.640   549.8     0.7    180.0   730.0
  12:06:24.687   547.4     0.7    180.0   730.0
  12:06:24.718   545.1     0.7    180.0   720.0
  12:06:24.765   542.8     0.7    180.0   720.0
  12:06:24.812   542.8     0.7    180.0   730.0
  12:06:24.859   540.5     0.7    180.0   730.0
  12:06:24.890   538.2     0.7    180.0   730.0
  12:06:24.937   535.8     0.7    180.0   730.0
  12:06:24.968   533.4     0.7    180.0   730.0
  12:06:25.015   531.2     0.7    180.0   750.0
  12:06:25.062   528.9     0.7    180.0   740.0
  12:06:25.109   526.4     0.7    180.0   730.0
  12:06:25.156   524.1     0.7    180.0   730.0
  12:06:25.187   524.1     0.7    180.0   740.0
  12:06:25.234   521.7     0.7    180.0   740.0
  12:06:25.281   519.4     0.7    180.0   740.0
  12:06:25.328   517.1     0.7    180.0   740.0
  12:06:25.359   514.7     0.7    180.0   740.0
  12:06:25.406   512.4     0.7    180.0   750.0
  12:06:25.453   510.1     0.7    180.0   740.0
  12:06:25.500   507.7     0.7    180.0   740.0
  12:06:25.546   505.5     0.7    180.0   770.0
  12:06:25.578   503.1     0.7    180.0   770.0
  12:06:25.625   503.1     0.7    180.0   770.0
  12:06:25.671   500.7     0.7    180.0   840.0
  12:06:25.703   498.4     0.7    180.0   970.0
  12:06:25.750   496.0     0.7    180.0   970.0
