Лабораторная работа 1. Анализ сенсорных данных об объекте

Маршрут: квадрат
Направление движения: против часовой стрелки
Скорость движения: 50.0 мм/с
Рабочий дальномер: левый (Rf_L)
Матрица положения дальномера Rf_L:
   0.000  -1.000   0.000  -120.0
   1.000   0.000   0.000   241.0
   0.000   0.000   1.000   229.5
       0       0       0       1

Выходная информация: положение робота, данные дальномера об объекте

          Time   X_rob   Y_rob  Ang_rob    Rf_L
  чч:мм:сс.ссс      мм      мм     град      мм
  12:11:19.906   787.1   -28.9      1.6  1010.0
  12:11:19.953   789.5   -28.8      1.6   920.0
  12:11:20.000   791.9   -28.8      1.6  1010.0
  12:11:20.046   794.3   -28.7      1.6   920.0
  12:11:20.078   796.5   -28.6      1.6   820.0
  12:11:20.125   798.9   -28.6      1.6   820.0
  12:11:20.171   801.1   -28.5      1.6   660.0
  12:11:20.218   801.1   -28.5      1.6   620.0
  12:11:20.265   803.4   -28.4      1.6   620.0
  12:11:20.296   805.8   -28.4      1.6   600.0
  12:11:20.343   808.4   -28.3      1.6   600.0
  12:11:20.359   810.6   -28.2      1.6   600.0
  12:11:20.406   810.6   -28.2      1.6   590.0
  12:11:20.453   813.0   -28.2      1.6   570.0
  12:11:20.500   815.2   -28.1      1.6   570.0
  12:11:20.531   817.6   -28.0      1.6   560.0
  12:11:20.578   819.8   -28.0      1.6   550.0
  12:11:20.625   822.2   -27.9      1.6   560.0
  12:11:20.671   824.6   -27.9      1.6   560.0
  12:11:20.703   827.0   -27.8      1.6   550.0
  12:11:20.750   829.2   -27.7      1.6   550.0
  12:11:20.796   831.6   -27.7      1.6   540.0
  12:11:20.828   831.6   -27.7      1.6   530.0
  12:11:20.875   833.9   -27.6      1.6   530.0
  12:11:20.921   836.3   -27.5      1.6   510.0
  12:11:20.968   838.6   -27.5      1.6   510.0
  12:11:21.015   840.9   -27.4      1.6   510.0
  12:11:21.046   843.3   -27.3      1.6   510.0
  12:11:21.093   846.3   -27.3      1.6   510.0
  12:11:21.140   846.3   -27.3      1.6   510.0
  12:11:21.187   848.7   -27.2      1.6   500.0
  12:11:21.234   851.0   -27.1      1.6   490.0
  12:11:21.265   853.6   -27.1      1.6   490.0
  12:11:21.312   855.7   -27.0      1.6   490.0
  12:11:21.359   858.0   -26.9      1.6   480.0
  12:11:21.390   860.4   -26.9      1.6   480.0
  12:11:21.437   862.7   -26.8      1.6   480.0
  12:11:21.484   865.1   -26.7      1.6   470.0
  12:11:21.531   867.4   -26.7      1.6   470.0
  12:11:21.562   867.4   -26.7      1.6   460.0
  12:11:21.609   869.8   -26.6      1.6   460.0
  12:11:21.656   872.1   -26.5      1.6   460.0
  12:11:21.671   874.4   -26.5      1.6   450.0
  12:11:21.718   876.7   -26.4      1.6   440.0
  12:11:21.765   879.1   -26.3      1.6   440.0
  12:11:21.812   879.1   -26.3      1.6   440.0
  12:11:21.859   881.5   -26.3      1.6   430.0
  12:11:21.906   883.8   -26.2      1.6   430.0
  12:11:21.937   886.2   -26.2      1.6   430.0
  12:11:21.984   888.4   -26.1      1.6   420.0
  12:11:22.031   890.9   -26.0      1.6   420.0
  12:11:22.062   893.1   -26.0      1.6   410.0
  12:11:22.109   895.4   -25.9      1.6   410.0
  12:11:22.156   897.8   -25.8      1.6   410.0
  12:11:22.187   897.8   -25.8      1.6   400.0
  12:11:22.234   900.2   -25.8      1.6   390.0
  12:11:22.296   902.6   -25.7      1.6   390.0
  12:11:22.328   905.2   -25.6      1.6   390.0
  12:11:22.359   907.1   -25.6      1.6   380.0
  12:11:22.406   909.6   -25.5      1.6   380.0
  12:11:22.453   911.8   -25.4      1.6   380.0
  12:11:22.500   914.2   -25.4      1.6   380.0
  12:11:22.531   916.6   -25.3      1.6   380.0
  12:11:22.578   918.8   -25.2      1.6   380.0
  12:11:22.625   918.8   -25.2      1.6   380.0
  12:11:22.671   921.2   -25.2      1.6   380.0
  12:11:22.718   923.6   -25.1      1.6   380.0
  12:11:22.750   925.8   -25.1      1.6   380.0
  12:11:22.796   928.2   -25.0      1.6   380.0
  12:11:22.843   930.6   -24.9      1.6   380.0
  12:11:22.890   933.0   -24.9      1.6   380.0
  12:11:22.937   935.3   -24.8      1.6   380.0
  12:11:22.968   937.6   -24.7      1.6   380.0
  12:11:23.015   940.0   -24.7      1.6   380.0
  12:11:23.062   942.2   -24.6      1.6   390.0
  12:11:23.109   942.2   -24.6      1.6   380.0
  12:11:23.156   944.5   -24.5      1.6   380.0
  12:11:23.187   947.0   -24.5      1.6   390.0
  12:11:23.234   949.2   -24.4      1.6   390.0
  12:11:23.281   951.7   -24.3      1.6   390.0
  12:11:23.312   954.0   -24.3      1.6   390.0
  12:11:23.359   956.2   -24.2      1.6   390.0
  12:11:23.406   958.6   -24.1      1.6   390.0
  12:11:23.453   961.0   -24.1      1.6   390.0
  12:11:23.500   963.4   -24.0      1.6   390.0
  12:11:23.531   963.4   -24.0      1.6   390.0
  12:11:23.578   965.7   -23.9      1.6   390.0
  12:11:23.609   968.0   -23.9      1.6   390.0
  12:11:23.656   970.3   -23.8      1.6   390.0
  12:11:23.671   970.3   -23.8      1.6   390.0
  12:11:23.718   972.6   -23.8      1.6   390.0
  12:11:23.750   975.0   -23.7      1.6   390.0
  12:11:23.796   977.3   -23.6      1.6   390.0
  12:11:23.843   979.6   -23.6      1.6   400.0
  12:11:23.875   982.0   -23.5      1.6   400.0
  12:11:23.921   984.3   -23.4      1.6   400.0
  12:11:23.968   984.3   -23.4      1.6   400.0
  12:11:24.015   986.7   -23.4      1.6   400.0
  12:11:24.046   989.0   -23.3      1.6   400.0
  12:11:24.109   991.3   -23.2      1.6   400.0
  12:11:24.140   994.0   -23.2      1.6   400.0
  12:11:24.187   996.0   -23.1      1.6   400.0
  12:11:24.218   998.3   -23.0      1.6   400.0
  12:11:24.265  1000.7   -23.0      1.6   400.0
  12:11:24.312  1003.2   -22.9      1.6   400.0
  12:11:24.359  1005.4   -22.8      1.6   400.0
  12:11:24.390  1005.4   -22.8      1.6   400.0
  12:11:24.437  1007.8   -22.8      1.6   400.0
  12:11:24.500  1012.9   -22.6      1.6   410.0
  12:11:24.531  1012.9   -22.6      1.6   410.0
  12:11:24.578  1014.8   -22.6      1.6   410.0
  12:11:24.609  1017.1   -22.5      1.6   400.0
  12:11:24.656  1019.5   -22.5      1.6   400.0
  12:11:24.687  1021.8   -22.4      1.6   400.0
  12:11:24.718  1021.8   -22.4      1.6   410.0
  12:11:24.765  1024.1   -22.3      1.6   410.0
  12:11:24.812  1026.4   -22.3      1.6   410.0
  12:11:24.859  1028.8   -22.2      1.6   410.0
  12:11:24.890  1031.1   -22.1      1.6   410.0
  12:11:24.937  1033.6   -22.1      1.6   410.0
  12:11:24.984  1035.7   -22.0      1.6   410.0
  12:11:25.031  1038.1   -21.9      1.6   410.0
  12:11:25.062  1038.1   -21.9      1.6   410.0
  12:11:25.109  1040.4   -21.9      1.6   410.0
  12:11:25.156  1043.3   -21.8      1.6   410.0
  12:11:25.187  1046.0   -21.7      1.6   410.0
  12:11:25.234  1048.2   -21.7      1.6   410.0
  12:11:25.281  1048.2   -21.7      1.6   410.0
  12:11:25.328  1050.5   -21.6      1.6   410.0
  12:11:25.359  1052.9   -21.5      1.6   410.0
  12:11:25.406  1055.3   -21.5      1.6   410.0
  12:11:25.453  1057.7   -21.4      1.6   420.0
  12:11:25.500  1059.9   -21.3      1.6   420.0
  12:11:25.531  1062.3   -21.3      1.6   420.0
  12:11:25.578  1064.7   -21.2      1.6   420.0
  12:11:25.625  1066.9   -21.1      1.6   420.0
  12:11:25.671  1069.3   -21.1      1.6   420.0
  12:11:25.718  1071.7   -21.0      1.6   420.0
  12:11:25.750  1071.7   -21.0      1.6   430.0
  12:11:25.796  1073.9   -20.9      1.6   430.0
  12:11:25.843  1076.3   -20.9      1.6   430.0
  12:11:25.875  1078.7   -20.8      1.6   430.0
  12:11:25.921  1080.9   -20.8      1.6   430.0
  12:11:25.953  1083.3   -20.7      1.6   430.0
  12:11:26.000  1085.7   -20.6      1.6   430.0
  12:11:26.046  1085.7   -20.6      1.6   430.0
  12:11:26.078  1088.1   -20.6      1.6   430.0
  12:11:26.125  1090.4   -20.5      1.6   430.0
  12:11:26.171  1092.6   -20.4      1.6   430.0
  12:11:26.203  1095.0   -20.4      1.6   430.0
  12:11:26.250  1097.3   -20.3      1.6   430.0
  12:11:26.296  1099.7   -20.2      1.6   430.0
  12:11:26.359  1102.1   -20.2      1.6   430.0
  12:11:26.375  1104.3   -20.1      1.6   440.0
  12:11:26.421  1104.3   -20.1      1.6   430.0
  12:11:26.468  1106.7   -20.0      1.6   440.0
  12:11:26.515  1109.1   -20.0      1.6   430.0
  12:11:26.546  1111.4   -19.9      1.6   430.0
  12:11:26.593  1113.7   -19.8      1.6   430.0
  12:11:26.640  1116.1   -19.8      1.6   440.0
  12:11:26.687  1118.4   -19.7      1.6   440.0
  12:11:26.734  1120.8   -19.7      1.6   440.0
  12:11:26.765  1123.1   -19.6      1.6   440.0
  12:11:26.812  1125.4   -19.5      1.6   440.0
  12:11:26.859  1125.4   -19.5      1.6   440.0
  12:11:26.906  1127.8   -19.5      1.6   440.0
  12:11:26.937  1130.1   -19.4      1.6   440.0
  12:11:26.984  1132.5   -19.3      1.6   440.0
  12:11:27.031  1134.7   -19.3      1.6   440.0
  12:11:27.078  1137.1   -19.2      1.6   440.0
  12:11:27.109  1139.5   -19.1      1.6   450.0
  12:11:27.156  1142.0   -19.1      1.6   450.0
  12:11:27.203  1144.1   -19.0      1.6   440.0
  12:11:27.250  1146.5   -18.9      1.6   450.0
  12:11:27.281  1146.5   -18.9      1.6   450.0
  12:11:27.328  1148.7   -18.9      1.6   440.0
  12:11:27.375  1151.2   -18.8      1.6   450.0
  12:11:27.421  1153.5   -18.7      1.6   450.0
  12:11:27.453  1155.8   -18.7      1.6   450.0
  12:11:27.500  1158.2   -18.6      1.6   450.0
  12:11:27.546  1160.5   -18.6      1.6   460.0
  12:11:27.593  1162.8   -18.5      1.6   460.0
  12:11:27.640  1165.2   -18.4      1.6   460.0
  12:11:27.671  1165.2   -18.4      1.6   460.0
  12:11:27.718  1167.6   -18.4      1.6   450.0
  12:11:27.765  1169.9   -18.3      1.6   460.0
  12:11:27.812  1172.3   -18.2      1.6   460.0
  12:11:27.843  1174.5   -18.2      1.6   460.0
  12:11:27.890  1176.9   -18.1      1.6   460.0
  12:11:27.953  1179.2   -18.0      1.6   460.0
  12:11:27.984  1181.6   -18.0      1.6   460.0
  12:11:28.015  1183.9   -17.9      1.6   460.0
  12:11:28.062  1186.2   -17.8      1.6   460.0
  12:11:28.109  1188.6   -17.8      1.6   460.0
  12:11:28.156  1188.6   -17.8      1.6   460.0
  12:11:28.187  1191.0   -17.7      1.6   460.0
  12:11:28.234  1193.3   -17.6      1.6   460.0
  12:11:28.265  1195.6   -17.6      1.6   460.0
  12:11:28.312  1197.9   -17.5      1.6   460.0
  12:11:28.359  1200.2   -17.5      1.6   460.0
  12:11:28.390  1202.7   -17.4      1.6   460.0
  12:11:28.437  1202.7   -17.4      1.6   460.0
  12:11:28.484  1204.9   -17.3      1.6   460.0
  12:11:28.531  1207.2   -17.3      1.6   460.0
  12:11:28.562  1209.7   -17.2      1.6   460.0
  12:11:28.609  1212.0   -17.1      1.6   460.0
  12:11:28.656  1214.3   -17.1      1.6   460.0
  12:11:28.703  1216.7   -17.0      1.6   470.0
  12:11:28.750  1219.0   -16.9      1.6   470.0
  12:11:28.781  1221.3   -16.9      1.6   470.0
  12:11:28.828  1223.6   -16.8      1.6   470.0
  12:11:28.875  1225.9   -16.7      1.6   470.0
  12:11:28.921  1225.9   -16.7      1.6   470.0
  12:11:28.984  1230.7   -16.6      1.6   470.0
  12:11:29.000  1230.7   -16.6      1.6   470.0
  12:11:29.046  1233.0   -16.5      1.6   480.0
  12:11:29.093  1235.4   -16.5      1.6   480.0
  12:11:29.140  1237.7   -16.4      1.6   480.0
  12:11:29.171  1240.0   -16.3      1.6   480.0
  12:11:29.203  1240.0   -16.3      1.6   470.0
  12:11:29.234  1242.3   -16.3      1.6   470.0
  12:11:29.281  1244.7   -16.2      1.6   480.0
  12:11:29.328  1247.1   -16.2      1.6   480.0
  12:11:29.375  1249.3   -16.1      1.6   480.0
  12:11:29.421  1251.7   -16.0      1.6   480.0
  12:11:29.453  1253.9   -16.0      1.6   480.0
  12:11:29.500  1256.3   -15.9      1.6   480.0
  12:11:29.546  1258.6   -15.8      1.6   480.0
  12:11:29.593  1258.6   -15.8      1.6   480.0
  12:11:29.625  1261.1   -15.8      1.6   480.0
  12:11:29.671  1263.5   -15.7      1.6   480.0
  12:11:29.718  1265.9   -15.6      1.6   490.0
  12:11:29.750  1268.1   -15.6      1.6   490.0
  12:11:29.796  1268.1   -15.6      1.6   490.0
  12:11:29.843  1270.8   -15.5      1.6   490.0
  12:11:29.875  1273.5   -15.4      1.6   490.0
  12:11:29.921  1275.8   -15.4      1.6   490.0
  12:11:29.968  1278.1   -15.3      1.6   490.0
  12:11:30.015  1280.5   -15.2      1.6   490.0
  12:11:30.046  1282.9   -15.2      1.6   490.0
  12:11:30.093  1285.1   -15.1      1.6   490.0
  12:11:30.140  1287.6   -15.0      1.6   490.0
  12:11:30.187  1289.9   -15.0      1.6   490.0
  12:11:30.218  1289.9   -15.0      1.6   490.0
  12:11:30.265  1292.3   -14.9      1.6   490.0
  12:11:30.296  1294.6   -14.8      1.6   490.0
  12:11:30.343  1296.9   -14.8      1.6   490.0
  12:11:30.390  1299.2   -14.7      1.6   490.0
  12:11:30.437  1301.6   -14.6      1.6   490.0
  12:11:30.484  1304.0   -14.6      1.6   490.0
  12:11:30.515  1306.2   -14.5      1.6   490.0
  12:11:30.562  1306.2   -14.5      1.6   490.0
  12:11:30.609  1308.6   -14.4      1.6   500.0
  12:11:30.640  1310.9   -14.4      1.6   500.0
  12:11:30.687  1313.3   -14.3      1.6   500.0
  12:11:30.734  1315.6   -14.3      1.6   500.0
  12:11:30.781  1317.9   -14.2      1.6   500.0
  12:11:30.828  1320.3   -14.1      1.6   500.0
  12:11:30.859  1322.7   -14.1      1.6   500.0
  12:11:30.906  1324.9   -14.0      1.6   500.0
  12:11:30.953  1327.2   -13.9      1.6   510.0
  12:11:31.000  1329.7   -13.9      1.6   510.0
  12:11:31.031  1329.7   -13.9      1.6   510.0
  12:11:31.078  1332.0   -13.8      1.6   510.0
  12:11:31.125  1334.4   -13.7      1.6   510.0
  12:11:31.171  1336.6   -13.7      1.6   510.0
  12:11:31.218  1339.0   -13.6      1.6   510.0
  12:11:31.250  1341.4   -13.5      1.6   510.0
  12:11:31.296  1343.7   -13.5      1.6   510.0
  12:11:31.343  1345.9   -13.4      1.6   510.0
  12:11:31.390  1348.3   -13.3      1.6   510.0
  12:11:31.421  1350.7   -13.3      1.6   510.0
  12:11:31.468  1350.7   -13.3      1.6   520.0
  12:11:31.515  1352.9   -13.2      1.6   520.0
  12:11:31.562  1355.3   -13.2      1.6   520.0
  12:11:31.593  1357.7   -13.1      1.6   520.0
  12:11:31.640  1360.1   -13.0      1.6   520.0
  12:11:31.687  1362.4   -13.0      1.6   520.0
  12:11:31.734  1364.7   -12.9      1.6   520.0
  12:11:31.781  1367.0   -12.8      1.6   520.0
  12:11:31.828  1369.5   -12.8      1.6   520.0
  12:11:31.859  1369.5   -12.8      1.6   520.0
  12:11:31.906  1372.5   -12.7      1.6   530.0
  12:11:31.953  1374.9   -12.6      1.6   530.0
  12:11:31.984  1377.1   -12.6      1.6   550.0
  12:11:32.031  1377.1   -12.6      1.6   570.0
  12:11:32.078  1380.1   -12.5      1.6   570.0
  12:11:32.125  1382.6   -12.4      1.6   630.0
  12:11:32.156  1384.9   -12.3      1.6   760.0
  12:11:32.203  1387.4   -12.3      1.6   760.0
  12:11:32.250  1389.7   -12.2      1.6   890.0
  12:12:03.171  1838.5   726.0     90.0   930.0
  12:12:03.218  1838.5   728.2     90.0   890.0
  12:12:03.250  1838.5   730.7     90.0   890.0
  12:12:03.296  1838.5   733.0     90.0   790.0
  12:12:03.343  1838.5   735.3     90.0   740.0
  12:12:03.375  1838.5   737.7     90.0   790.0
  12:12:03.421  1838.5   740.1     90.0   770.0
  12:12:03.468  1838.5   742.3     90.0   740.0
  12:12:03.515  1838.5   744.7     90.0   740.0
  12:12:03.546  1838.5   744.7     90.0   700.0
  12:12:03.593  1838.5   747.0     90.0   700.0
  12:12:03.640  1838.5   749.3     90.0   700.0
  12:12:03.671  1838.5   751.7     90.0   700.0
  12:12:03.718  1838.5   754.0     90.0   700.0
  12:12:03.765  1838.4   756.4     90.0   700.0
  12:12:03.812  1838.4   758.7     90.0   700.0
  12:12:03.859  1838.4   761.1     90.0   690.0
  12:12:03.890  1838.4   761.1     90.0   690.0
  12:12:03.921  1838.4   763.4     90.0   690.0
  12:12:03.968  1838.4   765.7     90.0   670.0
  12:12:04.015  1838.4   768.1     90.0   670.0
  12:12:04.046  1838.4   770.4     90.0   690.0
  12:12:04.093  1838.4   772.7     90.0   650.0
  12:12:04.125  1838.4   775.2     90.0   650.0
  12:12:04.171  1838.4   775.2     90.0   630.0
  12:12:04.218  1838.4   777.4     90.0   620.0
  12:12:04.265  1838.4   779.8     90.0   620.0
  12:12:04.312  1838.4   782.2     90.0   610.0
  12:12:04.343  1838.4   784.5     90.0   600.0
  12:12:04.390  1838.4   786.8     90.0   610.0
  12:12:04.437  1838.4   789.1     90.0   610.0
  12:12:04.468  1838.4   791.4     90.0   600.0
  12:12:04.515  1838.4   793.8     90.0   600.0
  12:12:04.562  1838.4   796.1     90.0   580.0
  12:12:04.609  1838.4   796.1     90.0   580.0
  12:12:04.640  1838.4   798.4     90.0   580.0
  12:12:04.687  1838.4   800.9     90.0   560.0
  12:12:04.734  1838.4   803.1     90.0   560.0
  12:12:04.781  1838.4   805.5     90.0   570.0
  12:12:04.812  1838.4   807.8     90.0   560.0
  12:12:04.859  1838.4   810.1     90.0   550.0
  12:12:04.890  1838.4   812.5     90.0   550.0
  12:12:04.953  1838.4   815.1     90.0   550.0
  12:12:04.984  1838.4   815.1     90.0   550.0
  12:12:05.031  1838.4   817.2     90.0   550.0
  12:12:05.078  1838.4   819.5     90.0   540.0
  12:12:05.109  1838.4   821.8     90.0   540.0
  12:12:05.156  1838.4   824.2     90.0   540.0
  12:12:05.187  1838.4   826.5     90.0   530.0
  12:12:05.218  1838.4   826.5     90.0   520.0
  12:12:05.265  1838.4   828.9     90.0   520.0
  12:12:05.312  1838.4   831.2     90.0   510.0
  12:12:05.359  1838.4   833.6     90.0   500.0
  12:12:05.421  1838.4   835.9     90.0   500.0
  12:12:05.453  1838.4   838.2     90.0   500.0
  12:12:05.484  1838.4   840.5     90.0   500.0
  12:12:05.546  1838.4   842.9     90.0   500.0
  12:12:05.578  1838.4   845.2     90.0   490.0
  12:12:05.609  1838.4   845.2     90.0   480.0
  12:12:05.640  1838.4   847.6     90.0   480.0
  12:12:05.687  1838.4   850.0     90.0   480.0
  12:12:05.734  1838.4   852.3     90.0   470.0
  12:12:05.781  1838.4   854.7     90.0   470.0
  12:12:05.812  1838.4   857.0     90.0   460.0
  12:12:05.859  1838.4   859.3     90.0   460.0
  12:12:05.906  1838.4   861.6     90.0   460.0
  12:12:05.953  1838.4   861.6     90.0   440.0
  12:12:06.000  1838.4   864.1     90.0   440.0
  12:12:06.031  1838.4   866.4     90.0   440.0
  12:12:06.078  1838.4   868.7     90.0   430.0
  12:12:06.125  1838.4   871.0     90.0   430.0
  12:12:06.171  1838.4   873.4     90.0   430.0
  12:12:06.203  1838.4   875.7     90.0   420.0
  12:12:06.250  1838.4   878.1     90.0   420.0
  12:12:06.296  1838.4   880.3     90.0   420.0
  12:12:06.359  1838.4   882.7     90.0   400.0
  12:12:06.375  1838.4   885.0     90.0   400.0
  12:12:06.421  1838.4   885.0     90.0   400.0
  12:12:06.468  1838.4   887.4     90.0   390.0
  12:12:06.515  1838.4   889.7     90.0   390.0
  12:12:06.546  1838.4   892.0     90.0   390.0
  12:12:06.593  1838.4   894.3     90.0   380.0
  12:12:06.640  1838.4   896.7     90.0   380.0
  12:12:06.687  1838.4   899.1     90.0   380.0
  12:12:06.734  1838.4   901.3     90.0   370.0
  12:12:06.765  1838.4   901.3     90.0   370.0
  12:12:06.812  1838.4   904.3     90.0   370.0
  12:12:06.859  1838.4   906.9     90.0   360.0
  12:12:06.906  1838.4   909.2     90.0   360.0
  12:12:06.968  1838.4   911.6     90.0   360.0
  12:12:06.984  1838.4   914.7     90.0   350.0
  12:12:07.031  1838.4   914.7     90.0   350.0
  12:12:07.078  1838.4   916.9     90.0   350.0
  12:12:07.125  1838.4   919.4     90.0   350.0
  12:12:07.156  1838.4   921.6     90.0   350.0
  12:12:07.203  1838.4   924.1     90.0   350.0
  12:12:07.250  1838.4   926.4     90.0   350.0
  12:12:07.296  1838.4   928.6     90.0   350.0
  12:12:07.328  1838.4   931.1     90.0   350.0
  12:12:07.375  1838.4   933.4     90.0   350.0
  12:12:07.406  1838.4   933.4     90.0   350.0
  12:12:07.453  1838.4   935.7     90.0   350.0
  12:12:07.500  1838.4   938.1     90.0   350.0
  12:12:07.546  1838.4   940.3     90.0   350.0
  12:12:07.578  1838.4   942.7     90.0   350.0
  12:12:07.625  1838.4   945.1     90.0   350.0
  12:12:07.671  1838.4   947.4     90.0   350.0
  12:12:07.718  1838.4   949.8     90.0   350.0
  12:12:07.765  1838.4   952.2     90.0   360.0
  12:12:07.796  1838.4   954.4     90.0   360.0
  12:12:07.843  1838.4   954.4     90.0   360.0
  12:12:07.890  1838.4   956.8     90.0   360.0
  12:12:07.937  1838.4   959.1     90.0   360.0
  12:12:07.984  1838.4   961.4     90.0   360.0
  12:12:08.015  1838.4   963.8     90.0   360.0
  12:12:08.062  1838.4   966.1     90.0   360.0
  12:12:08.109  1838.4   968.5     90.0   360.0
  12:12:08.125  1838.4   968.5     90.0   360.0
  12:12:08.171  1838.4   970.8     90.0   360.0
  12:12:08.218  1838.4   973.2     90.0   360.0
  12:12:08.265  1838.4   975.5     90.0   360.0
  12:12:08.296  1838.4   977.9     90.0   360.0
  12:12:08.343  1838.4   980.2     90.0   360.0
  12:12:08.390  1838.4   982.7     90.0   360.0
  12:12:08.437  1838.4   984.8     90.0   360.0
  12:12:08.468  1838.4   987.2     90.0   370.0
  12:12:08.515  1838.4   987.2     90.0   370.0
  12:12:08.562  1838.4   989.4     90.0   370.0
  12:12:08.609  1838.4   991.8     90.0   370.0
  12:12:08.640  1838.4   994.2     90.0   370.0
  12:12:08.687  1838.4   996.5     90.0   370.0
  12:12:08.734  1838.4   998.9     90.0   370.0
  12:12:08.781  1838.4  1001.3     90.0   370.0
  12:12:08.812  1838.4  1003.6     90.0   370.0
  12:12:08.859  1838.4  1005.9     90.0   370.0
  12:12:08.906  1838.4  1008.3     90.0   370.0
  12:12:08.953  1838.4  1010.5     90.0   370.0
  12:12:09.000  1838.4  1012.9     90.0   370.0
  12:12:09.031  1838.4  1012.9     90.0   370.0
  12:12:09.078  1838.4  1015.3     90.0   370.0
  12:12:09.125  1838.4  1017.5     90.0   380.0
  12:12:09.171  1838.4  1019.8     90.0   380.0
  12:12:09.203  1838.4  1022.2     90.0   380.0
  12:12:09.250  1838.4  1024.6     90.0   380.0
  12:12:09.296  1838.4  1027.0     90.0   380.0
  12:12:09.328  1838.4  1029.3     90.0   380.0
  12:12:09.375  1838.4  1029.3     90.0   380.0
  12:12:09.421  1838.4  1031.7     90.0   380.0
  12:12:09.468  1838.4  1034.0     90.0   380.0
  12:12:09.515  1838.4  1036.3     90.0   390.0
  12:12:09.546  1838.4  1038.6     90.0   380.0
  12:12:09.593  1838.4  1041.0     90.0   380.0
  12:12:09.640  1838.3  1043.4     90.0   390.0
  12:12:09.687  1838.3  1045.7     90.0   390.0
  12:12:09.718  1838.3  1048.1     90.0   390.0
  12:12:09.765  1838.3  1048.1     90.0   390.0
  12:12:09.812  1838.3  1050.3     90.0   390.0
  12:12:09.843  1838.3  1053.1     90.0   390.0
  12:12:09.890  1838.3  1055.1     90.0   390.0
  12:12:09.937  1838.3  1057.3     90.0   390.0
  12:12:09.984  1838.3  1059.7     90.0   390.0
  12:12:10.031  1838.3  1062.1     90.0   400.0
  12:12:10.062  1838.3  1064.4     90.0   400.0
  12:12:10.109  1838.3  1066.8     90.0   400.0
  12:12:10.156  1838.3  1069.0     90.0   400.0
  12:12:10.203  1838.3  1071.4     90.0   400.0
  12:12:10.234  1838.3  1071.4     90.0   400.0
  12:12:10.281  1838.3  1073.8     90.0   400.0
  12:12:10.328  1838.3  1076.1     90.0   400.0
  12:12:10.375  1838.3  1078.4     90.0   400.0
  12:12:10.406  1838.3  1080.8     90.0   400.0
  12:12:10.453  1838.3  1083.1     90.0   410.0
  12:12:10.484  1838.3  1085.4     90.0   410.0
  12:12:10.531  1838.3  1087.8     90.0   410.0
  12:12:10.578  1838.3  1087.8     90.0   410.0
  12:12:10.625  1838.3  1090.2     90.0   410.0
  12:12:10.656  1838.3  1092.4     90.0   410.0
  12:12:10.703  1838.3  1094.9     90.0   410.0
  12:12:10.750  1838.3  1097.1     90.0   410.0
  12:12:10.796  1838.3  1099.4     90.0   410.0
  12:12:10.859  1838.3  1101.7     90.0   410.0
  12:12:10.890  1838.3  1104.2     90.0   410.0
  12:12:10.921  1838.3  1106.5     90.0   420.0
  12:12:10.968  1838.3  1108.8     90.0   420.0
  12:12:11.031  1838.3  1111.1     90.0   410.0
  12:12:11.046  1838.3  1111.1     90.0   410.0
  12:12:11.093  1838.3  1113.6     90.0   420.0
  12:12:11.140  1838.3  1115.9     90.0   420.0
  12:12:11.187  1838.3  1118.2     90.0   420.0
  12:12:11.234  1838.3  1120.5     90.0   420.0
  12:12:11.265  1838.3  1122.8     90.0   420.0
  12:12:11.312  1838.3  1125.2     90.0   420.0
  12:12:11.359  1838.3  1127.7     90.0   420.0
  12:12:11.406  1838.3  1129.8     90.0   420.0
  12:12:11.437  1838.3  1132.2     90.0   420.0
  12:12:11.484  1838.3  1132.2     90.0   420.0
  12:12:11.531  1838.3  1134.5     90.0   420.0
  12:12:11.578  1838.3  1137.0     90.0   430.0
  12:12:11.640  1838.3  1141.5     90.0   430.0
  12:12:11.656  1838.3  1141.5     90.0   430.0
  12:12:11.703  1838.3  1143.9     90.0   430.0
  12:12:11.750  1838.3  1146.2     90.0   430.0
  12:12:11.796  1838.3  1148.6     90.0   430.0
  12:12:11.828  1838.3  1151.0     90.0   430.0
  12:12:11.875  1838.3  1153.3     90.0   430.0
  12:12:11.906  1838.3  1153.3     90.0   430.0
  12:12:11.953  1838.3  1155.5     90.0   430.0
  12:12:11.984  1838.3  1157.9     90.0   440.0
  12:12:12.015  1838.3  1160.4     90.0   440.0
  12:12:12.062  1838.3  1160.4     90.0   440.0
  12:12:12.109  1838.3  1162.6     90.0   440.0
  12:12:12.140  1838.3  1164.9     90.0   440.0
  12:12:12.187  1838.3  1167.3     90.0   440.0
  12:12:12.234  1838.3  1169.6     90.0   440.0
  12:12:12.265  1838.3  1171.9     90.0   440.0
  12:12:12.312  1838.3  1174.3     90.0   440.0
  12:12:12.359  1838.3  1176.7     90.0   440.0
  12:12:12.390  1838.3  1176.7     90.0   440.0
  12:12:12.437  1838.3  1179.0     90.0   440.0
  12:12:12.484  1838.3  1181.3     90.0   440.0
  12:12:12.531  1838.3  1183.6     90.0   440.0
  12:12:12.562  1838.3  1186.0     90.0   450.0
  12:12:12.609  1838.3  1188.4     90.0   450.0
  12:12:12.656  1838.3  1190.7     90.0   450.0
  12:12:12.703  1838.3  1193.0     90.0   450.0
  12:12:12.750  1838.3  1195.4     90.0   450.0
  12:12:12.781  1838.3  1197.7     90.0   450.0
  12:12:12.828  1838.3  1197.7     90.0   460.0
  12:12:12.875  1838.3  1200.0     90.0   460.0
  12:12:12.921  1838.3  1202.4     90.0   460.0
  12:12:12.953  1838.3  1204.8     90.0   460.0
  12:12:12.984  1838.3  1207.1     90.0   460.0
  12:12:13.031  1838.3  1209.4     90.0   450.0
  12:12:13.078  1838.3  1211.9     90.0   460.0
  12:12:13.125  1838.3  1214.0     90.0   470.0
  12:12:13.171  1838.3  1216.4     90.0   470.0
  12:12:13.203  1838.3  1216.4     90.0   500.0
  12:12:13.250  1838.3  1218.8     90.0   520.0
  12:12:13.296  1838.3  1221.1     90.0   520.0
  12:12:13.343  1838.3  1223.5     90.0   540.0
  12:12:13.375  1838.3  1225.7     90.0   560.0
  12:12:13.421  1838.3  1228.1     90.0   560.0
  12:12:13.468  1838.3  1230.4     90.0   580.0
  12:12:13.500  1838.3  1232.8     90.0   570.0
  12:12:13.546  1838.3  1232.8     90.0   570.0
  12:12:13.593  1838.3  1235.1     90.0   570.0
  12:12:13.640  1838.3  1237.4     90.0   580.0
  12:12:13.687  1838.3  1239.8     90.0   580.0
  12:12:13.718  1838.3  1242.2     90.0   580.0
  12:12:13.765  1838.3  1244.5     90.0   580.0
  12:12:13.812  1838.3  1246.8     90.0   580.0
  12:12:13.843  1838.3  1249.2     90.0   580.0
  12:12:13.890  1838.3  1251.7     90.0   580.0
  12:12:13.937  1838.3  1253.9     90.0   580.0
  12:12:13.984  1838.3  1256.3     90.0   580.0
  12:12:14.031  1838.3  1256.3     90.0   580.0
  12:12:14.062  1838.3  1258.5     90.0   580.0
  12:12:14.109  1838.3  1261.0     90.0   580.0
  12:12:14.156  1838.3  1263.1     90.0   580.0
  12:12:14.203  1838.3  1265.6     90.0   580.0
  12:12:14.234  1838.3  1267.9     90.0   580.0
  12:12:14.281  1838.3  1270.2     90.0   590.0
  12:12:14.328  1838.3  1270.2     90.0   590.0
  12:12:14.375  1838.3  1273.3     90.0   590.0
  12:12:14.421  1838.3  1275.7     90.0   590.0
  12:12:14.468  1838.3  1278.0     90.0   590.0
  12:12:14.500  1838.3  1280.6     90.0   590.0
  12:12:14.546  1838.3  1282.7     90.0   590.0
  12:12:14.578  1838.3  1285.1     90.0   590.0
  12:12:14.625  1838.3  1287.5     90.0   590.0
  12:12:14.671  1838.3  1289.7     90.0   590.0
  12:12:14.718  1838.3  1289.7     90.0   590.0
  12:12:14.765  1838.3  1292.1     90.0   590.0
  12:12:14.796  1838.3  1294.4     90.0   590.0
  12:12:14.843  1838.3  1296.7     90.0   590.0
  12:12:14.890  1838.3  1299.1     90.0   600.0
  12:12:14.937  1838.3  1301.4     90.0   600.0
  12:12:14.968  1838.3  1303.7     90.0   600.0
  12:12:15.015  1838.3  1306.1     90.0   600.0
  12:12:15.046  1838.3  1308.4     90.0   600.0
  12:12:15.093  1838.3  1308.4     90.0   600.0
  12:12:15.140  1838.3  1311.2     90.0   600.0
  12:12:15.187  1838.3  1313.1     90.0   590.0
  12:12:15.218  1838.3  1315.5     90.0   590.0
  12:12:15.281  1838.3  1317.8     90.0   590.0
  12:12:15.312  1838.3  1320.2     90.0   600.0
  12:12:15.328  1838.3  1320.2     90.0   600.0
  12:12:15.406  1838.3  1324.8     90.0   600.0
  12:12:15.437  1838.3  1327.1     90.0   600.0
  12:12:15.484  1838.2  1329.7     90.0   600.0
  12:12:15.531  1838.2  1331.8     90.0   600.0
  12:12:15.578  1838.2  1331.8     90.0   610.0
  12:12:15.609  1838.2  1334.2     90.0   610.0
  12:12:15.640  1838.2  1336.5     90.0   610.0
  12:12:15.703  1838.2  1338.7     90.0   610.0
  12:12:15.734  1838.2  1341.2     90.0   610.0
  12:12:15.765  1838.2  1343.5     90.0   610.0
  12:12:15.812  1838.2  1345.8     90.0   610.0
  12:12:15.859  1838.2  1345.8     90.0   610.0
  12:12:15.906  1838.2  1348.2     90.0   610.0
  12:12:15.953  1838.2  1350.5     90.0   610.0
  12:12:15.984  1838.2  1352.9     90.0   610.0
  12:12:16.031  1838.2  1355.2     90.0   610.0
  12:12:16.093  1838.2  1357.5     90.0   610.0
  12:12:16.140  1838.2  1359.9     90.0   610.0
  12:12:16.187  1838.2  1362.3     90.0   610.0
  12:12:16.218  1838.2  1364.5     90.0   610.0
  12:12:16.265  1838.2  1366.9     90.0   610.0
  12:12:16.312  1838.2  1369.3     90.0   630.0
  12:12:16.359  1838.2  1371.6     90.0   630.0
  12:12:16.390  1838.2  1374.0     90.0   630.0
  12:12:16.421  1838.2  1374.0     90.0   630.0
  12:12:16.468  1838.2  1376.3     90.0   620.0
  12:12:16.515  1838.2  1378.6     90.0   620.0
  12:12:16.546  1838.2  1380.9     90.0   620.0
  12:12:16.593  1838.2  1383.3     90.0   620.0
  12:12:16.640  1838.2  1385.7     90.0   620.0
  12:12:16.687  1838.2  1388.0     90.0   620.0
  12:12:16.718  1838.2  1388.0     90.0   630.0
  12:12:16.765  1838.2  1390.4     90.0   630.0
  12:12:16.812  1838.2  1392.7     90.0   640.0
  12:12:16.859  1838.2  1395.1     90.0   640.0
  12:12:16.890  1838.2  1397.3     90.0   630.0
  12:12:16.937  1838.2  1399.6     90.0   630.0
  12:12:16.984  1838.2  1402.0     90.0   640.0
  12:12:17.000  1838.2  1402.0     90.0   640.0
  12:12:17.046  1838.2  1404.3     90.0   640.0
  12:12:17.093  1838.2  1406.7     90.0   640.0
  12:12:17.125  1838.2  1409.0     90.0   640.0
  12:12:17.171  1838.2  1411.4     90.0   640.0
  12:12:17.218  1838.2  1413.7     90.0   640.0
  12:12:17.265  1838.2  1416.0     90.0   640.0
  12:12:17.296  1838.2  1416.0     90.0   670.0
  12:12:17.343  1838.2  1418.4     90.0   700.0
  12:12:17.390  1838.2  1420.6     90.0   700.0
  12:12:17.437  1838.2  1423.0     90.0   700.0
  12:12:17.468  1838.2  1425.4     90.0   770.0
  12:12:17.515  1838.2  1427.7     90.0   770.0
  12:12:17.562  1838.2  1430.0     90.0   950.0
  12:12:17.593  1838.2  1432.4     90.0   990.0
  12:12:17.640  1838.2  1434.7     90.0   990.0
  12:12:48.203  1117.7  1838.6   -180.0  1080.0
  12:12:48.234  1115.3  1838.6   -180.0  1080.0
  12:12:48.281  1112.2  1838.6   -180.0   810.0
  12:12:48.312  1109.8  1838.6   -180.0   810.0
  12:12:48.359  1107.7  1838.5   -180.0   810.0
  12:12:48.406  1105.0  1838.5   -180.0   700.0
  12:12:48.437  1105.0  1838.5   -180.0   700.0
  12:12:48.484  1102.9  1838.5   -180.0   700.0
  12:12:48.531  1100.6  1838.5   -180.0   700.0
  12:12:48.562  1098.2  1838.5   -180.0   680.0
  12:12:48.609  1095.8  1838.5   -180.0   680.0
  12:12:48.640  1093.5  1838.5   -180.0   670.0
  12:12:48.687  1091.2  1838.5   -180.0   650.0
  12:12:48.734  1088.8  1838.5   -180.0   650.0
  12:12:48.781  1086.5  1838.5   -180.0   670.0
  12:12:48.812  1086.5  1838.5   -180.0   670.0
  12:12:48.859  1084.0  1838.5   -180.0   670.0
  12:12:48.890  1081.8  1838.5   -180.0   640.0
  12:12:48.937  1079.4  1838.5   -180.0   620.0
  12:12:48.984  1077.2  1838.5   -180.0   630.0
  12:12:49.031  1074.4  1838.5   -180.0   620.0
  12:12:49.062  1072.5  1838.5   -180.0   600.0
  12:12:49.109  1070.2  1838.5   -180.0   600.0
  12:12:49.156  1070.2  1838.5   -180.0   600.0
  12:12:49.203  1067.9  1838.5   -180.0   600.0
  12:12:49.250  1065.2  1838.5   -180.0   600.0
  12:12:49.281  1063.1  1838.5   -180.0   600.0
  12:12:49.328  1060.8  1838.5   -180.0   590.0
  12:12:49.375  1058.5  1838.5   -180.0   590.0
  12:12:49.421  1056.1  1838.5   -180.0   580.0
  12:12:49.453  1053.7  1838.5   -180.0   580.0
  12:12:49.500  1051.4  1838.5   -180.0   580.0
  12:12:49.546  1049.1  1838.5   -180.0   580.0
  12:12:49.593  1046.7  1838.5   -180.0   570.0
  12:12:49.640  1046.7  1838.5   -180.0   570.0
  12:12:49.671  1044.4  1838.5   -180.0   550.0
  12:12:49.718  1042.0  1838.5   -180.0   550.0
  12:12:49.765  1039.7  1838.5   -180.0   550.0
  12:12:49.812  1037.4  1838.5   -180.0   550.0
  12:12:49.843  1035.0  1838.5   -180.0   550.0
  12:12:49.890  1032.7  1838.5   -180.0   550.0
  12:12:49.937  1030.4  1838.5   -180.0   530.0
  12:12:49.968  1028.1  1838.5   -180.0   530.0
  12:12:50.015  1025.7  1838.5   -180.0   530.0
  12:12:50.062  1025.7  1838.5   -180.0   530.0
  12:12:50.109  1023.4  1838.5   -180.0   530.0
  12:12:50.156  1021.0  1838.5   -180.0   530.0
  12:12:50.203  1018.6  1838.5   -180.0   520.0
  12:12:50.234  1016.3  1838.5   -180.0   520.0
  12:12:50.281  1014.1  1838.5   -180.0   520.0
  12:12:50.328  1011.7  1838.5   -180.0   500.0
  12:12:50.359  1009.3  1838.5   -180.0   500.0
  12:12:50.406  1006.9  1838.5   -180.0   500.0
  12:12:50.453  1004.6  1838.5   -180.0   500.0
  12:12:50.500  1004.6  1838.5   -180.0   490.0
  12:12:50.546  1002.3  1838.5   -180.0   500.0
  12:12:50.578  1000.0  1838.5   -180.0   490.0
  12:12:50.625   997.6  1838.5   -180.0   480.0
  12:12:50.671   995.4  1838.5   -180.0   480.0
  12:12:50.718   993.0  1838.5   -180.0   480.0
  12:12:50.750   990.6  1838.5   -180.0   480.0
  12:12:50.796   988.3  1838.5   -180.0   480.0
  12:12:50.843   985.9  1838.5   -180.0   480.0
  12:12:50.890   985.9  1838.5   -180.0   470.0
  12:12:50.921   983.6  1838.5   -180.0   470.0
  12:12:50.968   981.2  1838.5   -180.0   470.0
  12:12:51.015   978.8  1838.5   -180.0   470.0
  12:12:51.062   976.3  1838.5   -180.0   470.0
  12:12:51.093   974.3  1838.5   -180.0   470.0
  12:12:51.156   971.9  1838.5   -180.0   470.0
  12:12:51.187   969.5  1838.5   -180.0   470.0
  12:12:51.234   967.1  1838.5   -180.0   470.0
  12:12:51.265   964.8  1838.5   -180.0   470.0
  12:12:51.312   964.8  1838.5   -180.0   470.0
  12:12:51.359   962.6  1838.5   -180.0   470.0
  12:12:51.406   960.2  1838.5   -180.0   470.0
  12:12:51.437   957.8  1838.5   -180.0   480.0
  12:12:51.484   955.5  1838.5   -180.0   480.0
  12:12:51.531   953.2  1838.5   -180.0   480.0
  12:12:51.562   950.9  1838.5   -180.0   480.0
  12:12:51.609   948.6  1838.5   -180.0   480.0
  12:12:51.656   946.1  1838.5   -180.0   480.0
  12:12:51.703   943.9  1838.5   -180.0   480.0
  12:12:51.734   943.9  1838.5   -180.0   480.0
  12:12:51.781   941.5  1838.5   -180.0   480.0
  12:12:51.828   939.1  1838.5   -180.0   490.0
  12:12:51.875   936.8  1838.5   -180.0   480.0
  12:12:51.906   934.3  1838.5   -180.0   480.0
  12:12:51.953   932.1  1838.5   -180.0   480.0
  12:12:52.000   929.8  1838.4   -180.0   480.0
  12:12:52.046   927.5  1838.4   -180.0   480.0
  12:12:52.093   925.2  1838.4   -180.0   490.0
  12:12:52.125   925.2  1838.4   -180.0   490.0
  12:12:52.156   922.7  1838.4   -180.0   490.0
  12:12:52.203   920.4  1838.4   -180.0   490.0
  12:12:52.265   918.1  1838.4   -180.0   490.0
  12:12:52.296   915.7  1838.4   -180.0   490.0
  12:12:52.328   913.5  1838.4   -180.0   490.0
  12:12:52.375   911.0  1838.4   -180.0   490.0
  12:12:52.421   908.7  1838.4   -180.0   490.0
  12:12:52.468   906.3  1838.4   -180.0   490.0
  12:12:52.500   906.3  1838.4   -180.0   490.0
  12:12:52.546   904.1  1838.4   -180.0   490.0
  12:12:52.593   901.7  1838.4   -180.0   490.0
  12:12:52.640   899.4  1838.4   -180.0   490.0
  12:12:52.671   897.1  1838.4   -180.0   490.0
  12:12:52.718   894.7  1838.4   -180.0   490.0
  12:12:52.765   892.3  1838.4   -180.0   490.0
  12:12:52.812   889.9  1838.4   -180.0   490.0
  12:12:52.843   887.7  1838.4   -180.0   490.0
  12:12:52.890   887.7  1838.4   -180.0   490.0
  12:12:52.937   885.4  1838.4   -180.0   490.0
  12:12:52.984   882.9  1838.4   -180.0   490.0
  12:12:53.015   880.7  1838.4   -180.0   500.0
  12:12:53.078   878.4  1838.4   -180.0   500.0
  12:12:53.109   875.3  1838.4   -180.0   500.0
  12:12:53.156   872.9  1838.4   -180.0   500.0
  12:12:53.203   872.9  1838.4   -180.0   500.0
  12:12:53.234   870.6  1838.4   -180.0   500.0
  12:12:53.281   868.2  1838.4   -180.0   490.0
  12:12:53.312   865.8  1838.4   -180.0   490.0
  12:12:53.359   863.5  1838.4   -180.0   490.0
  12:12:53.390   861.2  1838.4   -180.0   490.0
  12:12:53.437   858.8  1838.4   -180.0   480.0
  12:12:53.484   858.8  1838.4   -180.0   480.0
  12:12:53.531   856.1  1838.4   -180.0   480.0
  12:12:53.578   854.2  1838.4   -180.0   470.0
  12:12:53.609   851.9  1838.4   -180.0   470.0
  12:12:53.671   849.5  1838.4   -180.0   460.0
  12:12:53.703   847.0  1838.4   -180.0   450.0
  12:12:53.718   847.0  1838.4   -180.0   450.0
  12:12:53.765   844.8  1838.4   -180.0   440.0
  12:12:53.812   842.5  1838.4   -180.0   440.0
  12:12:53.859   840.1  1838.4   -180.0   440.0
  12:12:53.890   837.4  1838.4   -180.0   420.0
  12:12:53.937   835.4  1838.4   -180.0   420.0
  12:12:53.984   833.0  1838.4   -180.0   420.0
  12:12:54.015   830.8  1838.4   -180.0   410.0
  12:12:54.062   828.4  1838.4   -180.0   410.0
  12:12:54.109   826.1  1838.4   -180.0   410.0
  12:12:54.156   823.8  1838.4   -180.0   400.0
  12:12:54.203   823.8  1838.4   -180.0   390.0
  12:12:54.250   821.4  1838.4   -180.0   390.0
  12:12:54.281   819.1  1838.4   -180.0   380.0
  12:12:54.328   815.9  1838.4   -180.0   380.0
  12:12:54.375   813.7  1838.4   -180.0   380.0
  12:12:54.421   811.3  1838.4   -180.0   370.0
  12:12:54.453   811.3  1838.4   -180.0   370.0
  12:12:54.500   809.0  1838.4   -180.0   370.0
  12:12:54.546   806.5  1838.4   -180.0   360.0
  12:12:54.593   804.2  1838.4   -180.0   350.0
  12:12:54.625   801.9  1838.4   -180.0   350.0
  12:12:54.671   799.7  1838.4   -180.0   350.0
  12:12:54.718   797.2  1838.4   -180.0   340.0
  12:12:54.765   794.9  1838.4   -180.0   340.0
  12:12:54.796   792.6  1838.4   -180.0   330.0
  12:12:54.843   790.3  1838.4   -180.0   320.0
  12:12:54.890   787.9  1838.4   -180.0   320.0
  12:12:54.937   787.9  1838.4   -180.0   320.0
  12:12:54.968   785.5  1838.4   -180.0   310.0
  12:12:55.015   783.2  1838.4   -180.0   310.0
  12:12:55.062   780.8  1838.4   -180.0   300.0
  12:12:55.109   778.5  1838.4   -180.0   300.0
  12:12:55.156   776.1  1838.4   -180.0   300.0
  12:12:55.187   773.8  1838.4   -180.0   290.0
  12:12:55.234   771.4  1838.4   -180.0   290.0
  12:12:55.281   769.2  1838.4   -180.0   290.0
  12:12:55.312   769.2  1838.4   -180.0   290.0
  12:12:55.359   766.9  1838.4   -180.0   290.0
  12:12:55.406   764.5  1838.4   -180.0   290.0
  12:12:55.453   762.1  1838.4   -180.0   290.0
  12:12:55.500   759.7  1838.4   -180.0   290.0
  12:12:55.531   757.5  1838.4   -180.0   290.0
  12:12:55.593   755.1  1838.4   -180.0   290.0
  12:12:55.625   752.7  1838.4   -180.0   290.0
  12:12:55.671   750.4  1838.3   -180.0   290.0
  12:12:55.718   748.1  1838.3   -180.0   300.0
  12:12:55.734   748.1  1838.3   -180.0   300.0
  12:12:55.781   745.7  1838.3   -180.0   300.0
  12:12:55.828   743.5  1838.3   -180.0   300.0
  12:12:55.875   741.0  1838.3   -180.0   300.0
  12:12:55.921   738.7  1838.3   -180.0   300.0
  12:12:55.953   736.5  1838.3   -180.0   300.0
  12:12:56.000   734.1  1838.3   -180.0   300.0
  12:12:56.046   731.7  1838.3   -180.0   300.0
  12:12:56.093   731.7  1838.3   -180.0   300.0
  12:12:56.125   729.4  1838.3   -180.0   300.0
  12:12:56.171   727.1  1838.3   -180.0   310.0
  12:12:56.218   724.7  1838.3   -180.0   310.0
  12:12:56.265   722.3  1838.3   -180.0   300.0
  12:12:56.296   720.0  1838.3   -180.0   310.0
  12:12:56.343   717.1  1838.3   -180.0   310.0
  12:12:56.390   714.6  1838.3   -180.0   310.0
  12:12:56.437   714.6  1838.3   -180.0   310.0
  12:12:56.484   712.2  1838.3   -180.0   310.0
  12:12:56.531   709.9  1838.3   -180.0   310.0
  12:12:56.562   707.3  1838.3   -180.0   310.0
  12:12:56.609   705.3  1838.3   -180.0   310.0
  12:12:56.656   702.9  1838.3   -180.0   310.0
  12:12:56.687   700.5  1838.3   -180.0   320.0
  12:12:56.750   698.2  1838.3   -180.0   310.0
  12:12:56.781   698.2  1838.3   -180.0   310.0
  12:12:56.828   695.1  1838.3   -180.0   320.0
  12:12:56.859   692.7  1838.3   -180.0   320.0
  12:12:56.906   690.4  1838.3   -180.0   320.0
  12:12:56.953   687.8  1838.3   -180.0   320.0
  12:12:57.000   685.7  1838.3   -180.0   320.0
  12:12:57.031   683.4  1838.3   -180.0   320.0
  12:12:57.078   681.1  1838.3   -180.0   320.0
  12:12:57.140   681.1  1838.3   -180.0   320.0
  12:12:57.171   678.5  1838.3   -180.0   320.0
  12:12:57.218   675.6  1838.3   -180.0   320.0
  12:12:57.250   673.2  1838.3   -180.0   320.0
  12:12:57.296   671.0  1838.3   -180.0   320.0
  12:12:57.343   668.5  1838.3   -180.0   330.0
  12:12:57.390   666.3  1838.3   -180.0   330.0
  12:12:57.437   663.8  1838.3   -180.0   330.0
  12:12:57.468   663.8  1838.3   -180.0   330.0
  12:12:57.515   661.6  1838.3   -180.0   330.0
  12:12:57.562   659.2  1838.3   -180.0   330.0
  12:12:57.593   656.8  1838.3   -180.0   330.0
  12:12:57.640   654.5  1838.3   -180.0   330.0
  12:12:57.687   652.3  1838.3   -180.0   330.0
  12:12:57.750   649.9  1838.3   -180.0   330.0
  12:12:57.765   647.5  1838.3   -180.0   340.0
  12:12:57.812   647.5  1838.3   -180.0   340.0
  12:12:57.859   645.2  1838.3   -180.0   340.0
  12:12:57.906   642.9  1838.3   -180.0   340.0
  12:12:57.937   640.6  1838.3   -180.0   340.0
  12:12:57.984   638.1  1838.3   -180.0   340.0
  12:12:58.031   635.9  1838.3   -180.0   340.0
  12:12:58.078   633.5  1838.3   -180.0   340.0
  12:12:58.109   631.1  1838.3   -180.0   340.0
  12:12:58.156   628.8  1838.3   -180.0   340.0
  12:12:58.203   626.5  1838.3   -180.0   340.0
  12:12:58.250   624.2  1838.3   -180.0   340.0
  12:12:58.296   624.2  1838.3   -180.0   340.0
  12:12:58.343   619.5  1838.3   -180.0   340.0
  12:12:58.375   619.5  1838.3   -180.0   350.0
  12:12:58.421   617.1  1838.3   -180.0   350.0
  12:12:58.468   614.8  1838.3   -180.0   350.0
  12:12:58.500   612.4  1838.3   -180.0   350.0
  12:12:58.546   610.1  1838.3   -180.0   350.0
  12:12:58.593   607.7  1838.3   -180.0   350.0
  12:12:58.640   605.5  1838.3   -180.0   350.0
  12:12:58.687   603.1  1838.3   -180.0   350.0
  12:12:58.718   600.7  1838.3   -180.0   350.0
  12:12:58.765   600.7  1838.3   -180.0   350.0
  12:12:58.812   598.5  1838.3   -180.0   350.0
  12:12:58.859   596.0  1838.3   -180.0   350.0
  12:12:58.890   593.7  1838.3   -180.0   360.0
  12:12:58.937   591.4  1838.3   -180.0   360.0
  12:12:58.984   589.1  1838.3   -180.0   360.0
  12:12:59.015   586.8  1838.3   -180.0   360.0
  12:12:59.062   584.3  1838.3   -180.0   360.0
  12:12:59.109   582.0  1838.3   -180.0   360.0
  12:12:59.156   582.0  1838.3   -180.0   360.0
  12:12:59.203   579.5  1838.3   -180.0   360.0
  12:12:59.234   577.3  1838.3   -180.0   360.0
  12:12:59.265   575.0  1838.3   -180.0   360.0
  12:12:59.312   572.6  1838.2   -180.0   360.0
  12:12:59.359   570.3  1838.2   -180.0   360.0
  12:12:59.406   568.0  1838.2   -180.0   370.0
  12:12:59.437   568.0  1838.2   -180.0   370.0
  12:12:59.484   565.7  1838.2   -180.0   370.0
  12:12:59.531   563.3  1838.2   -180.0   370.0
  12:12:59.578   560.9  1838.2   -180.0   370.0
  12:12:59.609   558.7  1838.2   -180.0   370.0
  12:12:59.656   556.3  1838.2   -180.0   370.0
  12:12:59.703   554.0  1838.2   -180.0   370.0
  12:12:59.750   551.5  1838.2   -180.0   370.0
  12:12:59.781   549.1  1838.2   -180.0   370.0
  12:12:59.828   546.9  1838.2   -180.0   370.0
  12:12:59.875   546.9  1838.2   -180.0   370.0
  12:12:59.921   544.6  1838.2   -180.0   380.0
  12:12:59.968   542.3  1838.2   -180.0   380.0
  12:13:00.000   539.9  1838.2   -180.0   380.0
  12:13:00.046   537.6  1838.2   -180.0   440.0
  12:13:00.093   535.2  1838.2   -180.0   480.0
  12:13:00.140   532.9  1838.2   -180.0   480.0
  12:13:00.187   530.5  1838.2   -180.0   580.0
  12:13:00.218   528.1  1838.2   -180.0   590.0
  12:13:00.265   525.9  1838.2   -180.0   590.0
  12:13:00.312   523.5  1838.2   -180.0   650.0
  12:13:00.343   523.5  1838.2   -180.0   660.0
  12:13:00.390   521.3  1838.2   -180.0   660.0
  12:13:00.437   518.9  1838.2   -180.0   860.0
  12:13:00.484   516.5  1838.2   -180.0  1080.0
  12:13:00.531   514.1  1838.2   -180.0  1080.0
  12:13:32.281    -0.1  1180.8    -90.0   820.0
  12:13:32.328    -0.1  1178.4    -90.0   820.0
  12:13:32.359    -0.1  1176.2    -90.0   690.0
  12:13:32.390    -0.1  1176.2    -90.0   680.0
  12:13:32.437    -0.1  1173.7    -90.0   680.0
  12:13:32.468    -0.1  1171.4    -90.0   600.0
  12:13:32.500    -0.1  1169.1    -90.0   580.0
  12:13:32.546    -0.1  1166.7    -90.0   580.0
  12:13:32.593    -0.1  1166.7    -90.0   580.0
  12:13:32.640    -0.1  1162.0    -90.0   570.0
  12:13:32.671    -0.1  1162.0    -90.0   570.0
  12:13:32.718    -0.1  1159.6    -90.0   570.0
  12:13:32.765    -0.1  1157.3    -90.0   570.0
  12:13:32.812    -0.1  1155.1    -90.0   570.0
  12:13:32.843    -0.1  1152.8    -90.0   560.0
  12:13:32.890    -0.1  1150.1    -90.0   560.0
  12:13:32.937    -0.1  1148.0    -90.0   560.0
  12:13:32.984    -0.1  1145.6    -90.0   550.0
  12:13:33.015    -0.1  1145.6    -90.0   540.0
  12:13:33.062    -0.1  1143.4    -90.0   540.0
  12:13:33.109    -0.1  1140.4    -90.0   520.0
  12:13:33.156    -0.1  1137.8    -90.0   520.0
  12:13:33.187    -0.1  1135.6    -90.0   520.0
  12:13:33.234    -0.1  1133.2    -90.0   520.0
  12:13:33.281    -0.1  1133.2    -90.0   510.0
  12:13:33.328    -0.1  1130.9    -90.0   510.0
  12:13:33.375    -0.1  1128.5    -90.0   490.0
  12:13:33.406    -0.1  1126.2    -90.0   490.0
  12:13:33.453    -0.1  1123.9    -90.0   490.0
  12:13:33.500    -0.1  1121.5    -90.0   480.0
  12:13:33.546    -0.1  1119.1    -90.0   480.0
  12:13:33.578    -0.1  1116.9    -90.0   480.0
  12:13:33.625    -0.1  1114.5    -90.0   470.0
  12:13:33.671    -0.1  1112.1    -90.0   470.0
  12:13:33.718    -0.1  1109.8    -90.0   470.0
  12:13:33.750    -0.1  1109.8    -90.0   450.0
  12:13:33.796    -0.1  1107.4    -90.0   450.0
  12:13:33.843    -0.1  1105.1    -90.0   450.0
  12:13:33.890    -0.1  1102.9    -90.0   450.0
  12:13:33.921    -0.1  1100.5    -90.0   440.0
  12:13:33.968    -0.1  1098.1    -90.0   440.0
  12:13:34.015    -0.1  1095.8    -90.0   430.0
  12:13:34.062    -0.1  1093.4    -90.0   430.0
  12:13:34.109    -0.1  1091.1    -90.0   430.0
  12:13:34.140    -0.1  1088.7    -90.0   410.0
  12:13:34.187    -0.1  1088.7    -90.0   410.0
  12:13:34.234    -0.1  1086.2    -90.0   410.0
  12:13:34.265    -0.1  1084.1    -90.0   400.0
  12:13:34.312    -0.1  1081.7    -90.0   400.0
  12:13:34.359    -0.1  1079.4    -90.0   400.0
  12:13:34.406    -0.1  1077.0    -90.0   400.0
  12:13:34.437    -0.1  1074.7    -90.0   400.0
  12:13:34.484    -0.1  1072.4    -90.0   400.0
  12:13:34.515    -0.1  1072.4    -90.0   400.0
  12:13:34.562    -0.1  1070.1    -90.0   400.0
  12:13:34.593    -0.1  1067.7    -90.0   400.0
  12:13:34.640    -0.1  1065.4    -90.0   400.0
  12:13:34.687    -0.1  1063.0    -90.0   400.0
  12:13:34.734     0.0  1060.7    -90.0   400.0
  12:13:34.765     0.0  1058.3    -90.0   400.0
  12:13:34.812     0.0  1056.0    -90.0   400.0
  12:13:34.859     0.0  1056.0    -90.0   410.0
  12:13:34.890     0.0  1053.7    -90.0   410.0
  12:13:34.937     0.0  1051.4    -90.0   410.0
  12:13:34.984     0.0  1049.0    -90.0   410.0
  12:13:35.015     0.0  1046.6    -90.0   410.0
  12:13:35.062     0.0  1044.4    -90.0   410.0
  12:13:35.109     0.0  1042.0    -90.0   410.0
  12:13:35.156     0.0  1039.6    -90.0   410.0
  12:13:35.187     0.0  1039.6    -90.0   410.0
  12:13:35.234     0.0  1037.3    -90.0   410.0
  12:13:35.281     0.0  1035.0    -90.0   410.0
  12:13:35.328     0.0  1032.6    -90.0   410.0
  12:13:35.375     0.0  1030.2    -90.0   410.0
  12:13:35.421     0.0  1027.8    -90.0   410.0
  12:13:35.453     0.0  1025.7    -90.0   410.0
  12:13:35.500     0.0  1023.3    -90.0   410.0
  12:13:35.546     0.0  1023.3    -90.0   420.0
  12:13:35.593     0.0  1020.0    -90.0   420.0
  12:13:35.625     0.0  1017.8    -90.0   420.0
  12:13:35.671     0.0  1015.5    -90.0   420.0
  12:13:35.718     0.0  1013.2    -90.0   420.0
  12:13:35.750     0.0  1010.8    -90.0   420.0
  12:13:35.796     0.0  1008.4    -90.0   430.0
  12:13:35.843     0.0  1006.1    -90.0   430.0
  12:13:35.890     0.0  1003.8    -90.0   430.0
  12:13:35.921     0.0  1003.8    -90.0   430.0
  12:13:35.968     0.0  1001.3    -90.0   430.0
  12:13:36.015     0.0   999.0    -90.0   430.0
  12:13:36.062     0.0   996.8    -90.0   420.0
  12:13:36.093     0.0   994.4    -90.0   420.0
  12:13:36.140     0.0   992.1    -90.0   430.0
  12:13:36.187     0.0   989.7    -90.0   430.0
  12:13:36.234     0.0   987.4    -90.0   430.0
  12:13:36.281     0.0   984.9    -90.0   430.0
  12:13:36.328     0.0   982.7    -90.0   430.0
  12:13:36.343     0.0   982.7    -90.0   430.0
  12:13:36.390     0.0   980.4    -90.0   430.0
  12:13:36.421     0.0   978.0    -90.0   430.0
  12:13:36.468     0.0   975.6    -90.0   430.0
  12:13:36.515     0.0   973.3    -90.0   440.0
  12:13:36.562     0.0   971.0    -90.0   440.0
  12:13:36.593     0.0   968.6    -90.0   440.0
  12:13:36.640     0.0   968.6    -90.0   440.0
  12:13:36.687     0.0   966.3    -90.0   440.0
  12:13:36.734     0.0   964.0    -90.0   440.0
  12:13:36.765     0.0   961.7    -90.0   440.0
  12:13:36.812     0.0   959.2    -90.0   440.0
  12:13:36.859     0.0   956.9    -90.0   440.0
  12:13:36.906     0.0   954.6    -90.0   440.0
  12:13:36.937     0.0   954.6    -90.0   450.0
  12:13:36.984     0.0   951.7    -90.0   440.0
  12:13:37.031     0.0   949.2    -90.0   440.0
  12:13:37.078     0.0   946.9    -90.0   440.0
  12:13:37.109     0.0   944.5    -90.0   440.0
  12:13:37.156     0.0   942.1    -90.0   440.0
  12:13:37.203     0.0   939.8    -90.0   450.0
  12:13:37.250     0.0   937.5    -90.0   450.0
  12:13:37.281     0.0   935.2    -90.0   450.0
  12:13:37.328     0.0   935.2    -90.0   450.0
  12:13:37.375     0.0   932.7    -90.0   440.0
  12:13:37.421     0.1   930.5    -90.0   450.0
  12:13:37.468     0.1   928.1    -90.0   450.0
  12:13:37.515     0.1   925.7    -90.0   450.0
  12:13:37.546     0.1   923.4    -90.0   460.0
  12:13:37.593     0.1   920.8    -90.0   460.0
  12:13:37.640     0.1   918.8    -90.0   460.0
  12:13:37.671     0.1   916.4    -90.0   460.0
  12:13:37.718     0.1   916.4    -90.0   460.0
  12:13:37.750     0.1   914.1    -90.0   460.0
  12:13:37.796     0.1   911.7    -90.0   460.0
  12:13:37.843     0.1   909.3    -90.0   460.0
  12:13:37.875     0.1   907.1    -90.0   460.0
  12:13:37.921     0.1   904.7    -90.0   460.0
  12:13:37.968     0.1   902.4    -90.0   460.0
  12:13:38.015     0.1   900.0    -90.0   460.0
  12:13:38.062     0.1   897.7    -90.0   460.0
  12:13:38.093     0.1   897.7    -90.0   460.0
  12:13:38.140     0.1   895.4    -90.0   460.0
  12:13:38.187     0.1   893.0    -90.0   470.0
  12:13:38.234     0.1   890.6    -90.0   470.0
  12:13:38.265     0.1   888.4    -90.0   460.0
  12:13:38.312     0.1   886.1    -90.0   470.0
  12:13:38.359     0.1   883.7    -90.0   470.0
  12:13:38.390     0.1   883.7    -90.0   470.0
  12:13:38.437     0.1   881.3    -90.0   470.0
  12:13:38.468     0.1   878.9    -90.0   470.0
  12:13:38.515     0.1   876.6    -90.0   470.0
  12:13:38.562     0.1   874.2    -90.0   470.0
  12:13:38.593     0.1   872.0    -90.0   480.0
  12:13:38.640     0.1   869.7    -90.0   480.0
  12:13:38.671     0.1   867.3    -90.0   480.0
  12:13:38.718     0.1   867.3    -90.0   470.0
  12:13:38.765     0.1   864.9    -90.0   470.0
  12:13:38.812     0.1   862.6    -90.0   470.0
  12:13:38.859     0.1   860.3    -90.0   480.0
  12:13:38.890     0.1   857.9    -90.0   480.0
  12:13:38.937     0.1   855.7    -90.0   480.0
  12:13:38.984     0.1   853.2    -90.0   480.0
  12:13:39.015     0.1   850.9    -90.0   480.0
  12:13:39.062     0.1   848.7    -90.0   480.0
  12:13:39.109     0.1   846.2    -90.0   480.0
  12:13:39.156     0.1   846.2    -90.0   480.0
  12:13:39.187     0.1   843.9    -90.0   490.0
  12:13:39.234     0.1   841.6    -90.0   490.0
  12:13:39.281     0.1   839.3    -90.0   480.0
  12:13:39.312     0.1   836.9    -90.0   490.0
  12:13:39.359     0.1   834.6    -90.0   490.0
  12:13:39.390     0.1   832.1    -90.0   490.0
  12:13:39.437     0.1   832.1    -90.0   490.0
  12:13:39.484     0.1   829.8    -90.0   490.0
  12:13:39.531     0.1   827.5    -90.0   480.0
  12:13:39.562     0.1   825.1    -90.0   480.0
  12:13:39.609     0.1   822.9    -90.0   470.0
  12:13:39.656     0.1   820.5    -90.0   460.0
  12:13:39.703     0.1   818.2    -90.0   460.0
  12:13:39.734     0.1   815.8    -90.0   460.0
  12:13:39.781     0.1   813.3    -90.0   450.0
  12:13:39.828     0.1   811.1    -90.0   450.0
  12:13:39.875     0.1   811.1    -90.0   440.0
  12:13:39.906     0.1   808.8    -90.0   440.0
  12:13:39.953     0.1   806.5    -90.0   440.0
  12:13:40.000     0.1   804.1    -90.0   420.0
  12:13:40.046     0.2   801.8    -90.0   420.0
  12:13:40.078     0.2   799.5    -90.0   420.0
  12:13:40.125     0.2   797.1    -90.0   410.0
  12:13:40.171     0.2   794.9    -90.0   400.0
  12:13:40.218     0.2   792.0    -90.0   400.0
  12:13:40.265     0.2   790.2    -90.0   400.0
  12:13:40.296     0.2   790.2    -90.0   390.0
  12:13:40.343     0.2   787.8    -90.0   390.0
  12:13:40.390     0.2   785.5    -90.0   390.0
  12:13:40.437     0.2   783.0    -90.0   390.0
  12:13:40.468     0.2   780.8    -90.0   390.0
  12:13:40.515     0.2   778.5    -90.0   390.0
  12:13:40.562     0.2   776.0    -90.0   390.0
  12:13:40.609     0.2   773.6    -90.0   390.0
  12:13:40.640     0.2   771.4    -90.0   390.0
  12:13:40.687     0.2   769.0    -90.0   390.0
  12:13:40.734     0.2   769.0    -90.0   390.0
  12:13:40.781     0.2   766.7    -90.0   390.0
  12:13:40.812     0.2   764.3    -90.0   390.0
  12:13:40.859     0.2   762.0    -90.0   390.0
  12:13:40.906     0.2   759.7    -90.0   390.0
  12:13:40.953     0.2   757.3    -90.0   390.0
  12:13:41.000     0.2   754.9    -90.0   400.0
  12:13:41.031     0.2   752.6    -90.0   400.0
  12:13:41.078     0.2   750.3    -90.0   400.0
  12:13:41.125     0.2   748.0    -90.0   400.0
  12:13:41.156     0.2   748.0    -90.0   400.0
  12:13:41.203     0.2   745.6    -90.0   400.0
  12:13:41.250     0.2   743.3    -90.0   400.0
  12:13:41.296     0.2   740.9    -90.0   400.0
  12:13:41.343     0.2   738.6    -90.0   400.0
  12:13:41.390     0.2   736.2    -90.0   400.0
  12:13:41.421     0.2   733.9    -90.0   400.0
  12:13:41.468     0.2   731.5    -90.0   400.0
  12:13:41.515     0.2   729.3    -90.0   400.0
  12:13:41.546     0.2   727.0    -90.0   410.0
  12:13:41.593     0.2   724.5    -90.0   400.0
  12:13:41.640     0.2   724.5    -90.0   410.0
  12:13:41.687     0.2   722.2    -90.0   410.0
  12:13:41.734     0.2   719.8    -90.0   410.0
  12:13:41.765     0.2   717.6    -90.0   410.0
  12:13:41.812     0.2   715.2    -90.0   410.0
  12:13:41.859     0.2   712.9    -90.0   410.0
  12:13:41.906     0.2   710.6    -90.0   410.0
  12:13:41.937     0.2   708.2    -90.0   410.0
  12:13:41.984     0.2   705.8    -90.0   410.0
  12:13:42.031     0.2   705.8    -90.0   410.0
  12:13:42.062     0.2   703.5    -90.0   410.0
  12:13:42.109     0.2   701.2    -90.0   410.0
  12:13:42.156     0.2   698.7    -90.0   420.0
  12:13:42.203     0.2   696.6    -90.0   420.0
  12:13:42.250     0.2   694.1    -90.0   420.0
  12:13:42.281     0.2   691.9    -90.0   420.0
  12:13:42.328     0.2   689.5    -90.0   420.0
  12:13:42.375     0.2   687.1    -90.0   420.0
  12:13:42.437     0.2   684.8    -90.0   420.0
  12:13:42.468     0.2   682.6    -90.0   420.0
  12:13:42.500     0.2   682.6    -90.0   420.0
  12:13:42.546     0.2   680.2    -90.0   420.0
  12:13:42.593     0.2   677.8    -90.0   420.0
  12:13:42.640     0.2   675.4    -90.0   420.0
  12:13:42.671     0.3   673.2    -90.0   420.0
  12:13:42.718     0.3   670.8    -90.0   430.0
  12:13:42.765     0.3   668.5    -90.0   430.0
  12:13:42.812     0.3   666.2    -90.0   430.0
  12:13:42.859     0.3   663.8    -90.0   430.0
  12:13:42.890     0.3   661.5    -90.0   430.0
  12:13:42.937     0.3   661.5    -90.0   430.0
  12:13:42.984     0.3   659.0    -90.0   430.0
  12:13:43.015     0.3   656.6    -90.0   430.0
  12:13:43.062     0.3   654.3    -90.0   430.0
  12:13:43.109     0.3   652.1    -90.0   440.0
  12:13:43.156     0.3   649.8    -90.0   440.0
  12:13:43.187     0.3   647.3    -90.0   440.0
  12:13:43.250     0.3   645.1    -90.0   440.0
  12:13:43.281     0.3   642.7    -90.0   440.0
  12:13:43.328     0.3   642.7    -90.0   440.0
  12:13:43.359     0.3   640.3    -90.0   430.0
  12:13:43.406     0.3   638.1    -90.0   430.0
  12:13:43.437     0.3   635.7    -90.0   430.0
  12:13:43.484     0.3   633.3    -90.0   430.0
  12:13:43.515     0.3   631.0    -90.0   430.0
  12:13:43.562     0.3   628.8    -90.0   440.0
  12:13:43.609     0.3   628.8    -90.0   440.0
  12:13:43.656     0.3   626.4    -90.0   440.0
  12:13:43.687     0.3   623.6    -90.0   450.0
  12:13:43.734     0.3   621.6    -90.0   440.0
  12:13:43.781     0.3   619.4    -90.0   440.0
  12:13:43.828     0.3   617.0    -90.0   440.0
  12:13:43.859     0.3   614.3    -90.0   440.0
  12:13:43.906     0.3   614.3    -90.0   440.0
  12:13:43.953     0.3   611.5    -90.0   450.0
  12:13:44.000     0.3   609.3    -90.0   450.0
  12:13:44.046     0.3   606.9    -90.0   440.0
  12:13:44.078     0.3   604.5    -90.0   450.0
  12:13:44.125     0.3   602.2    -90.0   450.0
  12:13:44.171     0.3   599.8    -90.0   440.0
  12:13:44.203     0.3   597.4    -90.0   450.0
  12:13:44.265     0.3   595.1    -90.0   450.0
  12:13:44.296     0.3   592.8    -90.0   450.0
  12:13:44.328     0.3   592.8    -90.0   460.0
  12:13:44.375     0.3   590.5    -90.0   460.0
  12:13:44.421     0.3   588.2    -90.0   460.0
  12:13:44.468     0.3   585.9    -90.0   460.0
  12:13:44.500     0.3   583.5    -90.0   460.0
  12:13:44.546     0.3   581.1    -90.0   460.0
  12:13:44.593     0.3   578.7    -90.0   460.0
  12:13:44.640     0.3   576.4    -90.0   460.0
  12:13:44.687     0.3   574.2    -90.0   460.0
  12:13:44.718     0.3   574.2    -90.0   460.0
  12:13:44.765     0.3   571.8    -90.0   460.0
  12:13:44.812     0.3   569.5    -90.0   460.0
  12:13:44.859     0.3   567.1    -90.0   460.0
  12:13:44.890     0.3   564.7    -90.0   460.0
  12:13:44.937     0.3   562.4    -90.0   460.0
  12:13:44.984     0.3   560.0    -90.0   460.0
  12:13:45.031     0.3   557.7    -90.0   470.0
  12:13:45.062     0.3   557.7    -90.0   470.0
  12:13:45.109     0.3   554.8    -90.0   470.0
  12:13:45.156     0.3   552.2    -90.0   470.0
  12:13:45.203     0.3   549.9    -90.0   470.0
  12:13:45.234     0.3   547.5    -90.0   470.0
  12:13:45.281     0.3   545.2    -90.0   470.0
  12:13:45.328     0.4   542.9    -90.0   470.0
  12:13:45.375     0.4   540.5    -90.0   470.0
  12:13:45.421     0.4   538.3    -90.0   470.0
  12:13:45.468     0.4   535.9    -90.0   470.0
  12:13:45.500     0.4   535.9    -90.0   480.0
  12:13:45.546     0.4   533.6    -90.0   480.0
  12:13:45.593     0.4   531.3    -90.0   470.0
  12:13:45.640     0.4   528.9    -90.0   480.0
  12:13:45.671     0.4   526.5    -90.0   480.0
  12:13:45.718     0.4   524.2    -90.0   480.0
  12:13:45.750     0.4   524.2    -90.0   480.0
  12:13:45.796     0.4   521.8    -90.0   480.0
  12:13:45.812     0.4   519.5    -90.0   480.0
  12:13:45.859     0.4   517.1    -90.0   480.0
  12:13:45.906     0.4   514.9    -90.0   480.0
  12:13:45.937     0.4   512.5    -90.0   480.0
  12:13:46.000     0.4   510.2    -90.0   490.0
  12:13:46.031     0.4   510.2    -90.0   490.0
  12:13:46.078     0.4   507.8    -90.0   490.0
  12:13:46.125     0.4   505.5    -90.0   490.0
  12:13:46.156     0.4   503.2    -90.0   490.0
  12:13:46.203     0.4   500.9    -90.0   490.0
  12:13:46.250     0.4   498.5    -90.0   490.0
  12:13:46.281     0.4   496.1    -90.0   490.0
  12:13:46.328     0.4   493.8    -90.0   490.0
  12:13:46.375     0.4   491.4    -90.0   490.0
  12:13:46.421     0.4   489.0    -90.0   500.0
  12:13:46.468     0.4   489.0    -90.0   500.0
  12:13:46.515     0.4   486.8    -90.0   510.0
  12:13:46.546     0.4   484.5    -90.0   510.0
  12:13:46.578     0.4   482.0    -90.0   510.0
  12:13:46.625     0.4   479.7    -90.0   560.0
  12:13:46.671     0.4   477.4    -90.0   570.0
  12:13:46.718     0.4   475.1    -90.0   570.0
  12:13:46.750     0.4   472.7    -90.0   940.0
