Лабораторная работа 1. Анализ сенсорных данных об объекте

Маршрут: квадрат
Направление движения: по часовой стрелке
Скорость движения: 50.0 мм/с
Рабочий дальномер: правый (Rf_R)
Матрица положения дальномера Rf_R:
   0.000   1.000   0.000   -65.0
  -1.000   0.000   0.000  -223.0
   0.000   0.000   1.000   265.5
       0       0       0       1

Выходная информация: положение робота, данные дальномера об объекте

          Time   X_rob   Y_rob  Ang_rob    Rf_R
  чч:мм:сс.ссс      мм      мм     град      мм
  12:17:59.906   -10.5   780.4     89.5   890.0
  12:17:59.937   -10.5   782.7     89.5   690.0
  12:17:59.984   -10.5   785.0     89.5   690.0
  12:18:00.031   -10.4   787.3     89.5   480.0
  12:18:00.078   -10.4   789.6     89.5   460.0
  12:18:00.125   -10.4   792.1     89.5   460.0
  12:18:00.156   -10.4   794.4     89.5   460.0
  12:18:00.203   -10.4   794.4     89.5   460.0
  12:18:00.250   -10.4   797.4     89.5   460.0
  12:18:00.281   -10.3   799.9     89.5   450.0
  12:18:00.328   -10.3   802.3     89.5   450.0
  12:18:00.375   -10.3   804.5     89.5   450.0
  12:18:00.421   -10.3   806.9     89.5   450.0
  12:18:00.453   -10.2   809.3     89.5   450.0
  12:18:00.500   -10.2   809.3     89.5   450.0
  12:18:00.531   -10.2   811.6     89.5   450.0
  12:18:00.578   -10.2   813.9     89.5   450.0
  12:18:00.625   -10.2   816.1     89.5   450.0
  12:18:00.671   -10.2   818.5     89.5   450.0
  12:18:00.703   -10.1   821.0     89.5   450.0
  12:18:00.750   -10.1   823.3     89.5   450.0
  12:18:00.796   -10.1   825.6     89.5   440.0
  12:18:00.843   -10.1   827.9     89.5   440.0
  12:18:00.890   -10.1   827.9     89.5   440.0
  12:18:00.921   -10.0   830.3     89.5   440.0
  12:18:00.968   -10.0   832.5     89.5   440.0
  12:18:01.000   -10.0   835.0     89.5   440.0
  12:18:01.046   -10.0   837.2     89.5   450.0
  12:18:01.093   -10.0   839.6     89.5   440.0
  12:18:01.125    -9.9   842.0     89.5   440.0
  12:18:01.171    -9.9   842.0     89.5   440.0
  12:18:01.203    -9.9   844.2     89.5   440.0
  12:18:01.250    -9.9   846.6     89.5   440.0
  12:18:01.296    -9.9   848.9     89.5   440.0
  12:18:01.343    -9.8   851.4     89.5   440.0
  12:18:01.375    -9.8   853.6     89.5   440.0
  12:18:01.437    -9.8   856.0     89.5   440.0
  12:18:01.453    -9.8   856.0     89.5   440.0
  12:18:01.500    -9.8   859.1     89.5   440.0
  12:18:01.546    -9.8   861.5     89.5   440.0
  12:18:01.593    -9.7   863.7     89.5   440.0
  12:18:01.625    -9.7   866.4     89.5   440.0
  12:18:01.671    -9.7   868.5     89.5   440.0
  12:18:01.718    -9.7   870.8     89.5   440.0
  12:18:01.765    -9.7   870.8     89.5   440.0
  12:18:01.796    -9.6   873.1     89.5   440.0
  12:18:01.843    -9.6   875.5     89.5   440.0
  12:18:01.875    -9.6   877.8     89.5   440.0
  12:18:01.921    -9.6   880.2     89.5   440.0
  12:18:01.968    -9.6   882.4     89.5   440.0
  12:18:02.015    -9.5   884.8     89.5   440.0
  12:18:02.046    -9.5   884.8     89.5   440.0
  12:18:02.093    -9.5   887.3     89.5   440.0
  12:18:02.140    -9.5   889.5     89.5   440.0
  12:18:02.171    -9.5   891.8     89.5   440.0
  12:18:02.234    -9.4   894.2     89.5   440.0
  12:18:02.265    -9.4   896.9     89.5   440.0
  12:18:02.312    -9.4   898.8     89.5   440.0
  12:18:02.359    -9.4   901.3     89.5   440.0
  12:18:02.390    -9.4   903.5     89.5   440.0
  12:18:02.437    -9.4   903.5     89.5   440.0
  12:18:02.484    -9.3   906.7     89.5   430.0
  12:18:02.515    -9.3   909.0     89.5   430.0
  12:18:02.562    -9.3   911.4     89.5   430.0
  12:18:02.609    -9.3   913.7     89.5   430.0
  12:18:02.656    -9.2   916.2     89.5   430.0
  12:18:02.687    -9.2   918.4     89.5   430.0
  12:18:02.734    -9.2   918.4     89.5   430.0
  12:18:02.781    -9.2   920.7     89.5   430.0
  12:18:02.828    -9.2   923.0     89.5   430.0
  12:18:02.843    -9.2   925.5     89.5   430.0
  12:18:02.890    -9.1   927.8     89.5   430.0
  12:18:02.937    -9.1   927.8     89.5   430.0
  12:18:02.968    -9.1   930.0     89.5   430.0
  12:18:03.015    -9.1   932.4     89.5   430.0
  12:18:03.062    -9.1   935.3     89.5   430.0
  12:18:03.093    -9.0   937.9     89.5   430.0
  12:18:03.140    -9.0   940.2     89.5   430.0
  12:18:03.187    -9.0   940.2     89.5   430.0
  12:18:03.234    -9.0   942.5     89.5   430.0
  12:18:03.265    -9.0   944.9     89.5   430.0
  12:18:03.312    -9.0   947.2     89.5   430.0
  12:18:03.359    -8.9   949.5     89.5   430.0
  12:18:03.406    -8.9   951.9     89.5   430.0
  12:18:03.453    -8.9   954.3     89.5   430.0
  12:18:03.484    -8.9   956.5     89.5   430.0
  12:18:03.531    -8.8   958.9     89.5   430.0
  12:18:03.578    -8.8   961.2     89.5   430.0
  12:18:03.609    -8.8   961.2     89.5   430.0
  12:18:03.656    -8.8   963.5     89.5   430.0
  12:18:03.703    -8.8   966.0     89.5   430.0
  12:18:03.750    -8.8   968.3     89.5   430.0
  12:18:03.781    -8.7   970.6     89.5   430.0
  12:18:03.828    -8.7   972.9     89.5   430.0
  12:18:03.875    -8.7   975.3     89.5   430.0
  12:18:03.921    -8.7   977.6     89.5   430.0
  12:18:03.968    -8.6   979.9     89.5   430.0
  12:18:04.000    -8.6   982.4     89.5   430.0
  12:18:04.046    -8.6   982.4     89.5   430.0
  12:18:04.093    -8.6   984.6     89.5   430.0
  12:18:04.140    -8.6   987.1     89.5   430.0
  12:18:04.187    -8.6   989.3     89.5   430.0
  12:18:04.218    -8.5   991.7     89.5   430.0
  12:18:04.265    -8.5   993.9     89.5   430.0
  12:18:04.312    -8.5   996.3     89.5   430.0
  12:18:04.343    -8.5   998.7     89.5   430.0
  12:18:04.390    -8.4  1001.0     89.5   430.0
  12:18:04.437    -8.4  1001.0     89.5   430.0
  12:18:04.468    -8.4  1003.4     89.5   430.0
  12:18:04.515    -8.4  1005.7     89.5   420.0
  12:18:04.562    -8.4  1008.0     89.5   420.0
  12:18:04.593    -8.4  1010.4     89.5   420.0
  12:18:04.640    -8.3  1012.8     89.5   420.0
  12:18:04.687    -8.3  1015.1     89.5   420.0
  12:18:04.734    -8.3  1017.4     89.5   430.0
  12:18:04.765    -8.3  1019.7     89.5   420.0
  12:18:04.812    -8.3  1019.7     89.5   420.0
  12:18:04.859    -8.3  1022.0     89.5   420.0
  12:18:04.906    -8.2  1024.4     89.5   420.0
  12:18:04.953    -8.2  1026.8     89.5   420.0
  12:18:04.984    -8.2  1029.1     89.5   420.0
  12:18:05.031    -8.2  1031.5     89.5   420.0
  12:18:05.078    -8.1  1033.9     89.5   420.0
  12:18:05.125    -8.1  1036.1     89.5   420.0
  12:18:05.156    -8.1  1038.5     89.5   420.0
  12:18:05.203    -8.1  1040.7     89.5   420.0
  12:18:05.250    -8.1  1043.1     89.5   420.0
  12:18:05.296    -8.1  1043.1     89.5   420.0
  12:18:05.328    -8.0  1045.4     89.5   420.0
  12:18:05.375    -8.0  1047.8     89.5   420.0
  12:18:05.421    -8.0  1050.1     89.5   420.0
  12:18:05.468    -8.0  1052.5     89.5   420.0
  12:18:05.500    -7.9  1054.8     89.5   420.0
  12:18:05.546    -7.9  1057.2     89.5   420.0
  12:18:05.593    -7.9  1059.6     89.5   420.0
  12:18:05.640    -7.9  1061.9     89.5   420.0
  12:18:05.671    -7.9  1064.2     89.5   420.0
  12:18:05.718    -7.9  1064.2     89.5   420.0
  12:18:05.765    -7.8  1066.5     89.5   420.0
  12:18:05.812    -7.8  1068.9     89.5   420.0
  12:18:05.859    -7.8  1071.1     89.5   420.0
  12:18:05.890    -7.8  1073.5     89.5   420.0
  12:18:05.937    -7.7  1075.8     89.5   420.0
  12:18:05.984    -7.7  1078.2     89.5   420.0
  12:18:06.015    -7.7  1080.6     89.5   410.0
  12:18:06.062    -7.7  1082.9     89.5   410.0
  12:18:06.109    -7.7  1085.7     89.5   410.0
  12:18:06.156    -7.7  1085.7     89.5   410.0
  12:18:06.203    -7.6  1087.5     89.5   410.0
  12:18:06.234    -7.6  1090.0     89.5   410.0
  12:18:06.296    -7.6  1092.3     89.5   420.0
  12:18:06.328    -7.6  1094.9     89.5   410.0
  12:18:06.375    -7.5  1096.9     89.5   410.0
  12:18:06.406    -7.5  1099.2     89.5   410.0
  12:18:06.453    -7.5  1101.6     89.5   410.0
  12:18:06.500    -7.5  1103.9     89.5   410.0
  12:18:06.546    -7.5  1106.3     89.5   410.0
  12:18:06.578    -7.5  1106.3     89.5   410.0
  12:18:06.609    -7.4  1108.6     89.5   410.0
  12:18:06.656    -7.4  1111.0     89.5   410.0
  12:18:06.703    -7.4  1113.3     89.5   410.0
  12:18:06.750    -7.4  1115.7     89.5   410.0
  12:18:06.796    -7.4  1118.1     89.5   410.0
  12:18:06.828    -7.3  1120.3     89.5   410.0
  12:18:06.875    -7.3  1120.3     89.5   410.0
  12:18:06.921    -7.3  1122.6     89.5   410.0
  12:18:06.953    -7.3  1124.9     89.5   410.0
  12:18:06.984    -7.3  1127.4     89.5   410.0
  12:18:07.031    -7.2  1129.7     89.5   410.0
  12:18:07.093    -7.2  1132.0     89.5   410.0
  12:18:07.125    -7.2  1132.0     89.5   410.0
  12:18:07.171    -7.2  1135.2     89.5   410.0
  12:18:07.203    -7.2  1137.5     89.5   410.0
  12:18:07.250    -7.1  1139.9     89.5   410.0
  12:18:07.296    -7.1  1142.1     89.5   410.0
  12:18:07.343    -7.1  1144.8     89.5   410.0
  12:18:07.375    -7.1  1146.8     89.5   410.0
  12:18:07.421    -7.1  1149.2     89.5   410.0
  12:18:07.468    -7.0  1151.5     89.5   400.0
  12:18:07.515    -7.0  1151.5     89.5   400.0
  12:18:07.546    -7.0  1154.3     89.5   400.0
  12:18:07.593    -7.0  1157.1     89.5   400.0
  12:18:07.640    -7.0  1159.4     89.5   400.0
  12:18:07.687    -6.9  1161.7     89.5   400.0
  12:18:07.718    -6.9  1164.0     89.5   400.0
  12:18:07.765    -6.9  1164.0     89.5   400.0
  12:18:07.812    -6.9  1166.4     89.5   400.0
  12:18:07.843    -6.9  1168.7     89.5   400.0
  12:18:07.890    -6.9  1171.1     89.5   410.0
  12:18:07.937    -6.8  1173.3     89.5   400.0
  12:18:07.968    -6.8  1175.6     89.5   400.0
  12:18:08.015    -6.8  1178.0     89.5   400.0
  12:18:08.062    -6.8  1180.4     89.5   400.0
  12:18:08.109    -6.8  1180.4     89.5   400.0
  12:18:08.140    -6.7  1182.8     89.5   400.0
  12:18:08.187    -6.7  1185.1     89.5   400.0
  12:18:08.234    -6.7  1187.4     89.5   400.0
  12:18:08.281    -6.7  1189.7     89.5   400.0
  12:18:08.312    -6.7  1192.1     89.5   400.0
  12:18:08.343    -6.6  1194.4     89.5   400.0
  12:18:08.390    -6.6  1196.7     89.5   400.0
  12:18:08.437    -6.6  1196.7     89.5   400.0
  12:18:08.484    -6.6  1199.1     89.5   400.0
  12:18:08.515    -6.6  1201.3     89.5   400.0
  12:18:08.562    -6.5  1203.7     89.5   400.0
  12:18:08.593    -6.5  1206.1     89.5   400.0
  12:18:08.640    -6.5  1208.4     89.5   400.0
  12:18:08.671    -6.5  1210.8     89.5   400.0
  12:18:08.718    -6.5  1210.8     89.5   400.0
  12:18:08.765    -6.5  1213.1     89.5   400.0
  12:18:08.812    -6.4  1215.6     89.5   400.0
  12:18:08.843    -6.4  1217.7     89.5   400.0
  12:18:08.890    -6.4  1220.2     89.5   400.0
  12:18:08.937    -6.4  1222.5     89.5   400.0
  12:18:08.984    -6.4  1224.8     89.5   400.0
  12:18:09.031    -6.3  1227.1     89.5   400.0
  12:18:09.062    -6.3  1229.6     89.5   400.0
  12:18:09.109    -6.3  1231.9     89.5   390.0
  12:18:09.156    -6.3  1231.9     89.5   400.0
  12:18:09.187    -6.3  1234.1     89.5   390.0
  12:18:09.234    -6.2  1236.5     89.5   390.0
  12:18:09.265    -6.2  1238.8     89.5   390.0
  12:18:09.312    -6.2  1241.2     89.5   400.0
  12:18:09.359    -6.2  1243.5     89.5   400.0
  12:18:09.390    -6.2  1243.5     89.5   400.0
  12:18:09.437    -6.2  1245.9     89.5   400.0
  12:18:09.484    -6.1  1248.2     89.5   390.0
  12:18:09.531    -6.1  1250.5     89.5   400.0
  12:18:09.562    -6.1  1252.8     89.5   400.0
  12:18:09.609    -6.1  1255.2     89.5   400.0
  12:18:09.656    -6.0  1257.5     89.5   400.0
  12:18:09.703    -6.0  1259.9     89.5   400.0
  12:18:09.734    -6.0  1262.3     89.5   390.0
  12:18:09.781    -6.0  1264.7     89.5   390.0
  12:18:09.828    -6.0  1264.7     89.5   390.0
  12:18:09.859    -6.0  1266.9     89.5   390.0
  12:18:09.890    -5.9  1269.3     89.5   390.0
  12:18:09.937    -5.9  1271.6     89.5   390.0
  12:18:09.968    -5.9  1273.9     89.5   390.0
  12:18:10.015    -5.9  1273.9     89.5   390.0
  12:18:10.062    -5.9  1276.2     89.5   390.0
  12:18:10.109    -5.8  1278.6     89.5   390.0
  12:18:10.171    -5.8  1280.9     89.5   390.0
  12:18:10.187    -5.8  1283.7     89.5   390.0
  12:18:10.234    -5.8  1286.5     89.5   390.0
  12:18:10.281    -5.8  1286.5     89.5   400.0
  12:18:10.312    -5.8  1288.7     89.5   400.0
  12:18:10.375    -5.7  1291.1     89.5   400.0
  12:18:10.406    -5.7  1293.9     89.5   420.0
  12:18:10.453    -5.7  1296.5     89.5   420.0
  12:18:10.500    -5.7  1298.9     89.5   420.0
  12:18:10.531    -5.6  1301.3     89.5   440.0
  12:18:10.578    -5.6  1303.6     89.5   460.0
  12:18:10.625    -5.6  1303.6     89.5   460.0
  12:18:10.671    -5.6  1305.8     89.5   480.0
  12:18:10.703    -5.6  1308.2     89.5   500.0
  12:18:10.750    -5.5  1310.6     89.5   500.0
  12:18:10.781    -5.5  1312.9     89.5   510.0
  12:18:10.828    -5.5  1315.2     89.5   570.0
  12:18:10.875    -5.5  1317.6     89.5   570.0
  12:18:10.921    -5.5  1320.0     89.5   570.0
  12:18:10.968    -5.5  1320.0     89.5   570.0
  12:18:11.000    -5.4  1323.0     89.5   570.0
  12:18:11.046    -5.4  1325.4     89.5   570.0
  12:18:11.093    -5.4  1327.7     89.5   690.0
  12:18:11.140    -5.4  1330.0     89.5   680.0
  12:18:11.187    -5.3  1332.7     89.5   680.0
  12:18:11.218    -5.3  1334.7     89.5   690.0
  12:18:11.265    -5.3  1337.1     89.5   690.0
  12:18:11.312    -5.3  1337.1     89.5   730.0
  12:18:11.359    -5.3  1339.5     89.5   740.0
  12:18:11.390    -5.3  1341.7     89.5   740.0
  12:18:11.437    -5.2  1344.9     89.5   830.0
  12:18:11.484    -5.2  1347.2     89.5   740.0
  12:18:11.515    -5.2  1349.5     89.5   740.0
  12:18:11.578    -5.2  1349.5     89.5   770.0
  12:18:11.609    -5.2  1352.3     89.5   820.0
  12:18:11.656    -5.1  1355.0     89.5   800.0
  12:18:11.687    -5.1  1357.3     89.5   820.0
  12:18:11.734    -5.1  1359.7     89.5   880.0
  12:18:11.781    -5.1  1362.3     89.5   880.0
  12:18:11.828    -5.1  1362.3     89.5   880.0
  12:18:11.875    -5.0  1364.4     89.5   970.0
  12:18:11.906    -5.0  1366.7     89.5   970.0
  12:18:11.953    -5.0  1369.0     89.5  1080.0
  12:18:41.484   671.1  1838.8      0.0  1010.0
  12:18:41.531   673.7  1838.8      0.0   900.0
  12:18:41.578   676.0  1838.8      0.0   900.0
  12:18:41.625   678.4  1838.8      0.0   460.0
  12:18:41.656   680.9  1838.8      0.0   430.0
  12:18:41.703   683.1  1838.8      0.0   430.0
  12:18:41.750   685.4  1838.8      0.0   410.0
  12:18:41.781   687.8  1838.8      0.0   400.0
  12:18:41.828   690.1  1838.8      0.0   400.0
  12:18:41.875   690.1  1838.8      0.0   400.0
  12:18:41.921   692.5  1838.8      0.0   400.0
  12:18:41.953   694.7  1838.8      0.0   400.0
  12:18:42.000   697.2  1838.8      0.0   400.0
  12:18:42.046   699.5  1838.8      0.0   400.0
  12:18:42.078   701.8  1838.8      0.0   400.0
  12:18:42.125   704.3  1838.8      0.0   400.0
  12:18:42.171   706.5  1838.8      0.0   400.0
  12:18:42.218   706.5  1838.8      0.0   400.0
  12:18:42.250   708.8  1838.8      0.0   400.0
  12:18:42.296   711.2  1838.8      0.0   400.0
  12:18:42.343   713.6  1838.8      0.0   400.0
  12:18:42.375   715.8  1838.8      0.0   400.0
  12:18:42.421   718.2  1838.8      0.0   400.0
  12:18:42.468   720.6  1838.8      0.0   400.0
  12:18:42.515   722.9  1838.8      0.0   400.0
  12:18:42.546   725.2  1838.8      0.0   400.0
  12:18:42.593   727.5  1838.8      0.0   400.0
  12:18:42.640   727.5  1838.8      0.0   390.0
  12:18:42.687   729.9  1838.8      0.0   390.0
  12:18:42.718   732.2  1838.8      0.0   390.0
  12:18:42.765   734.6  1838.8      0.0   390.0
  12:18:42.812   737.0  1838.8      0.0   390.0
  12:18:42.859   739.3  1838.8      0.0   390.0
  12:18:42.906   741.5  1838.8      0.0   390.0
  12:18:42.937   743.9  1838.8      0.0   390.0
  12:18:42.984   743.9  1838.8      0.0   390.0
  12:18:43.015   746.3  1838.8      0.0   390.0
  12:18:43.062   748.6  1838.8      0.0   390.0
  12:18:43.093   751.0  1838.8      0.0   390.0
  12:18:43.140   753.3  1838.8      0.0   390.0
  12:18:43.187   755.6  1838.8      0.0   390.0
  12:18:43.234   758.0  1838.8      0.0   390.0
  12:18:43.281   760.3  1838.8      0.0   390.0
  12:18:43.312   762.6  1838.8      0.0   390.0
  12:18:43.359   762.6  1838.8      0.0   390.0
  12:18:43.406   765.0  1838.8      0.0   390.0
  12:18:43.453   767.3  1838.8      0.0   390.0
  12:18:43.484   769.6  1838.8      0.0   390.0
  12:18:43.531   772.0  1838.8      0.0   390.0
  12:18:43.578   774.3  1838.8      0.0   390.0
  12:18:43.625   776.7  1838.8      0.0   390.0
  12:18:43.656   779.1  1838.8      0.0   390.0
  12:18:43.703   781.3  1838.8      0.0   390.0
  12:18:43.750   781.3  1838.8      0.0   390.0
  12:18:43.796   783.7  1838.8      0.0   390.0
  12:18:43.828   786.1  1838.8      0.0   390.0
  12:18:43.875   788.5  1838.8      0.0   390.0
  12:18:43.921   790.8  1838.8      0.0   390.0
  12:18:43.968   793.0  1838.8      0.0   390.0
  12:18:44.000   795.3  1838.8      0.0   390.0
  12:18:44.046   797.7  1838.8      0.0   390.0
  12:18:44.093   800.2  1838.8      0.0   390.0
  12:18:44.140   802.4  1838.8      0.0   390.0
  12:18:44.187   804.7  1838.8      0.0   380.0
  12:18:44.218   807.0  1838.8      0.0   380.0
  12:18:44.265   807.0  1838.8      0.0   380.0
  12:18:44.312   809.6  1838.8      0.0   380.0
  12:18:44.359   811.8  1838.8      0.0   380.0
  12:18:44.406   814.1  1838.8      0.0   380.0
  12:18:44.437   816.4  1838.8      0.0   380.0
  12:18:44.484   818.8  1838.8      0.0   380.0
  12:18:44.531   821.2  1838.8      0.0   380.0
  12:18:44.578   823.4  1838.8      0.0   380.0
  12:18:44.609   825.8  1838.8      0.0   380.0
  12:18:44.656   828.2  1838.8      0.0   380.0
  12:18:44.703   828.2  1838.8      0.0   380.0
  12:18:44.750   831.2  1838.8      0.0   380.0
  12:18:44.781   833.6  1838.8      0.0   380.0
  12:18:44.828   835.9  1838.8      0.0   380.0
  12:18:44.875   838.2  1838.8      0.0   380.0
  12:18:44.906   838.2  1838.8      0.0   380.0
  12:18:44.953   840.6  1838.8      0.0   380.0
  12:18:45.000   843.0  1838.8      0.0   380.0
  12:18:45.046   845.4  1838.8      0.0   380.0
  12:18:45.093   847.6  1838.8      0.0   380.0
  12:18:45.140   850.0  1838.8      0.0   380.0
  12:18:45.171   852.4  1838.8      0.0   380.0
  12:18:45.218   854.6  1838.8      0.0   380.0
  12:18:45.265   857.0  1838.8      0.0   380.0
  12:18:45.296   857.0  1838.8      0.0   380.0
  12:18:45.343   859.6  1838.8      0.0   380.0
  12:18:45.390   862.4  1838.8      0.0   380.0
  12:18:45.437   864.7  1838.8      0.0   380.0
  12:18:45.500   867.1  1838.8      0.0   380.0
  12:18:45.515   869.8  1838.8      0.0   380.0
  12:18:45.562   871.8  1838.8      0.0   380.0
  12:18:45.609   874.1  1838.8      0.0   380.0
  12:18:45.656   876.4  1838.8      0.0   380.0
  12:18:45.687   876.4  1838.8      0.0   380.0
  12:18:45.734   878.9  1838.8      0.0   380.0
  12:18:45.781   881.2  1838.8      0.0   380.0
  12:18:45.812   883.4  1838.8      0.0   380.0
  12:18:45.859   885.8  1838.8      0.0   380.0
  12:18:45.906   888.5  1838.8      0.0   380.0
  12:18:45.953   890.5  1838.8      0.0   380.0
  12:18:45.984   892.9  1838.8      0.0   380.0
  12:18:46.031   895.3  1838.8      0.0   380.0
  12:18:46.093   897.6  1838.8      0.0   380.0
  12:18:46.125   899.9  1838.8      0.0   380.0
  12:18:46.171   899.9  1838.8      0.0   380.0
  12:18:46.218   902.2  1838.8      0.0   380.0
  12:18:46.250   904.6  1838.8      0.0   380.0
  12:18:46.296   907.0  1838.8      0.0   370.0
  12:18:46.343   909.2  1838.8      0.0   380.0
  12:18:46.375   911.6  1838.8      0.0   380.0
  12:18:46.421   914.0  1838.8      0.0   370.0
  12:18:46.468   916.2  1838.8      0.0   370.0
  12:18:46.515   918.6  1838.8      0.0   380.0
  12:18:46.562   918.6  1838.8      0.0   370.0
  12:18:46.593   921.0  1838.8      0.0   370.0
  12:18:46.640   923.3  1838.8      0.0   370.0
  12:18:46.687   925.6  1838.8      0.0   370.0
  12:18:46.734   927.9  1838.8      0.0   370.0
  12:18:46.765   930.3  1838.8      0.0   370.0
  12:18:46.812   932.7  1838.8      0.0   370.0
  12:18:46.859   934.9  1838.8      0.0   370.0
  12:18:46.906   937.3  1838.8      0.0   370.0
  12:18:46.937   939.7  1838.8      0.0   370.0
  12:18:46.984   942.0  1838.8      0.0   370.0
  12:18:47.031   942.0  1838.8      0.0   370.0
  12:18:47.078   944.3  1838.8      0.0   370.0
  12:18:47.125   946.7  1838.8      0.0   370.0
  12:18:47.156   949.0  1838.8      0.0   370.0
  12:18:47.203   951.4  1838.8      0.0   370.0
  12:18:47.250   953.7  1838.8      0.0   370.0
  12:18:47.296   956.0  1838.8      0.0   370.0
  12:18:47.328   958.4  1838.8      0.0   370.0
  12:18:47.359   958.4  1838.8      0.0   370.0
  12:18:47.406   960.7  1838.8      0.0   370.0
  12:18:47.453   963.1  1838.8      0.0   370.0
  12:18:47.484   965.4  1838.8      0.0   370.0
  12:18:47.531   967.8  1838.8      0.0   370.0
  12:18:47.578   970.1  1838.8      0.0   370.0
  12:18:47.625   972.4  1838.8      0.0   370.0
  12:18:47.656   974.8  1838.8      0.0   370.0
  12:18:47.703   977.1  1838.8      0.0   370.0
  12:18:47.750   977.1  1838.8      0.0   370.0
  12:18:47.796   979.4  1838.8      0.0   370.0
  12:18:47.828   981.8  1838.8      0.0   370.0
  12:18:47.875   984.1  1838.8      0.0   370.0
  12:18:47.921   986.4  1838.8      0.0   370.0
  12:18:47.968   988.7  1838.8      0.0   370.0
  12:18:48.000   991.1  1838.8      0.0   370.0
  12:18:48.046   993.4  1838.8      0.0   370.0
  12:18:48.078   993.4  1838.8      0.0   370.0
  12:18:48.125   995.8  1838.8      0.0   370.0
  12:18:48.171   998.1  1838.8      0.0   370.0
  12:18:48.203  1000.5  1838.8      0.0   370.0
  12:18:48.250  1002.8  1838.8      0.0   370.0
  12:18:48.296  1005.1  1838.8      0.0   380.0
  12:18:48.343  1007.5  1838.8      0.0   370.0
  12:18:48.375  1007.5  1838.8      0.0   380.0
  12:18:48.421  1009.9  1838.8      0.0   370.0
  12:18:48.453  1012.1  1838.8      0.0   370.0
  12:18:48.500  1014.5  1838.8      0.0   370.0
  12:18:48.546  1016.8  1838.8      0.0   360.0
  12:18:48.593  1019.2  1838.8      0.0   360.0
  12:18:48.625  1021.6  1838.8      0.0   360.0
  12:18:48.671  1023.9  1838.8      0.0   360.0
  12:18:48.718  1026.1  1838.8      0.0   360.0
  12:18:48.765  1026.1  1838.8      0.0   360.0
  12:18:48.796  1029.1  1838.8      0.0   360.0
  12:18:48.843  1031.7  1838.8      0.0   360.0
  12:18:48.890  1034.0  1838.8      0.0   360.0
  12:18:48.937  1036.3  1838.8      0.0   360.0
  12:18:48.968  1038.7  1838.8      0.0   360.0
  12:18:49.015  1041.0  1838.8      0.0   360.0
  12:18:49.062  1041.0  1838.8      0.0   360.0
  12:18:49.093  1043.3  1838.8      0.0   360.0
  12:18:49.140  1045.7  1838.8      0.0   360.0
  12:18:49.187  1048.0  1838.8      0.0   360.0
  12:18:49.234  1050.3  1838.8      0.0   360.0
  12:18:49.265  1052.8  1838.8      0.0   360.0
  12:18:49.312  1055.0  1838.8      0.0   360.0
  12:18:49.359  1057.4  1838.8      0.0   360.0
  12:18:49.406  1059.7  1838.8      0.0   360.0
  12:18:49.437  1059.7  1838.8      0.0   360.0
  12:18:49.484  1062.0  1838.8      0.0   360.0
  12:18:49.515  1064.4  1838.8      0.0   360.0
  12:18:49.562  1066.8  1838.8      0.0   350.0
  12:18:49.609  1069.8  1838.8      0.0   350.0
  12:18:49.656  1069.8  1838.8      0.0   360.0
  12:18:49.687  1072.1  1838.8      0.0   350.0
  12:18:49.750  1074.5  1838.8      0.0   350.0
  12:18:49.781  1077.7  1838.8      0.0   350.0
  12:18:49.828  1080.1  1838.8      0.0   350.0
  12:18:49.859  1080.1  1838.8      0.0   350.0
  12:18:49.906  1082.4  1838.8      0.0   350.0
  12:18:49.937  1084.7  1838.8      0.0   350.0
  12:18:49.984  1087.0  1838.8      0.0   350.0
  12:18:50.031  1089.4  1838.8      0.0   350.0
  12:18:50.062  1091.7  1838.8      0.0   350.0
  12:18:50.109  1094.0  1838.8      0.0   350.0
  12:18:50.156  1096.4  1838.8      0.0   350.0
  12:18:50.203  1098.7  1838.8      0.0   350.0
  12:18:50.234  1098.7  1838.8      0.0   350.0
  12:18:50.281  1101.0  1838.8      0.0   350.0
  12:18:50.328  1103.3  1838.8      0.0   350.0
  12:18:50.375  1105.8  1838.8      0.0   350.0
  12:18:50.421  1108.0  1838.8      0.0   350.0
  12:18:50.453  1110.4  1838.8      0.0   350.0
  12:18:50.500  1112.7  1838.8      0.0   350.0
  12:18:50.546  1115.1  1838.8      0.0   350.0
  12:18:50.578  1117.4  1838.8      0.0   350.0
  12:18:50.625  1117.4  1838.8      0.0   350.0
  12:18:50.671  1119.7  1838.8      0.0   350.0
  12:18:50.718  1122.1  1838.8      0.0   350.0
  12:18:50.781  1124.5  1838.8      0.0   350.0
  12:18:50.796  1127.2  1838.8      0.0   350.0
  12:18:50.843  1129.9  1838.8      0.0   350.0
  12:18:50.890  1132.3  1838.8      0.0   350.0
  12:18:50.921  1132.3  1838.8      0.0   350.0
  12:18:50.968  1134.5  1838.8      0.0   350.0
  12:18:51.015  1136.9  1838.8      0.0   350.0
  12:18:51.062  1139.3  1838.8      0.0   350.0
  12:18:51.109  1141.6  1838.8      0.0   340.0
  12:18:51.140  1143.9  1838.8      0.0   340.0
  12:18:51.187  1146.3  1838.8      0.0   350.0
  12:18:51.234  1148.7  1838.8      0.0   340.0
  12:18:51.281  1151.0  1838.8      0.0   340.0
  12:18:51.312  1151.0  1838.8      0.0   340.0
  12:18:51.359  1153.3  1838.8      0.0   350.0
  12:18:51.406  1155.6  1838.8      0.0   340.0
  12:18:51.437  1158.0  1838.8      0.0   340.0
  12:18:51.484  1160.2  1838.8      0.0   340.0
  12:18:51.531  1162.7  1838.8      0.0   340.0
  12:18:51.578  1165.0  1838.8      0.0   340.0
  12:18:51.625  1167.4  1838.8      0.0   340.0
  12:18:51.656  1169.7  1838.8      0.0   340.0
  12:18:51.703  1172.0  1838.9      0.0   340.0
  12:18:51.750  1174.3  1838.9      0.0   340.0
  12:18:51.796  1176.6  1838.9      0.0   340.0
  12:18:51.828  1176.6  1838.9      0.0   340.0
  12:18:51.875  1179.1  1838.9      0.0   340.0
  12:18:51.921  1181.3  1838.9      0.0   340.0
  12:18:51.968  1183.8  1838.9      0.0   340.0
  12:18:52.000  1186.1  1838.9      0.0   340.0
  12:18:52.046  1188.3  1838.9      0.0   340.0
  12:18:52.093  1190.6  1838.9      0.0   340.0
  12:18:52.140  1193.0  1838.9      0.0   340.0
  12:18:52.171  1195.4  1838.9      0.0   340.0
  12:18:52.218  1195.4  1838.9      0.0   340.0
  12:18:52.265  1197.8  1838.9      0.0   340.0
  12:18:52.312  1200.0  1838.9      0.0   340.0
  12:18:52.343  1202.5  1838.9      0.0   340.0
  12:18:52.390  1204.8  1838.9      0.0   340.0
  12:18:52.437  1207.1  1838.9      0.0   340.0
  12:18:52.484  1209.4  1838.9      0.0   340.0
  12:18:52.515  1211.8  1838.9      0.0   340.0
  12:18:52.562  1214.0  1838.9      0.0   340.0
  12:18:52.609  1216.4  1838.9      0.0   340.0
  12:18:52.656  1216.4  1838.9      0.0   340.0
  12:18:52.687  1218.8  1838.9      0.0   340.0
  12:18:52.734  1221.1  1838.9      0.0   340.0
  12:18:52.781  1223.4  1838.9      0.0   340.0
  12:18:52.828  1225.8  1838.9      0.0   340.0
  12:18:52.859  1228.2  1838.9      0.0   340.0
  12:18:52.906  1230.6  1838.9      0.0   340.0
  12:18:52.953  1232.8  1838.9      0.0   340.0
  12:18:53.000  1232.8  1838.9      0.0   340.0
  12:18:53.031  1235.1  1838.9      0.0   330.0
  12:18:53.078  1238.4  1838.9      0.0   330.0
  12:18:53.125  1240.7  1838.9      0.0   330.0
  12:18:53.171  1243.0  1838.9      0.0   330.0
  12:18:53.218  1245.4  1838.9      0.0   330.0
  12:18:53.250  1247.6  1838.9      0.0   330.0
  12:18:53.296  1250.0  1838.9      0.0   330.0
  12:18:53.343  1252.3  1838.9      0.0   330.0
  12:18:53.390  1252.3  1838.9      0.0   330.0
  12:18:53.421  1254.7  1838.9      0.0   330.0
  12:18:53.468  1257.7  1838.9      0.0   330.0
  12:18:53.515  1260.2  1838.9      0.0   330.0
  12:18:53.562  1262.5  1838.9      0.0   330.0
  12:18:53.609  1264.8  1838.9      0.0   330.0
  12:18:53.640  1264.8  1838.9      0.0   350.0
  12:18:53.687  1267.1  1838.9      0.0   370.0
  12:18:53.734  1269.5  1838.9      0.0   370.0
  12:18:53.765  1271.8  1838.9      0.0   380.0
  12:18:53.812  1274.2  1838.9      0.0   400.0
  12:18:53.859  1276.5  1838.9      0.0   400.0
  12:18:53.906  1278.8  1838.9      0.0   420.0
  12:18:53.937  1281.1  1838.9      0.0   440.0
  12:18:53.984  1283.5  1838.9      0.0   440.0
  12:18:54.031  1283.5  1838.9      0.0   470.0
  12:18:54.078  1286.1  1838.9      0.0   480.0
  12:18:54.093  1286.1  1838.9      0.0   480.0
  12:18:54.125  1289.1  1838.9      0.0   520.0
  12:18:54.171  1291.2  1838.9      0.0   550.0
  12:18:54.218  1293.6  1838.9      0.0   550.0
  12:18:54.250  1293.6  1838.9      0.0   600.0
  12:18:54.296  1296.6  1838.9      0.0   720.0
  12:18:54.328  1299.1  1838.9      0.0   720.0
  12:18:54.375  1301.5  1838.9      0.0   780.0
  12:18:54.421  1303.8  1838.9      0.0  1060.0
  12:18:54.453  1306.1  1838.9      0.0  1060.0
  12:19:24.968  1838.1  1219.3    -90.0  1080.0
  12:19:25.000  1838.1  1219.3    -90.0  1060.0
  12:19:25.046  1838.1  1216.9    -90.0  1060.0
  12:19:25.093  1838.1  1214.6    -90.0   450.0
  12:19:25.140  1838.1  1212.3    -90.0   440.0
  12:19:25.171  1838.1  1209.8    -90.0   440.0
  12:19:25.218  1838.1  1207.5    -90.0   430.0
  12:19:25.265  1838.1  1205.2    -90.0   420.0
  12:19:25.312  1838.1  1202.9    -90.0   420.0
  12:19:25.359  1838.1  1200.5    -90.0   420.0
  12:19:25.390  1838.1  1198.2    -90.0   420.0
  12:19:25.437  1838.1  1195.8    -90.0   420.0
  12:19:25.484  1838.1  1195.8    -90.0   420.0
  12:19:25.531  1838.1  1193.6    -90.0   420.0
  12:19:25.562  1838.1  1191.2    -90.0   420.0
  12:19:25.609  1838.1  1188.8    -90.0   420.0
  12:19:25.656  1838.1  1186.4    -90.0   420.0
  12:19:25.703  1838.1  1184.2    -90.0   420.0
  12:19:25.734  1838.1  1181.8    -90.0   420.0
  12:19:25.781  1838.1  1179.5    -90.0   420.0
  12:19:25.828  1838.1  1177.1    -90.0   420.0
  12:19:25.875  1838.1  1177.1    -90.0   420.0
  12:19:25.906  1838.1  1174.8    -90.0   420.0
  12:19:25.953  1838.1  1172.4    -90.0   420.0
  12:19:26.000  1838.1  1170.2    -90.0   420.0
  12:19:26.031  1838.1  1167.8    -90.0   420.0
  12:19:26.078  1838.1  1165.5    -90.0   420.0
  12:19:26.125  1838.1  1163.1    -90.0   420.0
  12:19:26.171  1838.1  1160.7    -90.0   420.0
  12:19:26.203  1838.1  1158.4    -90.0   420.0
  12:19:26.250  1838.1  1156.0    -90.0   420.0
  12:19:26.296  1838.1  1156.0    -90.0   420.0
  12:19:26.343  1838.1  1153.7    -90.0   420.0
  12:19:26.390  1838.1  1151.3    -90.0   420.0
  12:19:26.437  1838.1  1149.1    -90.0   420.0
  12:19:26.484  1838.1  1146.7    -90.0   420.0
  12:19:26.515  1838.1  1144.4    -90.0   420.0
  12:19:26.562  1838.1  1141.8    -90.0   420.0
  12:19:26.609  1838.1  1139.7    -90.0   420.0
  12:19:26.640  1838.1  1137.3    -90.0   410.0
  12:19:26.687  1838.1  1135.0    -90.0   410.0
  12:19:26.734  1838.0  1132.6    -90.0   410.0
  12:19:26.765  1838.0  1132.6    -90.0   410.0
  12:19:26.812  1838.0  1130.4    -90.0   410.0
  12:19:26.859  1838.0  1127.9    -90.0   410.0
  12:19:26.906  1838.0  1125.7    -90.0   410.0
  12:19:26.953  1838.0  1122.9    -90.0   410.0
  12:19:26.984  1838.0  1121.0    -90.0   410.0
  12:19:27.031  1838.0  1118.7    -90.0   410.0
  12:19:27.078  1838.0  1116.4    -90.0   410.0
  12:19:27.125  1838.0  1113.9    -90.0   410.0
  12:19:27.156  1838.0  1113.9    -90.0   410.0
  12:19:27.203  1838.0  1111.6    -90.0   410.0
  12:19:27.250  1838.0  1109.2    -90.0   410.0
  12:19:27.281  1838.0  1107.0    -90.0   410.0
  12:19:27.343  1838.0  1104.6    -90.0   410.0
  12:19:27.375  1838.0  1102.2    -90.0   410.0
  12:19:27.421  1838.0  1100.0    -90.0   410.0
  12:19:27.468  1838.0  1097.6    -90.0   410.0
  12:19:27.500  1838.0  1095.3    -90.0   410.0
  12:19:27.546  1838.0  1095.3    -90.0   410.0
  12:19:27.593  1838.0  1092.9    -90.0   410.0
  12:19:27.625  1838.0  1090.6    -90.0   410.0
  12:19:27.671  1838.0  1088.3    -90.0   410.0
  12:19:27.718  1838.0  1085.9    -90.0   410.0
  12:19:27.765  1838.0  1083.5    -90.0   410.0
  12:19:27.812  1838.0  1081.2    -90.0   400.0
  12:19:27.843  1838.0  1078.8    -90.0   400.0
  12:19:27.890  1838.0  1076.4    -90.0   400.0
  12:19:27.937  1838.0  1074.2    -90.0   400.0
  12:19:27.968  1838.0  1074.2    -90.0   400.0
  12:19:28.015  1838.0  1071.8    -90.0   400.0
  12:19:28.062  1838.0  1069.4    -90.0   400.0
  12:19:28.109  1838.0  1067.2    -90.0   400.0
  12:19:28.156  1838.0  1064.8    -90.0   400.0
  12:19:28.187  1838.0  1062.4    -90.0   400.0
  12:19:28.234  1838.0  1060.1    -90.0   400.0
  12:19:28.281  1838.0  1057.9    -90.0   400.0
  12:19:28.343  1838.0  1055.5    -90.0   400.0
  12:19:28.359  1838.0  1053.1    -90.0   400.0
  12:19:28.406  1838.0  1050.8    -90.0   400.0
  12:19:28.453  1838.0  1050.8    -90.0   400.0
  12:19:28.484  1838.0  1048.5    -90.0   400.0
  12:19:28.531  1838.0  1046.1    -90.0   400.0
  12:19:28.578  1838.0  1043.8    -90.0   400.0
  12:19:28.625  1838.0  1041.5    -90.0   400.0
  12:19:28.656  1838.0  1039.2    -90.0   400.0
  12:19:28.703  1838.0  1036.8    -90.0   400.0
  12:19:28.750  1838.0  1034.5    -90.0   400.0
  12:19:28.796  1838.0  1034.5    -90.0   400.0
  12:19:28.828  1838.0  1032.1    -90.0   400.0
  12:19:28.875  1838.0  1029.7    -90.0   400.0
  12:19:28.921  1838.0  1027.5    -90.0   400.0
  12:19:28.968  1838.0  1025.1    -90.0   400.0
  12:19:29.015  1838.0  1022.7    -90.0   400.0
  12:19:29.046  1838.0  1020.3    -90.0   400.0
  12:19:29.093  1838.0  1018.0    -90.0   400.0
  12:19:29.140  1838.0  1015.7    -90.0   400.0
  12:19:29.187  1838.0  1013.3    -90.0   400.0
  12:19:29.218  1838.0  1011.0    -90.0   400.0
  12:19:29.265  1838.0  1008.7    -90.0   400.0
  12:19:29.312  1838.0  1008.7    -90.0   400.0
  12:19:29.359  1838.0  1006.3    -90.0   400.0
  12:19:29.406  1838.0  1004.0    -90.0   400.0
  12:19:29.437  1838.0  1001.7    -90.0   400.0
  12:19:29.484  1838.0   999.3    -90.0   400.0
  12:19:29.531  1838.0   997.0    -90.0   400.0
  12:19:29.578  1838.0   994.2    -90.0   400.0
  12:19:29.609  1838.0   992.3    -90.0   400.0
  12:19:29.656  1838.0   990.1    -90.0   400.0
  12:19:29.703  1838.0   990.1    -90.0   400.0
  12:19:29.750  1838.0   987.6    -90.0   400.0
  12:19:29.781  1838.0   985.2    -90.0   400.0
  12:19:29.828  1838.0   983.0    -90.0   400.0
  12:19:29.875  1838.0   980.6    -90.0   400.0
  12:19:29.921  1838.0   978.3    -90.0   390.0
  12:19:29.953  1838.0   975.9    -90.0   390.0
  12:19:30.000  1838.0   973.6    -90.0   400.0
  12:19:30.046  1838.0   971.3    -90.0   390.0
  12:19:30.078  1838.0   971.3    -90.0   390.0
  12:19:30.125  1838.0   968.8    -90.0   390.0
  12:19:30.171  1838.0   966.5    -90.0   390.0
  12:19:30.203  1838.0   964.2    -90.0   390.0
  12:19:30.250  1838.0   961.8    -90.0   400.0
  12:19:30.296  1838.0   959.6    -90.0   400.0
  12:19:30.343  1838.0   957.3    -90.0   400.0
  12:19:30.375  1838.0   954.9    -90.0   410.0
  12:19:30.421  1838.0   952.4    -90.0   410.0
  12:19:30.468  1838.0   950.1    -90.0   430.0
  12:19:30.515  1838.0   950.1    -90.0   450.0
  12:19:30.546  1838.0   947.9    -90.0   450.0
  12:19:30.593  1838.0   945.6    -90.0   470.0
  12:19:30.640  1838.0   943.1    -90.0   500.0
  12:19:30.687  1838.0   940.8    -90.0   500.0
  12:19:30.734  1838.0   938.5    -90.0   560.0
  12:19:30.765  1838.0   936.1    -90.0   570.0
  12:19:30.812  1838.0   933.7    -90.0   570.0
  12:19:30.859  1838.0   931.5    -90.0   610.0
  12:19:30.906  1838.0   931.5    -90.0   620.0
  12:19:30.937  1838.0   929.2    -90.0   620.0
  12:19:30.984  1838.0   926.9    -90.0   640.0
  12:19:31.031  1838.0   924.4    -90.0   650.0
  12:19:31.078  1838.0   922.1    -90.0   650.0
  12:19:31.109  1838.0   919.7    -90.0   650.0
  12:19:31.156  1838.0   917.4    -90.0   650.0
  12:19:31.203  1838.0   915.1    -90.0   650.0
  12:19:31.250  1838.0   912.8    -90.0   650.0
  12:19:31.296  1838.0   910.5    -90.0   650.0
  12:19:31.328  1838.0   908.1    -90.0   650.0
  12:19:31.375  1838.0   905.8    -90.0   650.0
  12:19:31.421  1838.0   905.8    -90.0   650.0
  12:19:31.468  1838.0   902.7    -90.0   650.0
  12:19:31.500  1838.0   900.4    -90.0   650.0
  12:19:31.546  1838.0   897.9    -90.0   650.0
  12:19:31.593  1838.0   895.7    -90.0   650.0
  12:19:31.625  1838.0   895.7    -90.0   650.0
  12:19:31.671  1838.0   893.4    -90.0   650.0
  12:19:31.718  1838.0   890.9    -90.0   650.0
  12:19:31.765  1838.0   888.5    -90.0   650.0
  12:19:31.796  1838.0   886.3    -90.0   650.0
  12:19:31.843  1838.0   883.9    -90.0   640.0
  12:19:31.890  1838.0   881.7    -90.0   650.0
  12:19:31.937  1838.0   879.2    -90.0   650.0
  12:19:31.968  1838.0   876.9    -90.0   650.0
  12:19:32.015  1838.0   874.5    -90.0   650.0
  12:19:32.062  1838.0   874.5    -90.0   650.0
  12:19:32.109  1838.0   872.2    -90.0   640.0
  12:19:32.140  1838.0   869.8    -90.0   650.0
  12:19:32.187  1838.0   867.5    -90.0   640.0
  12:19:32.234  1838.0   865.1    -90.0   640.0
  12:19:32.281  1838.0   862.8    -90.0   650.0
  12:19:32.328  1838.0   860.6    -90.0   650.0
  12:19:32.359  1838.0   858.1    -90.0   640.0
  12:19:32.406  1838.0   855.8    -90.0   650.0
  12:19:32.453  1838.0   853.5    -90.0   640.0
  12:19:32.500  1838.0   853.5    -90.0   640.0
  12:19:32.531  1838.0   851.2    -90.0   640.0
  12:19:32.578  1838.0   848.9    -90.0   640.0
  12:19:32.625  1838.0   846.4    -90.0   640.0
  12:19:32.671  1838.0   843.9    -90.0   640.0
  12:19:32.718  1838.0   841.8    -90.0   640.0
  12:19:32.734  1838.0   839.6    -90.0   640.0
  12:19:32.781  1838.0   839.6    -90.0   640.0
  12:19:32.828  1838.0   837.2    -90.0   640.0
  12:19:32.859  1838.0   834.6    -90.0   630.0
  12:19:32.906  1838.0   832.4    -90.0   640.0
  12:19:32.953  1838.0   830.1    -90.0   640.0
  12:19:33.000  1838.0   827.8    -90.0   640.0
  12:19:33.031  1838.0   825.5    -90.0   640.0
  12:19:33.078  1838.0   823.1    -90.0   650.0
  12:19:33.125  1838.0   820.8    -90.0   640.0
  12:19:33.156  1838.0   820.8    -90.0   640.0
  12:19:33.203  1838.0   818.5    -90.0   640.0
  12:19:33.250  1838.0   816.2    -90.0   640.0
  12:19:33.296  1838.0   813.7    -90.0   650.0
  12:19:33.343  1838.0   811.3    -90.0   650.0
  12:19:33.375  1838.0   809.1    -90.0   640.0
  12:19:33.421  1838.0   806.8    -90.0   650.0
  12:19:33.468  1838.0   804.4    -90.0   640.0
  12:19:33.515  1838.0   802.0    -90.0   640.0
  12:19:33.546  1838.0   799.8    -90.0   640.0
  12:19:33.593  1838.0   799.8    -90.0   640.0
  12:19:33.640  1838.0   797.4    -90.0   640.0
  12:19:33.687  1838.0   795.0    -90.0   640.0
  12:19:33.718  1838.0   792.6    -90.0   640.0
  12:19:33.765  1838.0   790.3    -90.0   640.0
  12:19:33.812  1838.0   788.1    -90.0   640.0
  12:19:33.859  1838.0   785.7    -90.0   640.0
  12:19:33.890  1838.0   783.3    -90.0   640.0
  12:19:33.937  1838.0   781.0    -90.0   640.0
  12:19:33.984  1838.0   778.6    -90.0   640.0
  12:19:34.031  1838.0   778.6    -90.0   640.0
  12:19:34.062  1838.0   776.3    -90.0   640.0
  12:19:34.109  1838.0   773.9    -90.0   650.0
  12:19:34.156  1838.0   771.7    -90.0   640.0
  12:19:34.187  1838.0   769.2    -90.0   640.0
  12:19:34.234  1838.0   767.0    -90.0   640.0
  12:19:34.281  1838.0   764.6    -90.0   640.0
  12:19:34.328  1838.0   762.3    -90.0   640.0
  12:19:34.375  1838.0   759.9    -90.0   640.0
  12:19:34.406  1838.0   759.9    -90.0   640.0
  12:19:34.453  1838.0   757.7    -90.0   640.0
  12:19:34.500  1838.0   755.3    -90.0   630.0
  12:19:34.546  1838.0   752.9    -90.0   630.0
  12:19:34.578  1838.0   750.6    -90.0   640.0
  12:19:34.625  1838.0   748.2    -90.0   640.0
  12:19:34.671  1838.0   745.9    -90.0   640.0
  12:19:34.718  1838.0   743.6    -90.0   640.0
  12:19:34.750  1838.0   741.2    -90.0   640.0
  12:19:34.796  1838.0   738.9    -90.0   640.0
  12:19:34.859  1838.0   736.6    -90.0   640.0
  12:19:34.890  1838.0   736.6    -90.0   640.0
  12:19:34.921  1838.0   734.2    -90.0   640.0
  12:19:34.968  1838.0   732.0    -90.0   640.0
  12:19:35.015  1838.0   729.5    -90.0   640.0
  12:19:35.062  1838.0   727.3    -90.0   640.0
  12:19:35.093  1838.0   724.8    -90.0   640.0
  12:19:35.140  1838.0   722.5    -90.0   630.0
  12:19:35.187  1838.0   720.2    -90.0   630.0
  12:19:35.234  1838.0   717.8    -90.0   630.0
  12:19:35.265  1838.0   717.8    -90.0   630.0
  12:19:35.312  1838.0   715.4    -90.0   630.0
  12:19:35.359  1838.0   713.1    -90.0   640.0
  12:19:35.406  1838.0   710.8    -90.0   640.0
  12:19:35.453  1838.0   708.5    -90.0   640.0
  12:19:35.484  1838.0   706.1    -90.0   640.0
  12:19:35.531  1838.0   703.8    -90.0   640.0
  12:19:35.578  1838.0   701.5    -90.0   640.0
  12:19:35.625  1838.0   699.2    -90.0   640.0
  12:19:35.671  1838.0   696.4    -90.0   640.0
  12:19:35.703  1838.0   696.4    -90.0   640.0
  12:19:35.750  1838.0   694.5    -90.0   650.0
  12:19:35.796  1838.0   692.1    -90.0   650.0
  12:19:35.843  1838.0   689.7    -90.0   640.0
  12:19:35.890  1838.0   687.4    -90.0   650.0
  12:19:35.921  1838.0   685.1    -90.0   690.0
  12:19:35.968  1838.0   682.7    -90.0   680.0
  12:19:36.015  1838.0   680.5    -90.0   680.0
  12:19:36.046  1838.0   678.1    -90.0   660.0
  12:19:36.093  1838.0   675.2    -90.0   660.0
  12:19:36.140  1838.0   673.4    -90.0   750.0
  12:19:36.187  1838.0   673.4    -90.0   660.0
  12:19:36.218  1838.0   671.1    -90.0   660.0
  12:19:36.265  1838.0   668.6    -90.0   760.0
  12:19:36.312  1838.0   665.9    -90.0   780.0
  12:19:36.359  1838.0   664.0    -90.0   780.0
  12:19:36.406  1838.0   661.7    -90.0   850.0
  12:20:11.171  1156.7     0.4    180.0   940.0
  12:20:11.218  1154.2     0.4    180.0   940.0
  12:20:11.265  1152.0     0.4    180.0   860.0
  12:20:11.296  1149.6     0.4    180.0   850.0
  12:20:11.343  1147.3     0.4    180.0   850.0
  12:20:11.390  1147.3     0.4    180.0   830.0
  12:20:11.437  1144.9     0.4    180.0   830.0
  12:20:11.468  1142.6     0.4    180.0   830.0
  12:20:11.531  1140.3     0.4    180.0   810.0
  12:20:11.562  1137.8     0.4    180.0   810.0
  12:20:11.609  1135.5     0.4    180.0   830.0
  12:20:11.656  1133.2     0.4    180.0   820.0
  12:20:11.687  1130.9     0.4    180.0   820.0
  12:20:11.734  1128.5     0.4    180.0   820.0
  12:20:11.765  1128.5     0.4    180.0   830.0
  12:20:11.812  1126.2     0.4    180.0   820.0
  12:20:11.859  1123.9     0.4    180.0   820.0
  12:20:11.890  1121.5     0.4    180.0   820.0
  12:20:11.937  1119.1     0.4    180.0   820.0
  12:20:11.984  1116.9     0.4    180.0   820.0
  12:20:12.031  1114.5     0.4    180.0   790.0
  12:20:12.062  1112.2     0.4    180.0   790.0
  12:20:12.109  1112.2     0.4    180.0   830.0
  12:20:12.156  1109.9     0.4    180.0   790.0
  12:20:12.203  1107.6     0.4    180.0   790.0
  12:20:12.250  1105.1     0.4    180.0   810.0
  12:20:12.281  1102.8     0.4    180.0   800.0
  12:20:12.328  1100.5     0.4    180.0   800.0
  12:20:12.375  1098.2     0.4    180.0   800.0
  12:20:12.406  1095.7     0.4    180.0   800.0
  12:20:12.453  1093.5     0.4    180.0   800.0
  12:20:12.500  1091.1     0.4    180.0   800.0
  12:20:12.546  1091.1     0.4    180.0   800.0
  12:20:12.593  1088.8     0.4    180.0   800.0
  12:20:12.625  1086.4     0.4    180.0   810.0
  12:20:12.671  1084.1     0.4    180.0   800.0
  12:20:12.718  1081.8     0.4    180.0   800.0
  12:20:12.765  1079.5     0.4    180.0   810.0
  12:20:12.796  1077.0     0.4    180.0   810.0
  12:20:12.843  1074.7     0.4    180.0   800.0
  12:20:12.890  1072.5     0.4    180.0   800.0
  12:20:12.937  1070.0     0.4    180.0   800.0
  12:20:12.968  1070.0     0.4    180.0   790.0
  12:20:13.015  1067.7     0.4    180.0   800.0
  12:20:13.062  1065.3     0.4    180.0   810.0
  12:20:13.109  1062.9     0.4    180.0   800.0
  12:20:13.140  1060.7     0.4    180.0   800.0
  12:20:13.187  1058.4     0.4    180.0   790.0
  12:20:13.234  1056.0     0.4    180.0   790.0
  12:20:13.281  1053.5     0.5    180.0   790.0
  12:20:13.328  1051.4     0.5    180.0   810.0
  12:20:13.359  1049.1     0.5    180.0   800.0
  12:20:13.406  1049.1     0.5    180.0   800.0
  12:20:13.453  1046.7     0.5    180.0   800.0
  12:20:13.500  1044.2     0.5    180.0   800.0
  12:20:13.531  1042.0     0.5    180.0   800.0
  12:20:13.578  1039.6     0.5    180.0   800.0
  12:20:13.625  1037.2     0.5    180.0   800.0
  12:20:13.671  1035.1     0.5    180.0   800.0
  12:20:13.703  1032.7     0.5    180.0   800.0
  12:20:13.750  1030.3     0.5    180.0   800.0
  12:20:13.796  1027.9     0.5    180.0   800.0
  12:20:13.843  1025.6     0.5    180.0   810.0
  12:20:13.875  1025.6     0.5    180.0   780.0
  12:20:13.921  1023.3     0.5    180.0   810.0
  12:20:13.968  1020.9     0.5    180.0   780.0
  12:20:14.015  1018.6     0.5    180.0   780.0
  12:20:14.062  1016.3     0.5    180.0   790.0
  12:20:14.093  1013.9     0.5    180.0   790.0
  12:20:14.140  1011.5     0.5    180.0   780.0
  12:20:14.187  1009.2     0.5    180.0   790.0
  12:20:14.218  1006.9     0.5    180.0   790.0
  12:20:14.265  1004.6     0.5    180.0   780.0
  12:20:14.312  1004.6     0.5    180.0   780.0
  12:20:14.359  1002.3     0.5    180.0   790.0
  12:20:14.390   999.9     0.5    180.0   790.0
  12:20:14.437   997.6     0.5    180.0   790.0
  12:20:14.484   995.2     0.5    180.0   790.0
  12:20:14.531   992.9     0.5    180.0   780.0
  12:20:14.578   990.6     0.5    180.0   790.0
  12:20:14.609   988.2     0.5    180.0   790.0
  12:20:14.656   985.8     0.5    180.0   780.0
  12:20:14.703   983.6     0.5    180.0   790.0
  12:20:14.750   983.6     0.5    180.0   790.0
  12:20:14.796   981.3     0.5    180.0   790.0
  12:20:14.828   978.8     0.5    180.0   790.0
  12:20:14.875   976.6     0.5    180.0   800.0
  12:20:14.921   973.4     0.5    180.0   790.0
  12:20:14.968   971.1     0.5    180.0   790.0
  12:20:15.000   968.7     0.5    180.0   770.0
  12:20:15.046   966.3     0.5    180.0   770.0
  12:20:15.093   966.3     0.5    180.0   780.0
  12:20:15.140   964.0     0.5    180.0   790.0
  12:20:15.171   961.6     0.5    180.0   790.0
  12:20:15.218   959.3     0.5    180.0   790.0
  12:20:15.265   957.0     0.5    180.0   790.0
  12:20:15.296   954.7     0.5    180.0   780.0
  12:20:15.343   952.3     0.5    180.0   790.0
  12:20:15.390   949.9     0.5    180.0   780.0
  12:20:15.437   949.9     0.5    180.0   780.0
  12:20:15.484   947.6     0.5    180.0   790.0
  12:20:15.515   945.1     0.5    180.0   790.0
  12:20:15.562   943.0     0.5    180.0   790.0
  12:20:15.609   940.7     0.5    180.0   790.0
  12:20:15.656   938.3     0.5    180.0   790.0
  12:20:15.703   936.0     0.5    180.0   790.0
  12:20:15.734   933.6     0.5    180.0   790.0
  12:20:15.781   931.3     0.5    180.0   790.0
  12:20:15.828   929.0     0.5    180.0   790.0
  12:20:15.859   926.6     0.5    180.0   790.0
  12:20:15.906   926.6     0.5    180.0   790.0
  12:20:15.953   924.3     0.5    180.0   790.0
  12:20:16.000   921.9     0.5    180.0   790.0
  12:20:16.046   919.6     0.5    180.0   790.0
  12:20:16.078   917.3     0.5    180.0   770.0
  12:20:16.125   914.8     0.5    180.0   770.0
  12:20:16.171   912.5     0.5    180.0   740.0
  12:20:16.218   910.2     0.5    180.0   700.0
  12:20:16.250   907.9     0.5    180.0   700.0
  12:20:16.296   905.5     0.5    180.0   630.0
  12:20:16.343   905.5     0.5    180.0   590.0
  12:20:16.390   903.1     0.5    180.0   590.0
  12:20:16.421   900.8     0.5    180.0   550.0
  12:20:16.468   898.5     0.5    180.0   550.0
  12:20:16.515   896.2     0.5    180.0   550.0
  12:20:16.562   893.9     0.5    180.0   540.0
  12:20:16.593   891.5     0.5    180.0   540.0
  12:20:16.640   889.1     0.5    180.0   540.0
  12:20:16.687   886.8     0.5    180.0   540.0
  12:20:16.734   884.5     0.5    180.0   540.0
  12:20:16.781   884.5     0.5    180.0   540.0
  12:20:16.812   882.1     0.5    180.0   540.0
  12:20:16.859   879.8     0.5    180.0   540.0
  12:20:16.906   877.5     0.5    180.0   540.0
  12:20:16.953   875.1     0.5    180.0   540.0
  12:20:16.984   872.8     0.5    180.0   530.0
  12:20:17.031   870.5     0.5    180.0   530.0
  12:20:17.078   868.0     0.5    180.0   540.0
  12:20:17.125   865.7     0.5    180.0   530.0
  12:20:17.187   863.5     0.5    180.0   540.0
  12:20:17.218   861.1     0.5    180.0   530.0
  12:20:17.265   858.8     0.5    180.0   530.0
  12:20:17.296   858.8     0.5    180.0   530.0
  12:20:17.343   856.4     0.5    180.0   530.0
  12:20:17.375   854.0     0.5    180.0   530.0
  12:20:17.421   851.8     0.5    180.0   530.0
  12:20:17.468   849.5     0.5    180.0   530.0
  12:20:17.515   847.1     0.5    180.0   520.0
  12:20:17.531   847.1     0.5    180.0   530.0
  12:20:17.578   844.8     0.5    180.0   530.0
  12:20:17.625   842.3     0.5    180.0   530.0
  12:20:17.656   840.1     0.5    180.0   530.0
  12:20:17.703   837.6     0.5    180.0   530.0
  12:20:17.750   835.4     0.5    180.0   520.0
  12:20:17.796   833.0     0.5    180.0   520.0
  12:20:17.843   830.7     0.5    180.0   530.0
  12:20:17.875   828.3     0.5    180.0   520.0
  12:20:17.937   828.3     0.5    180.0   520.0
  12:20:17.968   825.4     0.5    180.0   530.0
  12:20:18.015   822.9     0.5    180.0   520.0
  12:20:18.046   820.6     0.5    180.0   530.0
  12:20:18.093   818.3     0.5    180.0   520.0
  12:20:18.140   815.7     0.5    180.0   520.0
  12:20:18.187   813.6     0.5    180.0   530.0
  12:20:18.218   813.6     0.5    180.0   530.0
  12:20:18.265   811.2     0.5    180.0   520.0
  12:20:18.312   808.8     0.5    180.0   530.0
  12:20:18.359   805.9     0.5    180.0   520.0
  12:20:18.390   803.3     0.5    180.0   520.0
  12:20:18.437   801.1     0.5    180.0   520.0
  12:20:18.484   801.1     0.5    180.0   530.0
  12:20:18.531   798.7     0.5    180.0   520.0
  12:20:18.578   796.1     0.5    180.0   520.0
  12:20:18.609   794.0     0.5    180.0   520.0
  12:20:18.656   791.7     0.5    180.0   520.0
  12:20:18.703   789.3     0.5    180.0   520.0
  12:20:18.750   787.1     0.5    180.0   520.0
  12:20:18.781   784.6     0.5    180.0   520.0
  12:20:18.828   782.3     0.5    180.0   520.0
  12:20:18.875   779.9     0.5    180.0   520.0
  12:20:18.921   777.6     0.5    180.0   520.0
  12:20:18.953   777.6     0.5    180.0   520.0
  12:20:19.000   775.3     0.5    180.0   520.0
  12:20:19.046   773.0     0.5    180.0   520.0
  12:20:19.093   770.6     0.5    180.0   520.0
  12:20:19.140   768.2     0.5    180.0   520.0
  12:20:19.171   766.0     0.5    180.0   510.0
  12:20:19.218   763.7     0.5    180.0   520.0
  12:20:19.265   761.3     0.5    180.0   510.0
  12:20:19.312   759.0     0.5    180.0   510.0
  12:20:19.343   756.2     0.5    180.0   510.0
  12:20:19.390   756.2     0.5    180.0   520.0
  12:20:19.437   754.2     0.5    180.0   520.0
  12:20:19.468   751.9     0.5    180.0   520.0
  12:20:19.515   749.5     0.5    180.0   520.0
  12:20:19.562   747.1     0.5    180.0   520.0
  12:20:19.609   745.0     0.6    180.0   520.0
  12:20:19.656   742.5     0.6    180.0   520.0
  12:20:19.687   740.3     0.6    180.0   510.0
  12:20:19.734   737.7     0.6    180.0   510.0
  12:20:19.781   735.5     0.6    180.0   520.0
  12:20:19.812   735.5     0.6    180.0   510.0
  12:20:19.859   733.1     0.6    180.0   520.0
  12:20:19.906   730.9     0.6    180.0   520.0
  12:20:19.953   728.4     0.6    180.0   520.0
  12:20:20.000   726.2     0.6    180.0   520.0
  12:20:20.046   723.8     0.6    180.0   520.0
  12:20:20.078   721.5     0.6    180.0   510.0
  12:20:20.140   719.1     0.6    180.0   510.0
  12:20:20.171   716.6     0.6    180.0   510.0
  12:20:20.218   714.5     0.6    180.0   510.0
  12:20:20.250   714.5     0.6    180.0   510.0
  12:20:20.296   712.2     0.6    180.0   510.0
  12:20:20.343   709.9     0.6    180.0   510.0
  12:20:20.390   707.4     0.6    180.0   520.0
  12:20:20.421   705.2     0.6    180.0   510.0
  12:20:20.468   702.8     0.6    180.0   510.0
  12:20:20.515   700.4     0.6    180.0   510.0
  12:20:20.546   698.1     0.6    180.0   510.0
  12:20:20.578   698.1     0.6    180.0   510.0
  12:20:20.625   695.7     0.6    180.0   510.0
  12:20:20.671   693.5     0.6    180.0   510.0
  12:20:20.718   691.1     0.6    180.0   510.0
  12:20:20.750   688.8     0.6    180.0   510.0
  12:20:20.796   686.3     0.6    180.0   510.0
  12:20:20.843   684.1     0.6    180.0   510.0
  12:20:20.890   681.8     0.6    180.0   510.0
  12:20:20.921   681.8     0.6    180.0   510.0
  12:20:20.968   679.4     0.6    180.0   510.0
  12:20:21.000   677.1     0.6    180.0   510.0
  12:20:21.046   674.6     0.6    180.0   510.0
  12:20:21.093   672.4     0.6    180.0   510.0
  12:20:21.140   670.1     0.6    180.0   510.0
  12:20:21.171   667.7     0.6    180.0   510.0
  12:20:21.218   665.4     0.6    180.0   510.0
  12:20:21.265   663.1     0.6    180.0   510.0
  12:20:21.312   663.1     0.6    180.0   510.0
  12:20:21.343   660.7     0.6    180.0   510.0
  12:20:21.390   658.4     0.6    180.0   510.0
  12:20:21.437   655.9     0.6    180.0   510.0
  12:20:21.484   653.6     0.6    180.0   510.0
  12:20:21.515   651.4     0.6    180.0   510.0
  12:20:21.578   648.9     0.6    180.0   510.0
  12:20:21.609   646.7     0.6    180.0   510.0
  12:20:21.656   644.2     0.6    180.0   510.0
  12:20:21.687   644.2     0.6    180.0   510.0
  12:20:21.718   642.0     0.6    180.0   510.0
  12:20:21.765   639.6     0.6    180.0   510.0
  12:20:21.812   637.3     0.6    180.0   510.0
  12:20:21.859   634.9     0.6    180.0   510.0
  12:20:21.890   632.6     0.6    180.0   510.0
  12:20:21.937   630.3     0.6    180.0   510.0
  12:20:21.984   627.9     0.6    180.0   510.0
  12:20:22.031   627.9     0.6    180.0   510.0
  12:20:22.062   625.6     0.6    180.0   510.0
  12:20:22.109   623.2     0.6    180.0   500.0
  12:20:22.156   620.9     0.6    180.0   500.0
  12:20:22.203   618.5     0.6    180.0   500.0
  12:20:22.234   616.2     0.6    180.0   500.0
  12:20:22.281   613.9     0.6    180.0   500.0
  12:20:22.328   611.5     0.6    180.0   510.0
  12:20:22.390   609.2     0.6    180.0   510.0
  12:20:22.406   609.2     0.6    180.0   510.0
  12:20:22.453   606.9     0.6    180.0   510.0
  12:20:22.500   604.6     0.6    180.0   500.0
  12:20:22.546   602.3     0.6    180.0   510.0
  12:20:22.609   599.8     0.6    180.0   510.0
  12:20:22.625   597.4     0.6    180.0   510.0
  12:20:22.671   595.2     0.6    180.0   510.0
  12:20:22.718   592.8     0.6    180.0   510.0
  12:20:22.765   590.5     0.6    180.0   510.0
  12:20:22.796   590.5     0.6    180.0   510.0
  12:20:22.843   587.6     0.6    180.0   510.0
  12:20:22.890   585.1     0.6    180.0   510.0
  12:20:22.921   582.7     0.6    180.0   510.0
  12:20:22.984   580.4     0.6    180.0   510.0
  12:20:23.015   578.0     0.6    180.0   510.0
  12:20:23.046   578.0     0.6    180.0   510.0
  12:20:23.093   575.7     0.6    180.0   520.0
  12:20:23.125   573.4     0.6    180.0   520.0
  12:20:23.171   571.1     0.6    180.0   580.0
  12:20:23.218   568.7     0.6    180.0   660.0
  12:20:23.265   566.3     0.6    180.0   640.0
  12:20:23.296   564.0     0.6    180.0   660.0
  12:20:23.343   561.7     0.6    180.0   680.0
  12:20:23.390   561.7     0.6    180.0   680.0
  12:20:23.437   559.4     0.6    180.0   750.0
  12:20:23.468   557.1     0.6    180.0   860.0
  12:20:23.515   554.7     0.6    180.0   860.0
  12:20:23.609   550.0     0.6    180.0   860.0
  12:20:23.656   547.6     0.6    180.0   860.0
