Тестовая информация 0. Исходные сенсорные данные: Time, X_rob, Y_rob, Ang_rob, X_obj, Y_obj, Distance (мм, град)
15:57:42.437 0.0 0.0 30.1 n/a n/a n/a
15:57:42.468 0.0 0.0 30.1 n/a n/a n/a
15:57:42.515 0.0 0.0 30.1 n/a n/a n/a
15:57:42.546 0.0 0.0 30.1 n/a n/a n/a
15:57:42.593 0.0 0.0 30.1 n/a n/a n/a
15:57:42.640 0.0 0.0 30.1 n/a n/a n/a
15:57:42.703 0.0 0.0 30.1 n/a n/a n/a
15:57:42.718 0.0 0.0 30.1 n/a n/a n/a
15:57:42.765 0.0 0.0 30.1 n/a n/a n/a
15:57:42.812 0.0 0.0 30.1 n/a n/a n/a
15:57:42.859 0.0 0.0 30.1 n/a n/a n/a
15:57:42.890 0.0 0.0 30.1 n/a n/a n/a
15:57:42.937 0.0 0.0 30.1 n/a n/a n/a
15:57:42.984 0.0 0.0 30.1 n/a n/a n/a
15:57:43.046 0.0 0.0 30.1 n/a n/a n/a
15:57:43.062 0.0 0.0 30.1 n/a n/a n/a
15:57:43.125 0.0 0.0 29.8 n/a n/a n/a
15:57:43.156 0.0 0.0 29.5 n/a n/a n/a
15:57:43.203 0.0 0.0 29.3 n/a n/a n/a
15:57:43.234 0.0 0.0 29.0 n/a n/a n/a
15:57:43.296 0.0 0.0 29.0 n/a n/a n/a
15:57:43.328 0.0 0.0 28.8 n/a n/a n/a
15:57:43.375 0.0 0.0 28.5 n/a n/a n/a
15:57:43.421 0.0 0.0 28.3 n/a n/a n/a
15:57:43.453 0.0 0.0 28.0 n/a n/a n/a
15:57:43.500 0.0 0.0 27.8 n/a n/a n/a
15:57:43.546 0.0 0.0 27.6 n/a n/a n/a
15:57:43.593 0.0 0.0 27.3 n/a n/a n/a
15:57:43.625 0.0 0.0 27.3 968.3 500.5 950.0
15:57:43.671 0.0 0.0 27.1 952.5 487.4 930.0
15:57:43.718 0.0 0.0 26.9 954.6 483.5 930.0
15:57:43.765 0.0 0.0 26.6 930.0 465.4 900.0
15:57:43.812 0.0 0.0 26.4 913.7 453.3 880.0
15:57:43.843 0.0 0.0 26.2 915.5 449.8 880.0
15:57:43.921 0.0 0.0 25.9 881.3 428.5 840.0
15:57:43.937 0.0 0.0 25.9 854.4 415.4 810.0
15:57:43.968 0.0 0.0 25.6 883.6 423.8 840.0
15:57:44.015 0.0 0.0 25.4 867.3 411.5 820.0
15:57:44.062 0.0 0.0 25.1 869.0 408.0 820.0
15:57:44.109 0.0 0.0 24.9 870.7 404.4 820.0
15:57:44.156 0.0 0.0 24.7 872.3 400.9 820.0
15:57:44.187 0.0 0.0 24.4 855.8 389.0 800.0
15:57:44.234 0.0 0.0 24.2 857.4 385.4 800.0
15:57:44.281 0.0 0.0 24.0 840.6 373.8 780.0
15:57:44.312 0.0 0.0 24.0 831.5 369.7 770.0
15:57:44.359 0.0 0.0 23.7 833.0 366.3 770.0
15:57:44.406 0.0 0.0 23.5 816.1 355.0 750.0
15:57:44.437 0.0 0.0 23.3 817.6 351.7 750.0
15:57:44.484 0.0 0.0 23.0 828.2 352.3 760.0
15:57:44.531 0.0 0.0 22.7 820.9 343.9 750.0
15:57:44.562 0.0 0.0 22.7 820.9 343.9 750.0
15:57:44.640 0.0 0.0 22.3 823.7 337.2 750.0
15:57:44.671 0.0 0.0 22.0 806.5 326.2 730.0
15:57:44.718 0.0 0.0 22.0 806.5 326.2 730.0
15:57:44.765 0.0 0.0 21.8 807.9 322.7 730.0
15:57:44.812 0.0 0.0 21.6 809.2 319.6 730.0
15:57:44.843 0.0 0.0 21.3 810.4 316.4 730.0
15:57:44.890 0.0 0.0 21.1 821.0 316.7 740.0
15:57:44.937 0.0 0.0 20.9 831.7 316.9 750.0
15:57:44.968 0.0 0.0 20.6 833.0 313.3 750.0
15:57:45.015 0.0 0.0 20.4 834.2 310.2 750.0
15:57:45.046 0.0 0.0 20.4 834.2 310.2 750.0
15:57:45.093 0.0 0.0 20.2 835.5 306.6 750.0
15:57:45.125 0.0 0.0 19.9 836.8 303.2 750.0
15:57:45.171 0.0 0.0 19.7 838.1 299.4 750.0
15:57:45.218 0.0 0.0 19.7 838.1 299.4 750.0
15:57:45.265 0.0 0.0 19.4 858.5 301.9 770.0
15:57:45.296 0.0 0.0 19.1 859.7 298.4 770.0
15:57:45.343 0.0 0.0 18.9 860.9 294.9 770.0
15:57:45.390 0.0 0.0 18.7 862.1 291.4 770.0
15:57:45.437 0.0 0.0 18.4 872.8 291.0 780.0
15:57:45.484 0.0 0.0 18.2 873.9 287.4 780.0
15:57:45.515 0.0 0.0 18.0 875.1 283.9 780.0
15:57:45.578 0.0 0.0 17.7 866.7 277.3 770.0
15:57:45.609 0.0 0.0 17.5 867.9 273.7 770.0
15:57:45.656 0.0 0.0 17.3 878.5 273.1 780.0
15:57:45.687 0.0 0.0 17.3 878.5 273.1 780.0
15:57:45.734 0.0 0.0 17.0 879.7 269.4 780.0
15:57:45.781 0.0 0.0 16.8 890.3 268.8 790.0
15:57:45.828 0.0 0.0 16.6 891.4 265.1 790.0
15:57:45.859 0.0 0.0 16.3 892.5 261.5 790.0
15:57:45.906 0.0 0.0 16.1 893.5 258.0 790.0
15:57:45.953 0.0 0.0 15.9 894.6 254.3 790.0
15:57:46.000 0.0 0.0 15.6 895.6 250.7 790.0
15:57:46.031 0.0 0.0 15.4 896.6 246.9 790.0
15:57:46.078 0.0 0.0 15.2 897.6 243.2 790.0
15:57:46.125 0.0 0.0 15.2 897.6 243.2 790.0
15:57:46.171 0.0 0.0 14.9 908.3 242.1 800.0
15:57:46.203 0.0 0.0 14.7 909.3 238.4 800.0
15:57:46.250 0.0 0.0 14.5 910.2 234.8 800.0
15:57:46.296 0.0 0.0 14.2 930.5 236.0 820.0
15:57:46.343 0.0 0.0 14.0 921.8 229.8 810.0
15:57:46.390 0.0 0.0 13.8 922.7 226.0 810.0
15:57:46.421 0.0 0.0 13.5 923.6 222.4 810.0
15:57:46.468 0.0 0.0 13.3 924.5 218.6 810.0
15:57:46.515 0.0 0.0 13.1 925.4 214.6 810.0
15:57:46.562 0.0 0.0 12.8 926.3 210.9 810.0
15:57:46.609 0.0 0.0 12.8 926.3 210.9 810.0
15:57:46.640 0.0 0.0 12.6 907.6 202.8 790.0
15:57:46.687 0.0 0.0 12.4 908.4 199.1 790.0
15:57:46.734 0.0 0.0 12.1 909.3 195.3 790.0
15:57:46.781 0.0 0.0 11.9 890.5 187.5 770.0
15:57:46.812 0.0 0.0 11.7 891.2 183.8 770.0
15:57:46.859 0.0 0.0 11.4 901.8 182.2 780.0
15:57:46.906 0.0 0.0 11.2 892.7 176.5 770.0
15:57:46.937 0.0 0.0 11.0 893.4 173.1 770.0
15:57:46.984 0.0 0.0 11.0 893.4 173.1 770.0
15:57:47.031 0.0 0.0 10.7 884.3 167.5 760.0
15:57:47.078 0.0 0.0 10.5 885.0 163.8 760.0
15:57:47.109 0.0 0.0 10.3 885.6 160.3 760.0
15:57:47.171 0.0 0.0 10.0 876.4 154.9 750.0
15:57:47.203 0.0 0.0 9.8 877.1 151.0 750.0
15:57:47.250 0.0 0.0 9.5 867.8 145.9 740.0
15:57:47.296 0.0 0.0 9.3 868.4 142.5 740.0
15:57:47.328 0.0 0.0 9.1 869.0 138.8 740.0
15:57:47.375 0.0 0.0 8.8 859.7 133.7 730.0
15:57:47.421 0.0 0.0 8.6 860.2 130.5 730.0
15:57:47.468 0.0 0.0 8.6 870.0 132.0 740.0
15:57:47.500 0.0 0.0 8.4 880.5 129.7 750.0
15:57:47.562 0.0 0.0 8.2 861.2 123.4 730.0
15:57:47.593 0.0 0.0 7.9 861.7 119.6 730.0
15:57:47.640 0.0 0.0 7.7 842.4 113.6 710.0
15:57:47.687 0.0 0.0 7.5 842.8 110.3 710.0
15:57:47.718 0.0 0.0 7.2 843.3 106.7 710.0
15:57:47.781 0.0 0.0 7.0 843.7 103.3 710.0
15:57:47.796 0.0 0.0 7.0 833.8 102.1 700.0
15:57:47.843 0.0 0.0 6.8 834.2 98.7 700.0
15:57:47.875 0.0 0.0 6.5 834.6 95.3 700.0
15:57:47.921 0.0 0.0 6.3 835.0 91.9 700.0
15:57:47.968 0.0 0.0 6.1 835.3 88.5 700.0
15:57:48.000 0.0 0.0 5.8 835.7 84.9 700.0
15:57:48.046 0.0 0.0 5.8 825.7 83.9 690.0
15:57:48.078 0.0 0.0 5.6 826.1 80.7 690.0
15:57:48.125 0.0 0.0 5.3 816.4 76.3 680.0
15:57:48.171 0.0 0.0 5.1 816.7 73.1 680.0
15:57:48.218 0.0 0.0 4.9 817.0 69.7 680.0
15:57:48.250 0.0 0.0 4.6 817.3 66.3 680.0
15:57:48.296 0.0 0.0 4.4 807.6 62.1 670.0
15:57:48.343 0.0 0.0 4.2 807.9 59.0 670.0
15:57:48.390 0.0 0.0 3.9 808.1 55.6 670.0
15:57:48.437 0.0 0.0 3.7 798.3 51.6 660.0
15:57:48.468 0.0 0.0 3.5 798.5 48.5 660.0
15:57:48.515 0.0 0.0 3.5 798.5 48.5 660.0
15:57:48.562 0.0 0.0 3.2 798.7 45.1 660.0
15:57:48.609 0.0 0.0 3.0 798.9 42.0 660.0
15:57:48.640 0.0 0.0 2.8 789.1 38.2 650.0
15:57:48.687 0.0 0.0 2.5 779.2 34.5 640.0
15:57:48.734 0.0 0.0 2.3 779.4 31.3 640.0
15:57:48.781 0.0 0.0 2.1 779.5 28.2 640.0
15:57:48.812 0.0 0.0 2.1 779.5 28.2 640.0
15:57:48.859 0.0 0.0 1.7 779.6 23.7 640.0
15:57:48.906 0.0 0.0 1.5 779.7 20.8 640.0
15:57:48.953 0.0 0.0 1.3 779.8 17.4 640.0
15:57:48.984 0.0 0.0 1.1 779.9 14.5 640.0
15:57:49.031 0.0 0.0 0.8 779.9 11.1 640.0
15:57:49.078 0.0 0.0 0.6 780.0 8.0 640.0
15:57:49.125 0.0 0.0 0.3 780.0 4.7 640.0
15:57:49.156 0.0 0.0 0.1 780.0 1.5 640.0
15:57:49.203 0.0 0.0 0.1 780.0 1.5 640.0
15:57:49.250 0.0 0.0 -0.1 790.0 -1.6 650.0
15:57:49.296 0.0 0.0 -0.4 790.0 -4.9 650.0
15:57:49.343 0.0 0.0 -0.6 790.0 -8.1 650.0
15:57:49.390 0.0 0.0 -0.8 799.9 -11.4 660.0
15:57:49.421 0.0 0.0 -1.1 819.9 -15.1 680.0
15:57:49.468 0.0 0.0 -1.3 819.8 -18.3 680.0
15:57:49.515 0.0 0.0 -1.5 819.7 -21.8 680.0
15:57:49.546 0.0 0.0 -1.8 819.6 -25.1 680.0
15:57:49.593 0.0 0.0 -2.0 819.5 -28.5 680.0
15:57:49.640 0.0 0.0 -2.2 819.4 -31.8 680.0
15:57:49.687 0.0 0.0 -2.2 839.4 -32.5 700.0
15:57:49.734 0.0 0.0 -2.5 839.2 -36.0 700.0
15:57:49.765 0.0 0.0 -2.7 839.1 -39.5 700.0
15:57:49.828 0.0 0.0 -2.9 838.9 -42.8 700.0
15:57:49.859 0.0 0.0 -3.2 838.7 -46.7 700.0
15:57:49.906 0.0 0.0 -3.4 848.5 -50.3 710.0
15:57:49.937 0.0 0.0 -3.6 848.3 -53.7 710.0
15:57:49.984 0.0 0.0 -3.9 848.1 -57.2 710.0
15:57:50.031 0.0 0.0 -3.9 868.0 -58.5 730.0
15:57:50.078 0.0 0.0 -4.2 867.7 -63.1 730.0
15:57:50.109 0.0 0.0 -4.4 867.4 -66.7 730.0
15:57:50.156 0.0 0.0 -4.6 877.1 -71.0 740.0
15:57:50.203 0.0 0.0 -4.9 886.8 -75.5 750.0
15:57:50.250 0.0 0.0 -5.1 876.5 -78.4 740.0
15:57:50.281 0.0 0.0 -5.3 886.1 -82.9 750.0
15:57:50.328 0.0 0.0 -5.6 895.7 -87.4 760.0
15:57:50.375 0.0 0.0 -5.6 895.7 -87.4 760.0
15:57:50.390 0.0 0.0 -5.8 905.3 -92.1 770.0
15:57:50.437 0.0 0.0 -6.0 914.9 -96.8 780.0
15:57:50.484 0.0 0.0 -6.3 914.5 -100.5 780.0
15:57:50.515 0.0 0.0 -6.5 933.9 -106.5 800.0
15:57:50.562 0.0 0.0 -6.7 933.5 -110.3 800.0
15:57:50.625 0.0 0.0 -7.0 933.0 -114.2 800.0
15:57:50.656 0.0 0.0 -7.0 962.8 -117.8 830.0
15:57:50.703 0.0 0.0 -7.3 952.2 -121.8 820.0
15:57:50.750 0.0 0.0 -7.5 941.8 -124.4 810.0
15:57:50.781 0.0 0.0 -7.8 951.2 -129.6 820.0
15:57:50.828 0.0 0.0 -8.0 970.5 -136.3 840.0
15:57:50.875 0.0 0.0 -8.2 960.0 -138.8 830.0
15:57:50.921 0.0 0.0 -8.2 969.9 -140.2 840.0
15:57:50.953 0.0 0.0 -8.5 969.3 -144.2 840.0
15:57:51.000 0.0 0.0 -8.7 958.9 -146.5 830.0
15:57:51.046 0.0 0.0 -8.9 958.3 -150.4 830.0
15:57:51.093 0.0 0.0 -9.2 957.7 -154.3 830.0
15:57:51.125 0.0 0.0 -9.4 957.0 -158.2 830.0
15:57:51.171 0.0 0.0 -9.6 966.2 -163.9 840.0
15:57:51.218 0.0 0.0 -9.9 955.7 -166.2 830.0
15:57:51.250 0.0 0.0 -10.1 955.0 -170.1 830.0
15:57:51.296 0.0 0.0 -10.1 964.8 -171.9 840.0
15:57:51.343 0.0 0.0 -10.3 964.1 -175.6 840.0
15:57:51.375 0.0 0.0 -10.6 963.4 -179.5 840.0
15:57:51.437 0.0 0.0 -10.8 962.7 -183.4 840.0
15:57:51.468 0.0 0.0 -11.0 971.7 -189.5 850.0
15:57:51.515 0.0 0.0 -11.3 951.3 -189.4 830.0
15:57:51.562 0.0 0.0 -11.5 960.3 -195.4 840.0
15:57:51.593 0.0 0.0 -11.7 949.7 -197.2 830.0
15:57:51.640 0.0 0.0 -12.0 948.9 -201.1 830.0
15:57:51.687 0.0 0.0 -12.2 948.1 -204.8 830.0
15:57:51.734 0.0 0.0 -12.4 927.7 -204.6 810.0
15:57:51.781 0.0 0.0 -12.4 927.7 -204.6 810.0
15:57:51.812 0.0 0.0 -12.7 936.7 -210.4 820.0
15:57:51.859 0.0 0.0 -12.9 926.0 -212.3 810.0
15:57:51.906 0.0 0.0 -13.1 925.2 -215.8 810.0
15:57:51.937 0.0 0.0 -13.4 924.3 -219.6 810.0
15:57:51.984 0.0 0.0 -13.6 913.7 -221.0 800.0
15:57:52.046 0.0 0.0 -13.8 903.0 -222.4 790.0
15:57:52.078 0.0 0.0 -14.1 902.1 -226.1 790.0
15:57:52.109 0.0 0.0 -14.3 901.2 -229.8 790.0
15:57:52.156 0.0 0.0 -14.3 901.2 -229.8 790.0
15:57:52.203 0.0 0.0 -14.5 900.2 -233.6 790.0
15:57:52.250 0.0 0.0 -14.8 908.9 -239.7 800.0
15:57:52.281 0.0 0.0 -15.0 907.9 -243.4 800.0
15:57:52.328 0.0 0.0 -15.2 916.6 -249.8 810.0
15:57:52.375 0.0 0.0 -15.5 915.6 -253.3 810.0
15:57:52.406 0.0 0.0 -15.7 914.5 -257.2 810.0
15:57:52.453 0.0 0.0 -15.9 913.5 -260.9 810.0
15:57:52.500 0.0 0.0 -15.9 923.1 -263.7 820.0
15:57:52.546 0.0 0.0 -16.2 922.0 -267.4 820.0
15:57:52.578 0.0 0.0 -16.4 930.5 -274.1 830.0
15:57:52.625 0.0 0.0 -16.6 919.8 -274.9 820.0
15:57:52.671 0.0 0.0 -16.9 918.5 -279.1 820.0
15:57:52.718 0.0 0.0 -17.1 917.5 -282.5 820.0
15:57:52.750 0.0 0.0 -17.3 906.8 -283.3 810.0
15:57:52.796 0.0 0.0 -17.6 905.7 -286.8 810.0
15:57:52.843 0.0 0.0 -17.6 905.7 -286.8 810.0
15:57:52.875 0.0 0.0 -18.0 884.2 -288.1 790.0
15:57:52.921 0.0 0.0 -18.0 874.7 -285.0 780.0
15:57:52.968 0.0 0.0 -18.3 883.1 -291.7 790.0
15:57:53.015 0.0 0.0 -18.5 891.4 -298.4 800.0
15:57:53.062 0.0 0.0 -18.7 890.1 -302.1 800.0
15:57:53.109 0.0 0.0 -19.0 888.9 -305.8 800.0
15:57:53.140 0.0 0.0 -19.2 878.2 -306.2 790.0
15:57:53.187 0.0 0.0 -19.5 876.9 -309.8 790.0
15:57:53.234 0.0 0.0 -19.7 875.6 -313.3 790.0
15:57:53.281 0.0 0.0 -19.9 874.3 -316.9 790.0
15:57:53.312 0.0 0.0 -20.1 873.1 -320.3 790.0
15:57:53.359 0.0 0.0 -20.1 873.1 -320.3 790.0
15:57:53.406 0.0 0.0 -20.4 853.1 -316.9 770.0
15:57:53.453 0.0 0.0 -20.6 842.4 -316.9 760.0
15:57:53.484 0.0 0.0 -20.9 841.0 -320.4 760.0
15:57:53.531 0.0 0.0 -21.1 839.7 -323.8 760.0
15:57:53.578 0.0 0.0 -21.3 838.4 -327.2 760.0
15:57:53.625 0.0 0.0 -21.6 837.1 -330.6 760.0
15:57:53.671 0.0 0.0 -21.8 835.7 -334.2 760.0
15:57:53.687 0.0 0.0 -21.8 826.4 -330.5 750.0
15:57:53.734 0.0 0.0 -22.0 834.3 -337.6 760.0
15:57:53.765 0.0 0.0 -22.3 842.2 -344.7 770.0
15:57:53.812 0.0 0.0 -22.5 840.8 -348.1 770.0
15:57:53.859 0.0 0.0 -22.7 839.3 -351.6 770.0
15:57:53.906 0.0 0.0 -23.0 837.9 -354.9 770.0
15:57:53.937 0.0 0.0 -23.2 836.4 -358.4 770.0
15:57:53.968 0.0 0.0 -23.2 854.8 -366.3 790.0
15:57:54.015 0.0 0.0 -23.4 899.2 -389.6 840.0
15:57:54.062 0.0 0.0 -23.7 897.6 -393.4 840.0
15:57:54.093 0.0 0.0 -23.9 1042.3 -461.7 1000.0
15:57:54.140 0.0 0.0 -24.1 n/a n/a n/a
15:57:54.187 0.0 0.0 -24.4 n/a n/a n/a
15:57:54.234 0.0 0.0 -24.6 n/a n/a n/a
15:57:54.265 0.0 0.0 -24.8 n/a n/a n/a
15:57:54.312 0.0 0.0 -24.8 n/a n/a n/a
15:57:54.359 0.0 0.0 -25.1 n/a n/a n/a
15:57:54.406 0.0 0.0 -25.3 n/a n/a n/a
15:57:54.453 0.0 0.0 -25.5 n/a n/a n/a
15:57:54.500 0.0 0.0 -25.8 n/a n/a n/a
15:57:54.531 0.0 0.0 -26.0 n/a n/a n/a
15:57:54.562 0.0 0.0 -26.2 n/a n/a n/a
15:57:54.609 0.0 0.0 -26.5 n/a n/a n/a
15:57:54.656 0.0 0.0 -26.7 n/a n/a n/a
15:57:54.703 0.0 0.0 -26.7 n/a n/a n/a
15:57:54.734 0.0 0.0 -27.0 n/a n/a n/a
15:57:54.781 0.0 0.0 -27.3 n/a n/a n/a
15:57:54.890 0.0 0.0 -27.7 n/a n/a n/a
15:57:54.906 0.0 0.0 -28.0 n/a n/a n/a
15:57:54.953 0.0 0.0 -28.2 n/a n/a n/a
15:57:55.000 0.0 0.0 -28.2 n/a n/a n/a
15:57:55.046 0.0 0.0 -28.4 n/a n/a n/a
15:57:55.078 0.0 0.0 -28.7 n/a n/a n/a
15:57:55.125 0.0 0.0 -28.9 n/a n/a n/a
15:57:55.171 0.0 0.0 -29.1 n/a n/a n/a
15:57:55.203 0.0 0.0 -29.3 n/a n/a n/a
15:57:55.250 0.0 0.0 -29.6 n/a n/a n/a
15:57:55.296 0.0 0.0 -29.8 n/a n/a n/a
15:57:55.343 0.0 0.0 -29.8 n/a n/a n/a
15:57:55.390 0.0 0.0 -29.9 n/a n/a n/a
15:57:55.421 0.0 0.0 -29.9 n/a n/a n/a
15:57:55.468 0.0 0.0 -29.9 n/a n/a n/a
15:57:55.515 0.0 0.0 -29.9 n/a n/a n/a
15:57:55.687 0.0 0.0 -29.9 n/a n/a n/a
15:57:55.687 0.0 0.0 -29.9 n/a n/a n/a
15:57:55.687 0.0 0.0 -29.9 n/a n/a n/a
15:57:55.687 0.0 0.0 -29.9 n/a n/a n/a
15:57:55.718 0.0 0.0 -29.9 n/a n/a n/a
15:57:55.765 0.0 0.0 -29.9 n/a n/a n/a
15:57:55.796 0.0 0.0 -29.9 n/a n/a n/a
15:57:55.843 0.0 0.0 -29.9 n/a n/a n/a
15:57:55.890 0.0 0.0 -29.9 n/a n/a n/a
15:57:55.937 0.0 0.0 -29.9 n/a n/a n/a
15:57:55.968 0.0 0.0 -29.9 n/a n/a n/a
15:57:56.015 0.0 0.0 -29.9 n/a n/a n/a
15:57:56.031 0.0 0.0 -29.9 n/a n/a n/a
15:57:56.078 0.0 0.0 -29.9 n/a n/a n/a
15:57:56.125 0.0 0.0 -29.9 n/a n/a n/a
