Лабораторная работа 1. Анализ сенсорных данных об объекте

Маршрут: квадрат
Направление движения: против часовой стрелки
Скорость движения: 50.0 мм/с
Рабочий дальномер: левый (Rf_L)
Матрица положения дальномера Rf_L:
   0.000  -1.000   0.000  -120.0
   1.000   0.000   0.000   241.0
   0.000   0.000   1.000   229.5
       0       0       0       1

Выходная информация: положение робота, данные дальномера об объекте

          Time   X_rob   Y_rob  Ang_rob    Rf_L
  чч:мм:сс.ссс      мм      мм     град      мм
  10:04:33.859   788.5    -0.6      0.0   990.0
  10:04:33.906   788.5    -0.6      0.0  1050.0
  10:04:33.953   790.8    -0.6      0.0  1020.0
  10:04:34.000   793.1    -0.6      0.0   990.0
  10:04:34.031   795.5    -0.6      0.0   990.0
  10:04:34.078   797.9    -0.6      0.0   740.0
  10:04:34.109   800.2    -0.6      0.0   730.0
  10:04:34.156   802.5    -0.6      0.0   730.0
  10:04:34.203   804.8    -0.6      0.0   690.0
  10:04:34.250   807.1    -0.6      0.0   640.0
  10:04:34.296   807.1    -0.6      0.0   640.0
  10:04:34.328   809.5    -0.6      0.0   560.0
  10:04:34.375   811.8    -0.6      0.0   520.0
  10:04:34.421   814.2    -0.6      0.0   520.0
  10:04:34.468   816.6    -0.6      0.0   490.0
  10:04:34.500   818.9    -0.6      0.0   490.0
  10:04:34.546   821.3    -0.6      0.0   490.0
  10:04:34.593   823.5    -0.6      0.0   470.0
  10:04:34.640   826.0    -0.6      0.0   470.0
  10:04:34.671   826.0    -0.6      0.0   470.0
  10:04:34.718   828.1    -0.6      0.0   470.0
  10:04:34.750   830.5    -0.6      0.0   470.0
  10:04:34.796   832.9    -0.6      0.0   470.0
  10:04:34.828   835.6    -0.6      0.0   470.0
  10:04:34.875   837.6    -0.6      0.0   470.0
  10:04:34.921   839.9    -0.6      0.0   470.0
  10:04:34.968   839.9    -0.6      0.0   470.0
  10:04:35.015   842.3    -0.6      0.0   470.0
  10:04:35.046   845.8    -0.6      0.0   470.0
  10:04:35.093   847.8    -0.6      0.0   470.0
  10:04:35.140   850.0    -0.6      0.0   470.0
  10:04:35.187   852.3    -0.6      0.0   470.0
  10:04:35.234   854.9    -0.6      0.0   470.0
  10:04:35.265   857.1    -0.6      0.0   470.0
  10:04:35.312   857.1    -0.6      0.0   470.0
  10:04:35.359   859.5    -0.6      0.0   470.0
  10:04:35.406   861.7    -0.6      0.0   470.0
  10:04:35.437   864.4    -0.6      0.0   470.0
  10:04:35.484   866.5    -0.6      0.0   470.0
  10:04:35.531   868.8    -0.6      0.0   470.0
  10:04:35.578   871.1    -0.6      0.0   470.0
  10:04:35.625   873.4    -0.6      0.0   470.0
  10:04:35.656   873.4    -0.6      0.0   460.0
  10:04:35.687   876.5    -0.6      0.0   460.0
  10:04:35.734   878.8    -0.6      0.0   470.0
  10:04:35.781   881.2    -0.6      0.0   460.0
  10:04:35.812   883.8    -0.6      0.0   460.0
  10:04:35.859   885.9    -0.6      0.0   460.0
  10:04:35.906   885.9    -0.6      0.0   460.0
  10:04:35.953   888.3    -0.6      0.0   460.0
  10:04:35.984   890.6    -0.6      0.0   460.0
  10:04:36.031   892.9    -0.6      0.0   460.0
  10:04:36.078   895.3    -0.6      0.0   460.0
  10:04:36.109   897.6    -0.5      0.0   460.0
  10:04:36.171   900.0    -0.5      0.0   460.0
  10:04:36.203   902.2    -0.5      0.0   460.0
  10:04:36.250   904.6    -0.5      0.0   460.0
  10:04:36.281   904.6    -0.5      0.0   460.0
  10:04:36.328   907.0    -0.5      0.0   460.0
  10:04:36.375   909.3    -0.5      0.0   460.0
  10:04:36.421   911.7    -0.5      0.0   460.0
  10:04:36.453   914.2    -0.5      0.0   460.0
  10:04:36.500   916.3    -0.5      0.0   460.0
  10:04:36.546   918.7    -0.5      0.0   460.0
  10:04:36.593   921.0    -0.5      0.0   460.0
  10:04:36.625   923.4    -0.5      0.0   460.0
  10:04:36.671   923.4    -0.5      0.0   460.0
  10:04:36.718   925.6    -0.5      0.0   460.0
  10:04:36.750   928.0    -0.5      0.0   460.0
  10:04:36.796   930.3    -0.5      0.0   460.0
  10:04:36.843   932.6    -0.5      0.0   460.0
  10:04:36.890   935.0    -0.5      0.0   460.0
  10:04:36.921   937.4    -0.5      0.0   460.0
  10:04:36.968   939.8    -0.5      0.0   460.0
  10:04:37.015   942.0    -0.5      0.0   450.0
  10:04:37.062   944.4    -0.5      0.0   450.0
  10:04:37.109   944.4    -0.5      0.0   450.0
  10:04:37.156   946.7    -0.5      0.0   450.0
  10:04:37.187   949.1    -0.5      0.0   450.0
  10:04:37.234   951.3    -0.5      0.0   450.0
  10:04:37.265   953.7    -0.5      0.0   450.0
  10:04:37.312   956.1    -0.5      0.0   450.0
  10:04:37.359   958.4    -0.5      0.0   450.0
  10:04:37.406   960.7    -0.5      0.0   450.0
  10:04:37.453   963.2    -0.5      0.0   450.0
  10:04:37.484   965.5    -0.5      0.0   450.0
  10:04:37.531   967.8    -0.5      0.0   450.0
  10:04:37.578   967.8    -0.5      0.0   450.0
  10:04:37.625   970.2    -0.5      0.0   450.0
  10:04:37.656   972.4    -0.5      0.0   440.0
  10:04:37.703   974.8    -0.5      0.0   440.0
  10:04:37.750   977.2    -0.5      0.0   440.0
  10:04:37.796   979.5    -0.5      0.0   440.0
  10:04:37.843   981.9    -0.5      0.0   440.0
  10:04:37.875   984.3    -0.5      0.0   440.0
  10:04:37.921   986.5    -0.5      0.0   440.0
  10:04:37.968   988.8    -0.5      0.0   440.0
  10:04:38.015   988.8    -0.5      0.0   440.0
  10:04:38.046   991.2    -0.5      0.0   440.0
  10:04:38.093   993.6    -0.5      0.0   440.0
  10:04:38.140   995.9    -0.5      0.0   440.0
  10:04:38.187   998.2    -0.5      0.0   440.0
  10:04:38.234  1000.6    -0.5      0.0   440.0
  10:04:38.281  1002.8    -0.5      0.0   440.0
  10:04:38.328  1005.1    -0.5      0.0   440.0
  10:04:38.359  1007.6    -0.5      0.0   440.0
  10:04:38.406  1009.9    -0.5      0.0   440.0
  10:04:38.468  1012.3    -0.5      0.0   440.0
  10:04:38.500  1012.3    -0.5      0.0   440.0
  10:04:38.531  1014.5    -0.5      0.0   440.0
  10:04:38.578  1017.0    -0.4      0.0   440.0
  10:04:38.625  1019.3    -0.4      0.0   440.0
  10:04:38.671  1021.5    -0.4      0.0   440.0
  10:04:38.703  1024.0    -0.4      0.0   440.0
  10:04:38.750  1026.2    -0.4      0.0   440.0
  10:04:38.796  1028.6    -0.4      0.0   440.0
  10:04:38.828  1031.0    -0.4      0.0   440.0
  10:04:38.875  1033.3    -0.4      0.0   440.0
  10:04:38.921  1033.3    -0.4      0.0   440.0
  10:04:38.968  1035.6    -0.4      0.0   440.0
  10:04:39.015  1038.0    -0.4      0.0   440.0
  10:04:39.046  1040.3    -0.4      0.0   440.0
  10:04:39.093  1042.7    -0.4      0.0   440.0
  10:04:39.140  1044.9    -0.4      0.0   440.0
  10:04:39.187  1047.3    -0.4      0.0   440.0
  10:04:39.234  1049.7    -0.4      0.0   440.0
  10:04:39.265  1052.0    -0.4      0.0   430.0
  10:04:39.312  1054.3    -0.4      0.0   430.0
  10:04:39.359  1056.7    -0.4      0.0   430.0
  10:04:39.406  1056.7    -0.4      0.0   430.0
  10:04:39.437  1059.1    -0.4      0.0   430.0
  10:04:39.484  1061.4    -0.4      0.0   430.0
  10:04:39.531  1063.8    -0.4      0.0   430.0
  10:04:39.578  1066.0    -0.4      0.0   430.0
  10:04:39.609  1068.4    -0.4      0.0   430.0
  10:04:39.656  1070.8    -0.4      0.0   430.0
  10:04:39.703  1073.1    -0.4      0.0   430.0
  10:04:39.750  1075.3    -0.4      0.0   430.0
  10:04:39.781  1077.7    -0.4      0.0   430.0
  10:04:39.828  1077.7    -0.4      0.0   430.0
  10:04:39.890  1082.5    -0.4      0.0   430.0
  10:04:39.921  1082.5    -0.4      0.0   430.0
  10:04:39.953  1084.7    -0.4      0.0   430.0
  10:04:40.000  1087.1    -0.4      0.0   430.0
  10:04:40.046  1089.4    -0.4      0.0   430.0
  10:04:40.093  1091.9    -0.4      0.0   430.0
  10:04:40.125  1094.2    -0.4      0.0   420.0
  10:04:40.171  1096.4    -0.4      0.0   420.0
  10:04:40.218  1098.8    -0.4      0.0   420.0
  10:04:40.265  1098.8    -0.4      0.0   420.0
  10:04:40.312  1101.1    -0.4      0.0   420.0
  10:04:40.359  1103.4    -0.4      0.0   430.0
  10:04:40.390  1105.8    -0.4      0.0   440.0
  10:04:40.437  1108.2    -0.4      0.0   440.0
  10:04:40.484  1110.5    -0.4      0.0   450.0
  10:04:40.531  1112.9    -0.4      0.0   460.0
  10:04:40.562  1115.2    -0.4      0.0   460.0
  10:04:40.609  1117.4    -0.4      0.0   470.0
  10:04:40.656  1119.8    -0.4      0.0   480.0
  10:04:40.703  1122.2    -0.4      0.0   480.0
  10:04:40.734  1122.2    -0.4      0.0   500.0
  10:04:40.781  1124.5    -0.4      0.0   550.0
  10:04:40.796  1126.8    -0.4      0.0   550.0
  10:04:40.828  1126.8    -0.4      0.0   550.0
  10:04:40.875  1129.2    -0.4      0.0   530.0
  10:04:40.921  1131.6    -0.4      0.0   530.0
  10:04:40.968  1134.0    -0.3      0.0   540.0
  10:04:41.015  1136.2    -0.3      0.0   570.0
  10:04:41.046  1138.5    -0.3      0.0   570.0
  10:04:41.093  1141.0    -0.3      0.0   580.0
  10:04:41.140  1143.2    -0.3      0.0   580.0
  10:04:41.187  1145.6    -0.3      0.0   580.0
  10:04:41.218  1145.6    -0.3      0.0   580.0
  10:04:41.265  1147.9    -0.3      0.0   600.0
  10:04:41.312  1150.3    -0.3      0.0   600.0
  10:04:41.359  1152.5    -0.3      0.0   620.0
  10:04:41.390  1154.9    -0.3      0.0   640.0
  10:04:41.437  1157.3    -0.3      0.0   640.0
  10:04:41.484  1159.6    -0.3      0.0   650.0
  10:04:41.531  1161.9    -0.3      0.0   660.0
  10:04:41.562  1164.3    -0.3      0.0   660.0
  10:04:41.609  1166.8    -0.3      0.0   670.0
  10:04:41.656  1169.0    -0.3      0.0   680.0
  10:04:41.703  1169.0    -0.3      0.0   680.0
  10:04:41.734  1171.3    -0.3      0.0   680.0
  10:04:41.781  1173.7    -0.3      0.0   680.0
  10:04:41.828  1175.9    -0.3      0.0   680.0
  10:04:41.875  1178.3    -0.3      0.0   680.0
  10:04:41.906  1180.6    -0.3      0.0   680.0
  10:04:41.953  1182.9    -0.3      0.0   680.0
  10:04:42.000  1185.3    -0.3      0.0   690.0
  10:04:42.046  1187.6    -0.3      0.0   680.0
  10:04:42.078  1187.6    -0.3      0.0   670.0
  10:04:42.125  1190.1    -0.3      0.0   680.0
  10:04:42.171  1192.3    -0.3      0.0   680.0
  10:04:42.218  1194.6    -0.3      0.0   680.0
  10:04:42.265  1197.0    -0.3      0.0   680.0
  10:04:42.296  1199.4    -0.3      0.0   680.0
  10:04:42.343  1201.7    -0.3      0.0   670.0
  10:04:42.390  1204.0    -0.3      0.0   670.0
  10:04:42.437  1206.4    -0.3      0.0   670.0
  10:04:42.468  1208.8    -0.3      0.0   670.0
  10:04:42.531  1211.0    -0.3      0.0   670.0
  10:04:42.562  1211.0    -0.3      0.0   680.0
  10:04:42.609  1213.4    -0.3      0.0   680.0
  10:04:42.656  1215.7    -0.3      0.0   680.0
  10:04:42.671  1218.0    -0.3      0.0   680.0
  10:04:42.718  1220.4    -0.3      0.0   680.0
  10:04:42.750  1222.9    -0.3      0.0   680.0
  10:04:42.796  1222.9    -0.3      0.0   680.0
  10:04:42.843  1225.0    -0.3      0.0   680.0
  10:04:42.890  1227.4    -0.3      0.0   680.0
  10:04:42.937  1229.8    -0.3      0.0   670.0
  10:04:42.968  1232.1    -0.3      0.0   670.0
  10:04:43.015  1234.5    -0.3      0.0   670.0
  10:04:43.062  1236.7    -0.3      0.0   670.0
  10:04:43.093  1239.2    -0.3      0.0   670.0
  10:04:43.140  1239.2    -0.3      0.0   670.0
  10:04:43.187  1241.9    -0.3      0.0   670.0
  10:04:43.234  1244.6    -0.3      0.0   670.0
  10:04:43.281  1246.9    -0.3      0.0   670.0
  10:04:43.328  1249.3    -0.3      0.0   680.0
  10:04:43.359  1251.7    -0.2      0.0   680.0
  10:04:43.406  1254.0    -0.2      0.0   680.0
  10:04:43.453  1256.3    -0.2      0.0   680.0
  10:04:43.484  1258.6    -0.2      0.0   680.0
  10:04:43.531  1258.6    -0.2      0.0   680.0
  10:04:43.578  1261.0    -0.2      0.0   720.0
  10:04:43.625  1263.4    -0.2      0.0   720.0
  10:04:43.656  1265.7    -0.2      0.0   720.0
  10:04:43.703  1267.9    -0.2      0.0   720.0
  10:04:43.750  1270.4    -0.2      0.0   720.0
  10:04:43.781  1272.6    -0.2      0.0   750.0
  10:04:43.828  1272.6    -0.2      0.0   810.0
  10:04:43.859  1275.0    -0.2      0.0   810.0
  10:04:43.906  1277.3    -0.2      0.0   810.0
  10:04:43.953  1279.7    -0.2      0.0   800.0
  10:04:44.000  1282.1    -0.2      0.0   800.0
  10:04:44.046  1284.3    -0.2      0.0   840.0
  10:04:44.078  1286.7    -0.2      0.0   820.0
  10:04:44.140  1289.1    -0.2      0.0   820.0
  10:04:44.171  1291.4    -0.2      0.0   820.0
  10:04:44.218  1293.7    -0.2      0.0   900.0
  10:04:44.265  1296.1    -0.2      0.0   900.0
  10:04:44.296  1296.1    -0.2      0.0   900.0
  10:04:44.359  1298.4    -0.2      0.0   910.0
  10:04:44.390  1301.1    -0.2      0.0   910.0
  10:04:44.421  1303.8    -0.2      0.0   990.0
  10:04:44.468  1306.2    -0.2      0.0   990.0
  10:04:44.515  1308.6    -0.2      0.0   910.0
  10:04:44.562  1308.6    -0.2      0.0   910.0
  10:04:44.609  1311.1    -0.2      0.0   990.0
  10:04:44.640  1313.1    -0.2      0.0   990.0
  10:04:46.562  1406.8    -0.1      0.0  1070.0
  10:05:18.609  1838.4   802.4     90.0  1000.0
  10:05:18.656  1838.4   804.8     90.0  1000.0
  10:05:18.687  1838.4   807.2     90.0   750.0
  10:05:18.734  1838.4   809.6     90.0   730.0
  10:05:18.781  1838.4   811.8     90.0   730.0
  10:05:18.812  1838.4   811.8     90.0   610.0
  10:05:18.859  1838.4   814.1     90.0   580.0
  10:05:18.906  1838.4   816.5     90.0   580.0
  10:05:18.937  1838.4   818.8     90.0   570.0
  10:05:18.984  1838.4   821.1     90.0   560.0
  10:05:19.031  1838.4   823.5     90.0   560.0
  10:05:19.078  1838.4   825.8     90.0   570.0
  10:05:19.125  1838.4   828.1     90.0   560.0
  10:05:19.156  1838.4   828.1     90.0   560.0
  10:05:19.203  1838.4   830.5     90.0   570.0
  10:05:19.234  1838.4   832.8     90.0   570.0
  10:05:19.265  1838.4   835.2     90.0   570.0
  10:05:19.312  1838.4   837.5     90.0   570.0
  10:05:19.359  1838.4   839.8     90.0   570.0
  10:05:19.390  1838.4   839.8     90.0   570.0
  10:05:19.437  1838.4   842.2     90.0   570.0
  10:05:19.484  1838.4   844.5     90.0   570.0
  10:05:19.531  1838.4   846.9     90.0   570.0
  10:05:19.562  1838.4   849.2     90.0   570.0
  10:05:19.609  1838.4   851.6     90.0   570.0
  10:05:19.656  1838.4   853.8     90.0   570.0
  10:05:19.703  1838.4   856.3     90.0   570.0
  10:05:19.734  1838.4   858.5     90.0   570.0
  10:05:19.781  1838.4   858.5     90.0   570.0
  10:05:19.828  1838.4   860.8     90.0   560.0
  10:05:19.875  1838.4   863.2     90.0   560.0
  10:05:19.921  1838.4   865.5     90.0   560.0
  10:05:19.953  1838.4   868.0     90.0   570.0
  10:05:20.000  1838.4   870.3     90.0   570.0
  10:05:20.046  1838.4   872.6     90.0   570.0
  10:05:20.093  1838.4   875.0     90.0   560.0
  10:05:20.125  1838.4   877.3     90.0   560.0
  10:05:20.171  1838.4   879.6     90.0   560.0
  10:05:20.218  1838.4   879.6     90.0   560.0
  10:05:20.265  1838.4   882.0     90.0   560.0
  10:05:20.296  1838.4   884.4     90.0   560.0
  10:05:20.343  1838.4   886.7     90.0   560.0
  10:05:20.390  1838.4   889.1     90.0   560.0
  10:05:20.437  1838.4   891.3     90.0   560.0
  10:05:20.468  1838.4   893.8     90.0   560.0
  10:05:20.515  1838.4   895.9     90.0   560.0
  10:05:20.562  1838.4   898.3     90.0   560.0
  10:05:20.609  1838.4   900.6     90.0   560.0
  10:05:20.656  1838.4   903.0     90.0   560.0
  10:05:20.687  1838.4   903.0     90.0   560.0
  10:05:20.734  1838.4   905.4     90.0   560.0
  10:05:20.781  1838.4   907.6     90.0   560.0
  10:05:20.828  1838.4   910.0     90.0   560.0
  10:05:20.875  1838.4   912.3     90.0   560.0
  10:05:20.921  1838.4   914.7     90.0   560.0
  10:05:20.953  1838.4   917.0     90.0   560.0
  10:05:21.000  1838.4   919.4     90.0   560.0
  10:05:21.031  1838.4   921.7     90.0   560.0
  10:05:21.078  1838.4   924.1     90.0   560.0
  10:05:21.125  1838.4   926.6     90.0   560.0
  10:05:21.171  1838.4   926.6     90.0   560.0
  10:05:21.218  1838.4   928.7     90.0   560.0
  10:05:21.250  1838.4   931.1     90.0   560.0
  10:05:21.312  1838.4   933.4     90.0   560.0
  10:05:21.343  1838.4   936.0     90.0   560.0
  10:05:21.390  1838.4   938.2     90.0   550.0
  10:05:21.437  1838.4   940.5     90.0   550.0
  10:05:21.468  1838.4   942.8     90.0   550.0
  10:05:21.515  1838.4   945.1     90.0   550.0
  10:05:21.562  1838.4   945.1     90.0   550.0
  10:05:21.609  1838.4   947.4     90.0   550.0
  10:05:21.640  1838.4   949.8     90.0   540.0
  10:05:21.687  1838.4   952.2     90.0   540.0
  10:05:21.734  1838.4   954.5     90.0   550.0
  10:05:21.781  1838.4   956.9     90.0   550.0
  10:05:21.812  1838.4   959.1     90.0   550.0
  10:05:21.859  1838.4   961.5     90.0   550.0
  10:05:21.906  1838.4   963.8     90.0   550.0
  10:05:21.937  1838.4   966.2     90.0   540.0
  10:05:21.984  1838.4   966.2     90.0   540.0
  10:05:22.031  1838.4   968.5     90.0   550.0
  10:05:22.078  1838.4   970.8     90.0   550.0
  10:05:22.125  1838.4   973.2     90.0   550.0
  10:05:22.156  1838.4   975.5     90.0   540.0
  10:05:22.203  1838.4   977.8     90.0   540.0
  10:05:22.250  1838.4   980.3     90.0   550.0
  10:05:22.296  1838.4   982.7     90.0   550.0
  10:05:22.343  1838.4   985.0     90.0   550.0
  10:05:22.375  1838.4   987.1     90.0   550.0
  10:05:22.421  1838.4   989.5     90.0   550.0
  10:05:22.468  1838.4   989.5     90.0   530.0
  10:05:22.531  1838.4   994.3     90.0   540.0
  10:05:22.546  1838.4   994.3     90.0   540.0
  10:05:22.593  1838.4   996.6     90.0   540.0
  10:05:22.640  1838.4   999.0     90.0   540.0
  10:05:22.687  1838.4  1001.2     90.0   540.0
  10:05:22.718  1838.4  1003.6     90.0   540.0
  10:05:22.765  1838.4  1005.9     90.0   540.0
  10:05:22.796  1838.4  1008.2     90.0   540.0
  10:05:22.843  1838.4  1008.2     90.0   540.0
  10:05:22.890  1838.4  1010.6     90.0   540.0
  10:05:22.937  1838.4  1012.9     90.0   540.0
  10:05:22.968  1838.4  1015.3     90.0   530.0
  10:05:23.015  1838.4  1017.6     90.0   540.0
  10:05:23.062  1838.4  1019.9     90.0   540.0
  10:05:23.109  1838.4  1022.2     90.0   540.0
  10:05:23.140  1838.4  1022.2     90.0   540.0
  10:05:23.187  1838.4  1025.2     90.0   530.0
  10:05:23.234  1838.4  1027.9     90.0   530.0
  10:05:23.281  1838.4  1030.1     90.0   530.0
  10:05:23.312  1838.4  1032.4     90.0   530.0
  10:05:23.359  1838.4  1034.8     90.0   530.0
  10:05:23.406  1838.4  1037.2     90.0   530.0
  10:05:23.453  1838.4  1039.5     90.0   530.0
  10:05:23.484  1838.4  1041.8     90.0   530.0
  10:05:23.531  1838.4  1041.8     90.0   530.0
  10:05:23.578  1838.4  1044.2     90.0   520.0
  10:05:23.625  1838.4  1046.5     90.0   520.0
  10:05:23.671  1838.4  1048.8     90.0   520.0
  10:05:23.703  1838.4  1051.1     90.0   530.0
  10:05:23.750  1838.4  1053.5     90.0   530.0
  10:05:23.796  1838.4  1055.9     90.0   530.0
  10:05:23.843  1838.4  1058.3     90.0   530.0
  10:05:23.875  1838.4  1060.6     90.0   520.0
  10:05:23.921  1838.4  1062.9     90.0   530.0
  10:05:23.968  1838.4  1062.9     90.0   520.0
  10:05:24.015  1838.4  1065.1     90.0   520.0
  10:05:24.046  1838.4  1067.5     90.0   520.0
  10:05:24.093  1838.4  1069.9     90.0   520.0
  10:05:24.140  1838.3  1072.3     90.0   520.0
  10:05:24.187  1838.3  1074.6     90.0   530.0
  10:05:24.218  1838.3  1076.9     90.0   520.0
  10:05:24.265  1838.3  1079.2     90.0   520.0
  10:05:24.312  1838.3  1081.5     90.0   520.0
  10:05:24.359  1838.3  1083.8     90.0   520.0
  10:05:24.406  1838.3  1086.2     90.0   520.0
  10:05:24.453  1838.3  1086.2     90.0   520.0
  10:05:24.484  1838.3  1088.6     90.0   520.0
  10:05:24.531  1838.3  1091.0     90.0   520.0
  10:05:24.578  1838.3  1093.2     90.0   520.0
  10:05:24.609  1838.3  1095.6     90.0   500.0
  10:05:24.656  1838.3  1097.9     90.0   500.0
  10:05:24.703  1838.3  1100.3     90.0   500.0
  10:05:24.750  1838.3  1102.6     90.0   460.0
  10:05:24.796  1838.3  1105.0     90.0   440.0
  10:05:24.828  1838.3  1107.4     90.0   440.0
  10:05:24.875  1838.3  1107.4     90.0   440.0
  10:05:24.921  1838.3  1109.6     90.0   440.0
  10:05:24.953  1838.3  1111.9     90.0   440.0
  10:05:25.000  1838.3  1114.2     90.0   440.0
  10:05:25.046  1838.3  1116.6     90.0   440.0
  10:05:25.093  1838.3  1119.0     90.0   440.0
  10:05:25.125  1838.3  1121.3     90.0   430.0
  10:05:25.187  1838.3  1123.7     90.0   430.0
  10:05:25.218  1838.3  1125.9     90.0   430.0
  10:05:25.265  1838.3  1128.4     90.0   430.0
  10:05:25.312  1838.3  1130.7     90.0   430.0
  10:05:25.343  1838.3  1130.7     90.0   430.0
  10:05:25.406  1838.3  1133.0     90.0   430.0
  10:05:25.437  1838.3  1135.5     90.0   430.0
  10:05:25.484  1838.3  1137.7     90.0   430.0
  10:05:25.531  1838.3  1140.1     90.0   430.0
  10:05:25.562  1838.3  1142.4     90.0   430.0
  10:05:25.609  1838.3  1142.4     90.0   430.0
  10:05:25.656  1838.3  1145.2     90.0   430.0
  10:05:25.687  1838.3  1147.9     90.0   430.0
  10:05:25.734  1838.3  1150.2     90.0   430.0
  10:05:25.796  1838.3  1152.5     90.0   430.0
  10:05:25.828  1838.3  1154.9     90.0   430.0
  10:05:25.875  1838.3  1157.1     90.0   430.0
  10:05:25.906  1838.3  1159.4     90.0   430.0
  10:05:25.953  1838.3  1161.9     90.0   430.0
  10:05:26.000  1838.3  1161.9     90.0   430.0
  10:05:26.046  1838.3  1164.5     90.0   430.0
  10:05:26.078  1838.3  1166.5     90.0   430.0
  10:05:26.125  1838.3  1168.9     90.0   430.0
  10:05:26.171  1838.3  1171.2     90.0   430.0
  10:05:26.218  1838.3  1173.6     90.0   430.0
  10:05:26.250  1838.3  1175.9     90.0   430.0
  10:05:26.296  1838.3  1178.3     90.0   420.0
  10:05:26.343  1838.3  1180.7     90.0   420.0
  10:05:26.406  1838.3  1182.9     90.0   420.0
  10:05:26.437  1838.3  1185.3     90.0   420.0
  10:05:26.484  1838.3  1187.6     90.0   420.0
  10:05:26.515  1838.3  1187.6     90.0   420.0
  10:05:26.562  1838.3  1189.9     90.0   420.0
  10:05:26.609  1838.3  1192.2     90.0   420.0
  10:05:26.656  1838.3  1194.7     90.0   420.0
  10:05:26.687  1838.3  1197.0     90.0   410.0
  10:05:26.734  1838.3  1199.2     90.0   410.0
  10:05:26.781  1838.3  1201.6     90.0   420.0
  10:05:26.828  1838.3  1203.9     90.0   420.0
  10:05:26.859  1838.3  1206.3     90.0   420.0
  10:05:26.906  1838.3  1208.7     90.0   420.0
  10:05:26.953  1838.3  1208.7     90.0   420.0
  10:05:27.015  1838.3  1213.2     90.0   410.0
  10:05:27.031  1838.3  1213.2     90.0   410.0
  10:05:27.078  1838.3  1215.6     90.0   410.0
  10:05:27.125  1838.3  1217.9     90.0   410.0
  10:05:27.171  1838.3  1220.4     90.0   410.0
  10:05:27.203  1838.3  1222.7     90.0   410.0
  10:05:27.250  1838.3  1225.1     90.0   410.0
  10:05:27.296  1838.3  1227.4     90.0   410.0
  10:05:27.343  1838.3  1227.4     90.0   410.0
  10:05:27.375  1838.3  1229.8     90.0   410.0
  10:05:27.406  1838.3  1232.1     90.0   420.0
  10:05:27.453  1838.3  1234.4     90.0   410.0
  10:05:27.500  1838.3  1236.8     90.0   410.0
  10:05:27.531  1838.3  1239.1     90.0   410.0
  10:05:27.578  1838.3  1241.4     90.0   410.0
  10:05:27.625  1838.3  1241.4     90.0   410.0
  10:05:27.656  1838.3  1243.8     90.0   410.0
  10:05:27.703  1838.3  1246.1     90.0   410.0
  10:05:27.750  1838.3  1248.4     90.0   410.0
  10:05:27.796  1838.3  1250.7     90.0   410.0
  10:05:27.843  1838.3  1253.1     90.0   410.0
  10:05:27.875  1838.3  1255.4     90.0   410.0
  10:05:27.906  1838.3  1255.4     90.0   410.0
  10:05:27.953  1838.3  1257.8     90.0   410.0
  10:05:28.000  1838.3  1260.2     90.0   410.0
  10:05:28.031  1838.3  1262.7     90.0   410.0
  10:05:28.078  1838.3  1264.8     90.0   410.0
  10:05:28.125  1838.3  1267.2     90.0   400.0
  10:05:28.171  1838.3  1269.4     90.0   400.0
  10:05:28.203  1838.3  1271.8     90.0   400.0
  10:05:28.250  1838.3  1274.2     90.0   400.0
  10:05:28.296  1838.3  1274.2     90.0   400.0
  10:05:28.328  1838.3  1276.5     90.0   400.0
  10:05:28.375  1838.3  1278.8     90.0   400.0
  10:05:28.421  1838.3  1281.3     90.0   400.0
  10:05:28.468  1838.3  1283.5     90.0   400.0
  10:05:28.515  1838.3  1285.9     90.0   400.0
  10:05:28.562  1838.3  1288.2     90.0   400.0
  10:05:28.593  1838.3  1290.6     90.0   400.0
  10:05:28.640  1838.3  1292.9     90.0   400.0
  10:05:28.687  1838.3  1295.3     90.0   400.0
  10:05:28.734  1838.3  1297.5     90.0   400.0
  10:05:28.765  1838.3  1297.5     90.0   400.0
  10:05:28.812  1838.3  1299.9     90.0   400.0
  10:05:28.859  1838.3  1302.3     90.0   400.0
  10:05:28.906  1838.3  1304.7     90.0   400.0
  10:05:28.937  1838.3  1307.0     90.0   400.0
  10:05:28.984  1838.3  1309.2     90.0   400.0
  10:05:29.015  1838.3  1311.6     90.0   400.0
  10:05:29.062  1838.3  1313.8     90.0   400.0
  10:05:29.109  1838.3  1313.8     90.0   400.0
  10:05:29.156  1838.3  1316.2     90.0   400.0
  10:05:29.187  1838.3  1318.6     90.0   400.0
  10:05:29.250  1838.3  1320.9     90.0   390.0
  10:05:29.281  1838.3  1323.7     90.0   390.0
  10:05:29.312  1838.3  1323.7     90.0   390.0
  10:05:29.343  1838.3  1326.3     90.0   390.0
  10:05:29.390  1838.3  1328.8     90.0   390.0
  10:05:29.437  1838.3  1331.1     90.0   390.0
  10:05:29.484  1838.3  1333.3     90.0   390.0
  10:05:29.531  1838.3  1335.8     90.0   390.0
  10:05:29.562  1838.3  1338.0     90.0   390.0
  10:05:29.609  1838.3  1340.5     90.0   390.0
  10:05:29.671  1838.3  1342.7     90.0   390.0
  10:05:29.703  1838.3  1345.1     90.0   390.0
  10:05:29.750  1838.3  1345.1     90.0   400.0
  10:05:29.781  1838.3  1347.4     90.0   400.0
  10:05:29.828  1838.3  1349.8     90.0   400.0
  10:05:29.875  1838.3  1352.2     90.0   400.0
  10:05:29.921  1838.3  1354.5     90.0   400.0
  10:05:29.953  1838.3  1356.9     90.0   410.0
  10:05:30.000  1838.3  1359.1     90.0   410.0
  10:05:30.046  1838.2  1361.4     90.0   410.0
  10:05:30.062  1838.2  1361.4     90.0   440.0
  10:05:30.109  1838.2  1363.9     90.0   440.0
  10:05:30.156  1838.2  1366.2     90.0   440.0
  10:05:30.187  1838.2  1368.6     90.0   450.0
  10:05:30.234  1838.2  1370.8     90.0   470.0
  10:05:30.281  1838.2  1373.1     90.0   470.0
  10:05:30.312  1838.2  1373.1     90.0   480.0
  10:05:30.359  1838.2  1375.6     90.0   500.0
  10:05:30.406  1838.2  1377.9     90.0   500.0
  10:05:30.453  1838.2  1380.3     90.0   510.0
  10:05:30.500  1838.2  1382.5     90.0   520.0
  10:05:30.546  1838.2  1384.9     90.0   520.0
  10:05:30.593  1838.2  1387.2     90.0   550.0
  10:05:30.625  1838.2  1389.5     90.0   560.0
  10:05:30.671  1838.2  1392.2     90.0   560.0
  10:05:30.703  1838.2  1392.2     90.0   570.0
  10:05:30.734  1838.2  1394.3     90.0   590.0
  10:05:30.781  1838.2  1396.6     90.0   590.0
  10:05:30.828  1838.2  1398.9     90.0   620.0
  10:05:30.875  1838.2  1401.3     90.0   610.0
  10:05:30.906  1838.2  1403.6     90.0   610.0
  10:05:30.953  1838.2  1406.0     90.0   630.0
  10:05:31.000  1838.2  1406.0     90.0   620.0
  10:05:31.031  1838.2  1408.2     90.0   620.0
  10:05:31.078  1838.2  1410.7     90.0   620.0
  10:05:31.125  1838.2  1413.1     90.0   610.0
  10:05:31.171  1838.2  1415.4     90.0   610.0
  10:05:31.203  1838.2  1417.5     90.0   710.0
  10:05:31.250  1838.2  1419.9     90.0   660.0
  10:05:31.296  1838.2  1422.6     90.0   660.0
  10:05:31.328  1838.2  1424.7     90.0   720.0
  10:05:31.375  1838.2  1424.7     90.0   750.0
  10:05:31.421  1838.2  1426.9     90.0   750.0
  10:05:31.468  1838.2  1429.4     90.0   750.0
  10:05:31.500  1838.2  1431.8     90.0   760.0
  10:05:31.546  1838.2  1434.0     90.0   760.0
  10:05:31.593  1838.2  1436.2     90.0   790.0
  10:05:31.625  1838.2  1438.6     90.0   830.0
  10:05:31.671  1838.2  1441.1     90.0   830.0
  10:05:31.718  1838.2  1443.3     90.0   900.0
  10:05:31.765  1838.2  1445.7     90.0   920.0
  10:05:31.812  1838.2  1445.7     90.0   920.0
  10:05:31.843  1838.2  1448.1     90.0   990.0
  10:05:31.890  1838.2  1450.4     90.0  1060.0
  10:05:31.953  1838.2  1455.0     90.0  1060.0
  10:06:02.765  1067.2  1838.5   -180.0   780.0
  10:06:02.796  1064.8  1838.5   -180.0   500.0
  10:06:02.843  1064.8  1838.5   -180.0   500.0
  10:06:02.890  1062.4  1838.5   -180.0   370.0
  10:06:02.937  1060.2  1838.5   -180.0   370.0
  10:06:02.968  1057.8  1838.5   -180.0   370.0
  10:06:03.000  1055.6  1838.5   -180.0   360.0
  10:06:03.046  1053.2  1838.5   -180.0   350.0
  10:06:03.093  1050.8  1838.5   -180.0   350.0
  10:06:03.125  1050.8  1838.5   -180.0   350.0
  10:06:03.171  1048.6  1838.5   -180.0   350.0
  10:06:03.203  1046.2  1838.5   -180.0   350.0
  10:06:03.250  1043.9  1838.5   -180.0   350.0
  10:06:03.296  1041.6  1838.5   -180.0   350.0
  10:06:03.343  1039.2  1838.5   -180.0   350.0
  10:06:03.390  1036.8  1838.5   -180.0   350.0
  10:06:03.421  1036.8  1838.5   -180.0   350.0
  10:06:03.453  1034.5  1838.5   -180.0   350.0
  10:06:03.500  1032.1  1838.5   -180.0   340.0
  10:06:03.546  1029.7  1838.5   -180.0   340.0
  10:06:03.593  1027.5  1838.5   -180.0   340.0
  10:06:03.640  1025.2  1838.5   -180.0   340.0
  10:06:03.671  1022.8  1838.5   -180.0   340.0
  10:06:03.718  1020.5  1838.5   -180.0   340.0
  10:06:03.781  1018.0  1838.5   -180.0   340.0
  10:06:03.812  1015.7  1838.5   -180.0   340.0
  10:06:03.859  1015.7  1838.5   -180.0   340.0
  10:06:03.890  1013.4  1838.5   -180.0   340.0
  10:06:03.937  1011.1  1838.5   -180.0   340.0
  10:06:03.984  1008.8  1838.5   -180.0   340.0
  10:06:04.031  1006.5  1838.5   -180.0   340.0
  10:06:04.062  1004.1  1838.5   -180.0   340.0
  10:06:04.109  1001.7  1838.5   -180.0   340.0
  10:06:04.156   999.4  1838.5   -180.0   340.0
  10:06:04.203   997.0  1838.5   -180.0   340.0
  10:06:04.234   997.0  1838.5   -180.0   340.0
  10:06:04.281   994.7  1838.5   -180.0   340.0
  10:06:04.328   992.4  1838.5   -180.0   330.0
  10:06:04.375   990.1  1838.5   -180.0   340.0
  10:06:04.406   987.6  1838.5   -180.0   340.0
  10:06:04.453   985.3  1838.5   -180.0   340.0
  10:06:04.500   983.0  1838.5   -180.0   340.0
  10:06:04.546   980.7  1838.5   -180.0   330.0
  10:06:04.593   978.1  1838.5   -180.0   330.0
  10:06:04.609   978.1  1838.5   -180.0   330.0
  10:06:04.640   976.1  1838.5   -180.0   330.0
  10:06:04.687   973.7  1838.5   -180.0   330.0
  10:06:04.734   971.4  1838.5   -180.0   330.0
  10:06:04.781   968.9  1838.5   -180.0   330.0
  10:06:04.796   968.9  1838.5   -180.0   330.0
  10:06:04.843   966.6  1838.5   -180.0   330.0
  10:06:04.890   964.3  1838.5   -180.0   330.0
  10:06:04.937   962.0  1838.5   -180.0   330.0
  10:06:04.984   959.7  1838.5   -180.0   330.0
  10:06:05.015   957.2  1838.5   -180.0   330.0
  10:06:05.062   955.0  1838.5   -180.0   330.0
  10:06:05.109   952.6  1838.5   -180.0   330.0
  10:06:05.140   952.6  1838.5   -180.0   330.0
  10:06:05.187   950.3  1838.5   -180.0   330.0
  10:06:05.234   948.0  1838.5   -180.0   330.0
  10:06:05.281   945.7  1838.5   -180.0   330.0
  10:06:05.312   943.3  1838.5   -180.0   330.0
  10:06:05.359   940.9  1838.5   -180.0   330.0
  10:06:05.406   938.5  1838.5   -180.0   330.0
  10:06:05.453   936.2  1838.5   -180.0   330.0
  10:06:05.484   933.9  1838.5   -180.0   330.0
  10:06:05.531   931.6  1838.5   -180.0   330.0
  10:06:05.578   931.6  1838.5   -180.0   330.0
  10:06:05.625   929.2  1838.5   -180.0   330.0
  10:06:05.656   926.9  1838.5   -180.0   320.0
  10:06:05.703   924.5  1838.5   -180.0   320.0
  10:06:05.750   922.1  1838.5   -180.0   320.0
  10:06:05.796   919.8  1838.5   -180.0   320.0
  10:06:05.828   917.5  1838.5   -180.0   320.0
  10:06:05.875   915.2  1838.5   -180.0   320.0
  10:06:05.921   912.9  1838.5   -180.0   320.0
  10:06:05.968   910.5  1838.5   -180.0   320.0
  10:06:06.015   910.5  1838.5   -180.0   320.0
  10:06:06.046   908.1  1838.5   -180.0   320.0
  10:06:06.093   905.8  1838.4   -180.0   320.0
  10:06:06.140   903.4  1838.4   -180.0   320.0
  10:06:06.187   901.1  1838.4   -180.0   320.0
  10:06:06.218   898.8  1838.4   -180.0   320.0
  10:06:06.265   896.5  1838.4   -180.0   320.0
  10:06:06.312   894.1  1838.4   -180.0   320.0
  10:06:06.359   891.8  1838.4   -180.0   320.0
  10:06:06.390   889.4  1838.4   -180.0   320.0
  10:06:06.437   889.4  1838.4   -180.0   320.0
  10:06:06.484   887.1  1838.4   -180.0   320.0
  10:06:06.531   884.8  1838.4   -180.0   320.0
  10:06:06.562   882.5  1838.4   -180.0   320.0
  10:06:06.609   880.1  1838.4   -180.0   320.0
  10:06:06.656   877.8  1838.4   -180.0   320.0
  10:06:06.703   875.5  1838.4   -180.0   320.0
  10:06:06.750   873.1  1838.4   -180.0   310.0
  10:06:06.781   870.8  1838.4   -180.0   310.0
  10:06:06.828   870.8  1838.4   -180.0   310.0
  10:06:06.875   868.4  1838.4   -180.0   310.0
  10:06:06.906   866.0  1838.4   -180.0   310.0
  10:06:06.953   863.7  1838.4   -180.0   310.0
  10:06:07.000   861.3  1838.4   -180.0   310.0
  10:06:07.031   859.0  1838.4   -180.0   310.0
  10:06:07.078   856.7  1838.4   -180.0   310.0
  10:06:07.125   854.3  1838.4   -180.0   310.0
  10:06:07.171   852.0  1838.4   -180.0   310.0
  10:06:07.203   852.0  1838.4   -180.0   310.0
  10:06:07.250   849.8  1838.4   -180.0   310.0
  10:06:07.296   847.3  1838.4   -180.0   310.0
  10:06:07.343   845.1  1838.4   -180.0   310.0
  10:06:07.390   842.7  1838.4   -180.0   310.0
  10:06:07.390   842.7  1838.4   -180.0   310.0
  10:06:07.437   840.4  1838.4   -180.0   300.0
  10:06:07.468   837.5  1838.4   -180.0   300.0
  10:06:07.515   834.9  1838.4   -180.0   300.0
  10:06:07.562   832.5  1838.4   -180.0   300.0
  10:06:07.609   832.5  1838.4   -180.0   300.0
  10:06:07.640   830.2  1838.4   -180.0   300.0
  10:06:07.687   827.8  1838.4   -180.0   300.0
  10:06:07.734   825.5  1838.4   -180.0   300.0
  10:06:07.781   823.2  1838.4   -180.0   300.0
  10:06:07.812   820.9  1838.4   -180.0   300.0
  10:06:07.859   818.3  1838.4   -180.0   300.0
  10:06:07.906   816.2  1838.4   -180.0   300.0
  10:06:07.953   813.8  1838.4   -180.0   300.0
  10:06:08.000   811.5  1838.4   -180.0   300.0
  10:06:08.031   811.5  1838.4   -180.0   300.0
  10:06:08.078   809.1  1838.4   -180.0   300.0
  10:06:08.109   806.7  1838.4   -180.0   300.0
  10:06:08.156   804.4  1838.4   -180.0   300.0
  10:06:08.187   802.2  1838.4   -180.0   300.0
  10:06:08.234   799.7  1838.4   -180.0   300.0
  10:06:08.281   799.7  1838.4   -180.0   300.0
  10:06:08.328   797.5  1838.4   -180.0   300.0
  10:06:08.359   795.1  1838.4   -180.0   300.0
  10:06:08.406   792.8  1838.4   -180.0   300.0
  10:06:08.453   790.5  1838.4   -180.0   300.0
  10:06:08.500   788.0  1838.4   -180.0   300.0
  10:06:08.531   785.7  1838.4   -180.0   300.0
  10:06:08.578   783.3  1838.4   -180.0   300.0
  10:06:08.593   783.3  1838.4   -180.0   300.0
  10:06:08.640   781.1  1838.4   -180.0   300.0
  10:06:08.687   778.8  1838.4   -180.0   300.0
  10:06:08.734   776.3  1838.4   -180.0   300.0
  10:06:08.781   774.1  1838.4   -180.0   300.0
  10:06:08.812   771.7  1838.4   -180.0   290.0
  10:06:08.859   769.3  1838.4   -180.0   290.0
  10:06:08.906   767.0  1838.4   -180.0   290.0
  10:06:08.953   767.0  1838.4   -180.0   290.0
  10:06:08.984   764.6  1838.4   -180.0   290.0
  10:06:09.031   762.4  1838.4   -180.0   290.0
  10:06:09.078   760.1  1838.4   -180.0   290.0
  10:06:09.125   757.6  1838.4   -180.0   290.0
  10:06:09.156   755.3  1838.4   -180.0   290.0
  10:06:09.203   752.9  1838.4   -180.0   290.0
  10:06:09.250   750.6  1838.4   -180.0   290.0
  10:06:09.296   748.3  1838.4   -180.0   290.0
  10:06:09.343   746.0  1838.4   -180.0   290.0
  10:06:09.375   746.0  1838.4   -180.0   290.0
  10:06:09.421   743.7  1838.4   -180.0   290.0
  10:06:09.468   741.3  1838.4   -180.0   290.0
  10:06:09.500   738.9  1838.4   -180.0   290.0
  10:06:09.546   736.7  1838.4   -180.0   290.0
  10:06:09.593   734.3  1838.4   -180.0   290.0
  10:06:09.640   731.9  1838.4   -180.0   290.0
  10:06:09.687   729.4  1838.3   -180.0   290.0
  10:06:09.734   727.4  1838.3   -180.0   290.0
  10:06:09.765   725.0  1838.3   -180.0   290.0
  10:06:09.812   725.0  1838.3   -180.0   290.0
  10:06:09.859   722.6  1838.3   -180.0   290.0
  10:06:09.890   719.9  1838.3   -180.0   290.0
  10:06:09.937   717.9  1838.3   -180.0   290.0
  10:06:09.984   715.6  1838.3   -180.0   290.0
  10:06:10.031   713.2  1838.3   -180.0   290.0
  10:06:10.062   710.9  1838.3   -180.0   290.0
  10:06:10.109   708.6  1838.3   -180.0   280.0
  10:06:10.156   706.1  1838.3   -180.0   280.0
  10:06:10.203   703.9  1838.3   -180.0   280.0
  10:06:10.234   703.9  1838.3   -180.0   280.0
  10:06:10.281   701.4  1838.3   -180.0   280.0
  10:06:10.328   699.3  1838.3   -180.0   280.0
  10:06:10.375   696.9  1838.3   -180.0   280.0
  10:06:10.421   694.5  1838.3   -180.0   280.0
  10:06:10.453   692.2  1838.3   -180.0   280.0
  10:06:10.500   689.8  1838.3   -180.0   280.0
  10:06:10.546   687.3  1838.3   -180.0   280.0
  10:06:10.593   685.1  1838.3   -180.0   280.0
  10:06:10.625   682.9  1838.3   -180.0   280.0
  10:06:10.671   682.9  1838.3   -180.0   280.0
  10:06:10.718   680.4  1838.3   -180.0   280.0
  10:06:10.750   678.2  1838.3   -180.0   280.0
  10:06:10.796   675.8  1838.3   -180.0   280.0
  10:06:10.843   673.5  1838.3   -180.0   280.0
  10:06:10.890   671.1  1838.3   -180.0   280.0
  10:06:10.921   668.8  1838.3   -180.0   280.0
  10:06:10.968   666.5  1838.3   -180.0   280.0
  10:06:11.000   666.5  1838.3   -180.0   270.0
  10:06:11.046   664.1  1838.3   -180.0   270.0
  10:06:11.062   661.7  1838.3   -180.0   270.0
  10:06:11.109   659.5  1838.3   -180.0   270.0
  10:06:11.156   657.0  1838.3   -180.0   270.0
  10:06:11.187   657.0  1838.3   -180.0   270.0
  10:06:11.234   654.7  1838.3   -180.0   270.0
  10:06:11.281   652.4  1838.3   -180.0   270.0
  10:06:11.328   650.1  1838.3   -180.0   270.0
  10:06:11.359   647.7  1838.3   -180.0   270.0
  10:06:11.406   645.2  1838.3   -180.0   270.0
  10:06:11.453   643.0  1838.3   -180.0   270.0
  10:06:11.500   640.8  1838.3   -180.0   270.0
  10:06:11.531   638.4  1838.3   -180.0   270.0
  10:06:11.578   638.4  1838.3   -180.0   270.0
  10:06:11.625   636.0  1838.3   -180.0   270.0
  10:06:11.671   633.8  1838.3   -180.0   270.0
  10:06:11.718   631.4  1838.3   -180.0   270.0
  10:06:11.750   629.0  1838.3   -180.0   270.0
  10:06:11.796   626.7  1838.3   -180.0   270.0
  10:06:11.843   624.3  1838.3   -180.0   270.0
  10:06:11.890   622.0  1838.3   -180.0   270.0
  10:06:11.937   622.0  1838.3   -180.0   270.0
  10:06:11.984   619.0  1838.3   -180.0   270.0
  10:06:12.015   616.5  1838.3   -180.0   270.0
  10:06:12.062   614.2  1838.3   -180.0   270.0
  10:06:12.109   611.8  1838.3   -180.0   270.0
  10:06:12.140   609.5  1838.3   -180.0   270.0
  10:06:12.187   607.2  1838.3   -180.0   270.0
  10:06:12.234   604.9  1838.3   -180.0   270.0
  10:06:12.281   602.5  1838.3   -180.0   280.0
  10:06:12.328   600.1  1838.3   -180.0   280.0
  10:06:12.359   600.1  1838.3   -180.0   290.0
  10:06:12.406   597.8  1838.3   -180.0   300.0
  10:06:12.453   595.5  1838.3   -180.0   300.0
  10:06:12.484   593.1  1838.3   -180.0   320.0
  10:06:12.531   590.0  1838.3   -180.0   330.0
  10:06:12.578   587.7  1838.3   -180.0   330.0
  10:06:12.625   587.7  1838.3   -180.0   350.0
  10:06:12.671   585.3  1838.3   -180.0   370.0
  10:06:12.718   583.0  1838.3   -180.0   370.0
  10:06:12.750   580.5  1838.3   -180.0   380.0
  10:06:12.796   578.3  1838.3   -180.0   380.0
  10:06:12.843   576.0  1838.3   -180.0   380.0
  10:06:12.875   573.6  1838.3   -180.0   410.0
  10:06:12.921   571.3  1838.3   -180.0   400.0
  10:06:12.953   568.9  1838.3   -180.0   400.0
  10:06:13.000   568.9  1838.3   -180.0   430.0
  10:06:13.046   566.7  1838.3   -180.0   440.0
  10:06:13.093   564.4  1838.3   -180.0   440.0
  10:06:13.125   562.0  1838.3   -180.0   460.0
  10:06:13.156   559.6  1838.3   -180.0   470.0
  10:06:13.187   559.6  1838.3   -180.0   470.0
  10:06:13.234   557.3  1838.3   -180.0   530.0
  10:06:13.281   555.0  1838.3   -180.0   530.0
  10:06:13.312   552.6  1838.3   -180.0   530.0
  10:06:13.359   550.3  1838.2   -180.0   920.0
  10:06:13.406   547.9  1838.2   -180.0  1050.0
  10:06:13.437   545.7  1838.2   -180.0  1050.0
  10:06:45.703    -0.2  1209.6    -90.0   870.0
  10:06:45.734    -0.2  1207.4    -90.0   870.0
  10:06:45.781    -0.2  1205.0    -90.0   580.0
  10:06:45.828    -0.2  1205.0    -90.0   480.0
  10:06:45.875    -0.1  1202.1    -90.0   480.0
  10:06:45.921    -0.1  1199.5    -90.0   460.0
  10:06:45.953    -0.1  1197.3    -90.0   460.0
  10:06:46.000    -0.1  1194.8    -90.0   460.0
  10:06:46.046    -0.1  1192.5    -90.0   460.0
  10:06:46.078    -0.1  1190.2    -90.0   460.0
  10:06:46.125    -0.1  1187.8    -90.0   460.0
  10:06:46.171    -0.1  1187.8    -90.0   450.0
  10:06:46.218    -0.1  1185.5    -90.0   450.0
  10:06:46.250    -0.1  1183.2    -90.0   450.0
  10:06:46.296    -0.1  1180.8    -90.0   450.0
  10:06:46.343    -0.1  1178.5    -90.0   450.0
  10:06:46.390    -0.1  1176.1    -90.0   460.0
  10:06:46.437    -0.1  1173.8    -90.0   450.0
  10:06:46.468    -0.1  1171.4    -90.0   450.0
  10:06:46.515    -0.1  1169.2    -90.0   450.0
  10:06:46.562    -0.1  1166.9    -90.0   450.0
  10:06:46.609    -0.1  1164.5    -90.0   450.0
  10:06:46.640    -0.1  1164.5    -90.0   450.0
  10:06:46.687    -0.1  1162.2    -90.0   450.0
  10:06:46.734    -0.1  1159.8    -90.0   450.0
  10:06:46.781    -0.1  1157.4    -90.0   450.0
  10:06:46.812    -0.1  1155.1    -90.0   450.0
  10:06:46.859    -0.1  1152.2    -90.0   450.0
  10:06:46.906    -0.1  1149.7    -90.0   450.0
  10:06:46.953    -0.1  1149.7    -90.0   450.0
  10:06:46.984    -0.1  1147.3    -90.0   450.0
  10:06:47.046    -0.1  1145.0    -90.0   450.0
  10:06:47.078    -0.1  1142.3    -90.0   440.0
  10:06:47.125    -0.1  1140.4    -90.0   440.0
  10:06:47.171    -0.1  1138.0    -90.0   450.0
  10:06:47.203    -0.1  1135.5    -90.0   440.0
  10:06:47.250    -0.1  1133.1    -90.0   440.0
  10:06:47.296    -0.1  1131.0    -90.0   440.0
  10:06:47.328    -0.1  1131.0    -90.0   440.0
  10:06:47.375    -0.1  1128.6    -90.0   440.0
  10:06:47.421    -0.1  1126.2    -90.0   440.0
  10:06:47.453    -0.1  1123.6    -90.0   440.0
  10:06:47.484    -0.1  1121.6    -90.0   440.0
  10:06:47.531    -0.1  1119.2    -90.0   440.0
  10:06:47.578    -0.1  1116.8    -90.0   440.0
  10:06:47.625    -0.1  1116.8    -90.0   440.0
  10:06:47.656    -0.1  1114.5    -90.0   440.0
  10:06:47.703    -0.1  1112.2    -90.0   440.0
  10:06:47.750    -0.1  1109.9    -90.0   440.0
  10:06:47.796    -0.1  1107.6    -90.0   440.0
  10:06:47.843    -0.1  1105.3    -90.0   440.0
  10:06:47.875    -0.1  1102.9    -90.0   440.0
  10:06:47.921    -0.1  1100.6    -90.0   440.0
  10:06:47.968    -0.1  1098.2    -90.0   440.0
  10:06:48.000    -0.1  1095.8    -90.0   440.0
  10:06:48.046    -0.1  1095.8    -90.0   440.0
  10:06:48.093    -0.1  1093.5    -90.0   440.0
  10:06:48.140    -0.1  1091.1    -90.0   440.0
  10:06:48.171    -0.1  1088.9    -90.0   440.0
  10:06:48.218    -0.1  1086.5    -90.0   440.0
  10:06:48.265    -0.1  1084.1    -90.0   440.0
  10:06:48.312    -0.1  1081.8    -90.0   440.0
  10:06:48.343    -0.1  1079.5    -90.0   440.0
  10:06:48.390    -0.1  1077.1    -90.0   440.0
  10:06:48.437    -0.1  1077.1    -90.0   440.0
  10:06:48.484     0.0  1074.9    -90.0   440.0
  10:06:48.515     0.0  1072.5    -90.0   440.0
  10:06:48.562     0.0  1070.1    -90.0   440.0
  10:06:48.609     0.0  1067.7    -90.0   440.0
  10:06:48.640     0.0  1065.4    -90.0   440.0
  10:06:48.687     0.0  1063.1    -90.0   440.0
  10:06:48.734     0.0  1060.8    -90.0   440.0
  10:06:48.781     0.0  1058.4    -90.0   430.0
  10:06:48.828     0.0  1056.0    -90.0   430.0
  10:06:48.875     0.0  1056.0    -90.0   430.0
  10:06:48.906     0.0  1053.8    -90.0   430.0
  10:06:48.953     0.0  1051.4    -90.0   430.0
  10:06:49.000     0.0  1049.0    -90.0   430.0
  10:06:49.031     0.0  1046.7    -90.0   430.0
  10:06:49.078     0.0  1044.4    -90.0   430.0
  10:06:49.125     0.0  1042.1    -90.0   430.0
  10:06:49.156     0.0  1039.7    -90.0   430.0
  10:06:49.203     0.0  1037.4    -90.0   430.0
  10:06:49.250     0.0  1037.4    -90.0   430.0
  10:06:49.296     0.0  1035.0    -90.0   430.0
  10:06:49.328     0.0  1032.6    -90.0   430.0
  10:06:49.375     0.0  1030.3    -90.0   430.0
  10:06:49.421     0.0  1028.0    -90.0   430.0
  10:06:49.468     0.0  1025.7    -90.0   430.0
  10:06:49.515     0.0  1023.3    -90.0   430.0
  10:06:49.546     0.0  1021.0    -90.0   430.0
  10:06:49.593     0.0  1018.6    -90.0   430.0
  10:06:49.640     0.0  1016.3    -90.0   430.0
  10:06:49.687     0.0  1014.0    -90.0   430.0
  10:06:49.718     0.0  1014.0    -90.0   430.0
  10:06:49.765     0.0  1011.6    -90.0   430.0
  10:06:49.812     0.0  1009.3    -90.0   420.0
  10:06:49.859     0.0  1006.9    -90.0   420.0
  10:06:49.906     0.0  1004.6    -90.0   420.0
  10:06:49.937     0.0  1002.2    -90.0   420.0
  10:06:49.984     0.0   999.9    -90.0   420.0
  10:06:50.031     0.0   997.6    -90.0   420.0
  10:06:50.078     0.0   995.2    -90.0   420.0
  10:06:50.125     0.0   992.9    -90.0   420.0
  10:06:50.156     0.0   990.5    -90.0   430.0
  10:06:50.203     0.0   990.5    -90.0   430.0
  10:06:50.250     0.0   988.2    -90.0   430.0
  10:06:50.296     0.0   985.9    -90.0   420.0
  10:06:50.328     0.0   983.6    -90.0   420.0
  10:06:50.375     0.0   981.3    -90.0   420.0
  10:06:50.421     0.0   978.9    -90.0   420.0
  10:06:50.453     0.0   976.6    -90.0   420.0
  10:06:50.500     0.0   976.6    -90.0   420.0
  10:06:50.546     0.0   973.6    -90.0   410.0
  10:06:50.593     0.0   971.1    -90.0   410.0
  10:06:50.640     0.0   968.8    -90.0   420.0
  10:06:50.671     0.0   966.4    -90.0   420.0
  10:06:50.718     0.0   964.0    -90.0   420.0
  10:06:50.765     0.0   961.8    -90.0   420.0
  10:06:50.812     0.0   959.4    -90.0   410.0
  10:06:50.843     0.0   959.4    -90.0   410.0
  10:06:50.875     0.0   957.0    -90.0   410.0
  10:06:50.921     0.0   954.7    -90.0   410.0
  10:06:50.968     0.0   952.4    -90.0   410.0
  10:06:51.015     0.0   950.1    -90.0   410.0
  10:06:51.046     0.0   947.6    -90.0   420.0
  10:06:51.093     0.1   945.4    -90.0   420.0
  10:06:51.140     0.1   942.9    -90.0   420.0
  10:06:51.187     0.1   942.9    -90.0   420.0
  10:06:51.218     0.1   940.7    -90.0   420.0
  10:06:51.265     0.1   938.3    -90.0   440.0
  10:06:51.312     0.1   936.0    -90.0   460.0
  10:06:51.359     0.1   933.7    -90.0   450.0
  10:06:51.390     0.1   931.2    -90.0   460.0
  10:06:51.437     0.1   928.9    -90.0   460.0
  10:06:51.484     0.1   926.6    -90.0   460.0
  10:06:51.515     0.1   924.1    -90.0   470.0
  10:06:51.562     0.1   924.1    -90.0   470.0
  10:06:51.609     0.1   922.0    -90.0   460.0
  10:06:51.656     0.1   919.6    -90.0   470.0
  10:06:51.718     0.1   917.3    -90.0   470.0
  10:06:51.734     0.1   914.5    -90.0   470.0
  10:06:51.781     0.1   911.7    -90.0   470.0
  10:06:51.828     0.1   911.7    -90.0   470.0
  10:06:51.875     0.1   909.5    -90.0   470.0
  10:06:51.921     0.1   907.2    -90.0   470.0
  10:06:51.953     0.1   904.8    -90.0   470.0
  10:06:52.000     0.1   902.4    -90.0   470.0
  10:06:52.031     0.1   900.0    -90.0   470.0
  10:06:52.078     0.1   897.8    -90.0   470.0
  10:06:52.125     0.1   895.4    -90.0   470.0
  10:06:52.171     0.1   893.0    -90.0   470.0
  10:06:52.218     0.1   890.8    -90.0   470.0
  10:06:52.250     0.1   888.4    -90.0   470.0
  10:06:52.296     0.1   888.4    -90.0   470.0
  10:06:52.343     0.1   886.0    -90.0   470.0
  10:06:52.390     0.1   883.7    -90.0   470.0
  10:06:52.421     0.1   881.5    -90.0   470.0
  10:06:52.468     0.1   879.2    -90.0   470.0
  10:06:52.515     0.1   876.7    -90.0   470.0
  10:06:52.562     0.1   874.5    -90.0   470.0
  10:06:52.593     0.1   872.1    -90.0   460.0
  10:06:52.640     0.1   869.7    -90.0   460.0
  10:06:52.687     0.1   867.4    -90.0   460.0
  10:06:52.734     0.1   867.4    -90.0   460.0
  10:06:52.765     0.1   865.1    -90.0   460.0
  10:06:52.812     0.1   862.7    -90.0   460.0
  10:06:52.859     0.1   860.3    -90.0   470.0
  10:06:52.906     0.1   858.1    -90.0   460.0
  10:06:52.937     0.1   855.7    -90.0   460.0
  10:06:52.968     0.1   853.4    -90.0   460.0
  10:06:53.015     0.1   853.4    -90.0   460.0
  10:06:53.062     0.1   851.0    -90.0   460.0
  10:06:53.109     0.1   848.7    -90.0   460.0
  10:06:53.140     0.1   846.4    -90.0   460.0
  10:06:53.187     0.1   844.0    -90.0   460.0
  10:06:53.234     0.1   841.7    -90.0   470.0
  10:06:53.281     0.1   839.3    -90.0   460.0
  10:06:53.312     0.1   836.9    -90.0   460.0
  10:06:53.359     0.1   834.6    -90.0   460.0
  10:06:53.406     0.1   834.6    -90.0   460.0
  10:06:53.437     0.1   832.3    -90.0   460.0
  10:06:53.484     0.1   829.9    -90.0   460.0
  10:06:53.531     0.1   827.6    -90.0   460.0
  10:06:53.578     0.1   825.3    -90.0   460.0
  10:06:53.625     0.1   823.0    -90.0   460.0
  10:06:53.656     0.1   820.6    -90.0   460.0
  10:06:53.703     0.1   818.3    -90.0   460.0
  10:06:53.765     0.2   816.0    -90.0   460.0
  10:06:53.796     0.2   816.0    -90.0   460.0
  10:06:53.828     0.2   812.8    -90.0   460.0
  10:06:53.875     0.2   810.4    -90.0   460.0
  10:06:53.906     0.2   808.1    -90.0   460.0
  10:06:53.953     0.2   805.7    -90.0   460.0
  10:06:53.984     0.2   805.7    -90.0   460.0
  10:06:54.031     0.2   803.5    -90.0   460.0
  10:06:54.078     0.2   801.1    -90.0   460.0
  10:06:54.125     0.2   798.8    -90.0   460.0
  10:06:54.156     0.2   796.4    -90.0   450.0
  10:06:54.203     0.2   794.0    -90.0   450.0
  10:06:54.250     0.2   791.7    -90.0   460.0
  10:06:54.296     0.2   789.5    -90.0   460.0
  10:06:54.343     0.2   787.1    -90.0   460.0
  10:06:54.375     0.2   784.6    -90.0   450.0
  10:06:54.421     0.2   784.6    -90.0   450.0
  10:06:54.468     0.2   782.4    -90.0   450.0
  10:06:54.500     0.2   780.1    -90.0   450.0
  10:06:54.562     0.2   777.7    -90.0   450.0
  10:06:54.593     0.2   774.7    -90.0   450.0
  10:06:54.640     0.2   772.3    -90.0   450.0
  10:06:54.687     0.2   769.9    -90.0   450.0
  10:06:54.718     0.2   769.9    -90.0   450.0
  10:06:54.765     0.2   767.5    -90.0   450.0
  10:06:54.812     0.2   765.2    -90.0   450.0
  10:06:54.843     0.2   762.9    -90.0   450.0
  10:06:54.890     0.2   760.5    -90.0   450.0
  10:06:54.937     0.2   758.2    -90.0   450.0
  10:06:54.968     0.2   758.2    -90.0   450.0
  10:06:55.015     0.2   755.2    -90.0   450.0
  10:06:55.046     0.2   752.8    -90.0   450.0
  10:06:55.093     0.2   750.4    -90.0   450.0
  10:06:55.140     0.2   748.0    -90.0   450.0
  10:06:55.171     0.2   748.0    -90.0   450.0
  10:06:55.218     0.2   745.8    -90.0   450.0
  10:06:55.265     0.2   743.4    -90.0   450.0
  10:06:55.312     0.2   741.1    -90.0   450.0
  10:06:55.359     0.2   738.7    -90.0   450.0
  10:06:55.390     0.2   736.2    -90.0   440.0
  10:06:55.437     0.2   734.1    -90.0   440.0
  10:06:55.484     0.2   731.8    -90.0   440.0
  10:06:55.515     0.2   729.3    -90.0   440.0
  10:06:55.578     0.2   727.1    -90.0   440.0
  10:06:55.609     0.2   727.1    -90.0   440.0
  10:06:55.640     0.2   724.7    -90.0   440.0
  10:06:55.687     0.2   722.3    -90.0   440.0
  10:06:55.734     0.2   720.0    -90.0   440.0
  10:06:55.781     0.2   717.7    -90.0   450.0
  10:06:55.812     0.2   715.3    -90.0   440.0
  10:06:55.859     0.2   712.9    -90.0   440.0
  10:06:55.906     0.2   710.6    -90.0   440.0
  10:06:55.953     0.2   708.2    -90.0   440.0
  10:06:55.984     0.2   708.2    -90.0   440.0
  10:06:56.031     0.2   706.0    -90.0   440.0
  10:06:56.062     0.2   703.7    -90.0   440.0
  10:06:56.109     0.2   701.3    -90.0   440.0
  10:06:56.156     0.2   698.9    -90.0   440.0
  10:06:56.187     0.2   696.6    -90.0   440.0
  10:06:56.234     0.2   694.2    -90.0   440.0
  10:06:56.281     0.2   692.0    -90.0   440.0
  10:06:56.328     0.2   692.0    -90.0   440.0
  10:06:56.375     0.2   689.6    -90.0   440.0
  10:06:56.406     0.3   687.3    -90.0   440.0
  10:06:56.453     0.3   684.9    -90.0   440.0
  10:06:56.500     0.3   682.6    -90.0   440.0
  10:06:56.531     0.3   680.3    -90.0   440.0
  10:06:56.578     0.3   677.9    -90.0   440.0
  10:06:56.625     0.3   675.5    -90.0   440.0
  10:06:56.671     0.3   673.2    -90.0   440.0
  10:06:56.703     0.3   670.8    -90.0   440.0
  10:06:56.750     0.3   670.8    -90.0   440.0
  10:06:56.796     0.3   668.6    -90.0   440.0
  10:06:56.843     0.3   666.2    -90.0   440.0
  10:06:56.890     0.3   663.9    -90.0   440.0
  10:06:56.921     0.3   661.5    -90.0   440.0
  10:06:56.968     0.3   659.2    -90.0   430.0
  10:06:57.015     0.3   656.9    -90.0   430.0
  10:06:57.046     0.3   654.6    -90.0   430.0
  10:06:57.093     0.3   652.1    -90.0   430.0
  10:06:57.140     0.3   652.1    -90.0   430.0
  10:06:57.187     0.3   649.9    -90.0   430.0
  10:06:57.218     0.3   646.9    -90.0   430.0
  10:06:57.265     0.3   644.4    -90.0   430.0
  10:06:57.312     0.3   642.1    -90.0   430.0
  10:06:57.359     0.3   639.7    -90.0   430.0
  10:06:57.390     0.3   637.3    -90.0   430.0
  10:06:57.437     0.3   637.3    -90.0   430.0
  10:06:57.484     0.3   635.0    -90.0   430.0
  10:06:57.531     0.3   632.7    -90.0   430.0
  10:06:57.562     0.3   630.3    -90.0   430.0
  10:06:57.593     0.3   628.0    -90.0   430.0
  10:06:57.640     0.3   625.7    -90.0   440.0
  10:06:57.687     0.3   623.3    -90.0   440.0
  10:06:57.734     0.3   623.3    -90.0   440.0
  10:06:57.765     0.3   620.9    -90.0   460.0
  10:06:57.812     0.3   618.6    -90.0   470.0
  10:06:57.859     0.3   616.2    -90.0   470.0
  10:06:57.906     0.3   614.0    -90.0   480.0
  10:06:57.953     0.3   611.6    -90.0   510.0
  10:06:57.984     0.3   609.3    -90.0   510.0
  10:06:58.031     0.3   606.9    -90.0   510.0
  10:06:58.078     0.3   604.6    -90.0   530.0
  10:06:58.125     0.3   602.3    -90.0   530.0
  10:06:58.171     0.3   600.0    -90.0   570.0
  10:06:58.203     0.3   600.0    -90.0   580.0
  10:06:58.250     0.3   597.7    -90.0   570.0
  10:06:58.296     0.3   595.2    -90.0   580.0
  10:06:58.328     0.3   592.9    -90.0   580.0
  10:06:58.375     0.3   590.6    -90.0   580.0
  10:06:58.421     0.3   588.1    -90.0   580.0
  10:06:58.468     0.3   585.9    -90.0   610.0
  10:06:58.500     0.3   583.4    -90.0   610.0
  10:06:58.546     0.3   581.2    -90.0   630.0
  10:06:58.593     0.3   578.9    -90.0   650.0
  10:06:58.640     0.3   578.9    -90.0   620.0
  10:06:58.671     0.3   576.6    -90.0   630.0
  10:06:58.718     0.3   574.1    -90.0   650.0
  10:06:58.765     0.3   571.9    -90.0   650.0
  10:06:58.812     0.3   569.5    -90.0   670.0
  10:06:58.843     0.3   567.2    -90.0   670.0
  10:06:58.906     0.3   564.9    -90.0   670.0
  10:06:58.937     0.3   562.5    -90.0   840.0
  10:06:58.984     0.3   560.1    -90.0  1070.0
  10:06:59.031     0.4   557.9    -90.0  1070.0
