Лабораторная работа 1. Анализ сенсорных данных об объекте

Маршрут: квадрат
Направление движения: против часовой стрелки
Скорость движения: 50.0 мм/с
Рабочий дальномер: левый (Rf_L)
Матрица положения дальномера Rf_L:
   0.000  -1.000   0.000  -120.0
   1.000   0.000   0.000   241.0
   0.000   0.000   1.000   229.5
       0       0       0       1

Выходная информация: положение робота, данные дальномера об объекте

          Time   X_rob   Y_rob  Ang_rob    Rf_L
  чч:мм:сс.ссс      мм      мм     град      мм
  10:13:39.046   793.7    -4.6      0.3   910.0
  10:13:39.062   793.7    -4.6      0.3   910.0
  10:13:39.109   796.0    -4.6      0.3  1020.0
  10:13:39.156   798.3    -4.6      0.3   830.0
  10:13:39.203   801.4    -4.6      0.3   830.0
  10:13:39.234   801.4    -4.6      0.3   760.0
  10:13:39.265   803.9    -4.6      0.3   760.0
  10:13:39.312   806.2    -4.6      0.3   760.0
  10:13:39.359   808.5    -4.6      0.3   750.0
  10:13:39.406   810.8    -4.6      0.3   740.0
  10:13:39.453   813.3    -4.5      0.3   740.0
  10:13:39.484   815.5    -4.5      0.3   750.0
  10:13:39.531   817.8    -4.5      0.3   750.0
  10:13:39.578   817.8    -4.5      0.3   750.0
  10:13:39.625   820.2    -4.5      0.3   750.0
  10:13:39.656   823.3    -4.5      0.3   750.0
  10:13:39.703   825.6    -4.5      0.3   750.0
  10:13:39.750   827.9    -4.5      0.3   750.0
  10:13:39.796   830.5    -4.5      0.3   740.0
  10:13:39.828   830.5    -4.5      0.3   740.0
  10:13:39.875   832.6    -4.5      0.3   740.0
  10:13:39.921   835.0    -4.4      0.3   740.0
  10:13:39.953   837.3    -4.4      0.3   740.0
  10:13:40.000   839.7    -4.4      0.3   740.0
  10:13:40.046   841.9    -4.4      0.3   740.0
  10:13:40.093   844.3    -4.4      0.3   750.0
  10:13:40.140   846.6    -4.4      0.3   750.0
  10:13:40.171   849.0    -4.4      0.3   740.0
  10:13:40.218   851.4    -4.4      0.3   740.0
  10:13:40.265   853.8    -4.4      0.3   750.0
  10:13:40.312   853.8    -4.4      0.3   750.0
  10:13:40.343   856.1    -4.3      0.3   750.0
  10:13:40.390   858.3    -4.3      0.3   750.0
  10:13:40.437   860.8    -4.3      0.3   740.0
  10:13:40.484   863.0    -4.3      0.3   740.0
  10:13:40.515   865.4    -4.3      0.3   730.0
  10:13:40.562   867.8    -4.3      0.3   730.0
  10:13:40.609   870.1    -4.3      0.3   740.0
  10:13:40.656   872.4    -4.3      0.3   740.0
  10:13:40.687   874.7    -4.3      0.3   740.0
  10:13:40.734   874.7    -4.3      0.3   740.0
  10:13:40.781   877.1    -4.2      0.3   730.0
  10:13:40.828   879.5    -4.2      0.3   730.0
  10:13:40.859   881.9    -4.2      0.3   730.0
  10:13:40.906   884.1    -4.2      0.3   730.0
  10:13:40.953   886.4    -4.2      0.3   720.0
  10:13:41.000   888.8    -4.2      0.3   720.0
  10:13:41.046   891.3    -4.2      0.3   680.0
  10:13:41.078   893.5    -4.2      0.3   680.0
  10:13:41.125   895.8    -4.2      0.3   680.0
  10:13:41.171   895.8    -4.2      0.3   620.0
  10:13:41.218   898.2    -4.1      0.3   570.0
  10:13:41.250   900.5    -4.1      0.3   570.0
  10:13:41.296   902.9    -4.1      0.3   500.0
  10:13:41.343   905.3    -4.1      0.3   470.0
  10:13:41.390   907.5    -4.1      0.3   470.0
  10:13:41.421   909.8    -4.1      0.3   460.0
  10:13:41.468   912.1    -4.1      0.3   460.0
  10:13:41.515   914.5    -4.1      0.3   460.0
  10:13:41.562   916.8    -4.1      0.3   460.0
  10:13:41.609   919.3    -4.0      0.3   460.0
  10:13:41.640   919.3    -4.0      0.3   460.0
  10:13:41.687   921.5    -4.0      0.3   460.0
  10:13:41.734   924.0    -4.0      0.3   460.0
  10:13:41.765   926.3    -4.0      0.3   460.0
  10:13:41.828   928.6    -4.0      0.3   460.0
  10:13:41.859   928.6    -4.0      0.3   450.0
  10:13:41.906   931.6    -4.0      0.3   460.0
  10:13:41.937   934.0    -4.0      0.3   460.0
  10:13:41.984   936.3    -4.0      0.3   460.0
  10:13:42.031   938.7    -4.0      0.3   460.0
  10:13:42.078   941.1    -3.9      0.3   460.0
  10:13:42.125   943.4    -3.9      0.3   460.0
  10:13:42.156   945.6    -3.9      0.3   460.0
  10:13:42.203   948.0    -3.9      0.3   460.0
  10:13:42.250   950.4    -3.9      0.3   450.0
  10:13:42.296   952.8    -3.9      0.3   450.0
  10:13:42.328   952.8    -3.9      0.3   460.0
  10:13:42.375   955.0    -3.9      0.3   450.0
  10:13:42.437   957.4    -3.9      0.3   450.0
  10:13:42.468   960.7    -3.9      0.3   450.0
  10:13:42.500   963.1    -3.8      0.3   450.0
  10:13:42.562   965.2    -3.8      0.3   450.0
  10:13:42.593   965.2    -3.8      0.3   450.0
  10:13:42.640   967.5    -3.8      0.3   450.0
  10:13:42.671   970.1    -3.8      0.3   450.0
  10:13:42.718   972.2    -3.8      0.3   450.0
  10:13:42.765   974.5    -3.8      0.3   450.0
  10:13:42.812   976.8    -3.8      0.3   450.0
  10:13:42.859   979.3    -3.8      0.3   450.0
  10:13:42.890   981.6    -3.8      0.3   450.0
  10:13:42.937   983.9    -3.7      0.3   450.0
  10:13:42.968   983.9    -3.7      0.3   440.0
  10:13:43.000   986.3    -3.7      0.3   440.0
  10:13:43.046   988.6    -3.7      0.3   450.0
  10:13:43.093   990.9    -3.7      0.3   440.0
  10:13:43.140   993.2    -3.7      0.3   440.0
  10:13:43.171   995.6    -3.7      0.3   440.0
  10:13:43.218   998.0    -3.7      0.3   440.0
  10:13:43.265  1000.3    -3.7      0.3   440.0
  10:13:43.312  1000.3    -3.7      0.3   440.0
  10:13:43.343  1002.6    -3.7      0.3   440.0
  10:13:43.390  1005.0    -3.6      0.3   440.0
  10:13:43.437  1007.3    -3.6      0.3   440.0
  10:13:43.468  1009.6    -3.6      0.3   440.0
  10:13:43.515  1012.0    -3.6      0.3   440.0
  10:13:43.562  1014.4    -3.6      0.3   440.0
  10:13:43.609  1016.7    -3.6      0.3   440.0
  10:13:43.656  1019.3    -3.6      0.3   440.0
  10:13:43.687  1019.3    -3.6      0.3   440.0
  10:13:43.734  1021.3    -3.6      0.3   440.0
  10:13:43.781  1023.7    -3.6      0.3   440.0
  10:13:43.812  1026.0    -3.6      0.3   440.0
  10:13:43.859  1028.9    -3.5      0.3   440.0
  10:13:43.906  1028.9    -3.5      0.3   440.0
  10:13:43.937  1031.5    -3.5      0.3   440.0
  10:13:43.984  1033.9    -3.5      0.3   440.0
  10:13:44.031  1036.1    -3.5      0.3   440.0
  10:13:44.078  1038.5    -3.5      0.3   440.0
  10:13:44.125  1040.8    -3.5      0.3   440.0
  10:13:44.156  1043.3    -3.5      0.3   440.0
  10:13:44.203  1045.6    -3.5      0.3   440.0
  10:13:44.250  1047.9    -3.4      0.3   440.0
  10:13:44.296  1050.2    -3.4      0.3   440.0
  10:13:44.328  1050.2    -3.4      0.3   440.0
  10:13:44.375  1052.6    -3.4      0.3   440.0
  10:13:44.421  1054.8    -3.4      0.3   440.0
  10:13:44.468  1057.3    -3.4      0.3   440.0
  10:13:44.515  1059.5    -3.4      0.3   440.0
  10:13:44.546  1061.9    -3.4      0.3   440.0
  10:13:44.593  1064.2    -3.4      0.3   440.0
  10:13:44.640  1066.5    -3.4      0.3   430.0
  10:13:44.671  1068.8    -3.4      0.3   430.0
  10:13:44.718  1071.3    -3.3      0.3   430.0
  10:13:44.765  1073.6    -3.3      0.3   430.0
  10:13:44.812  1073.6    -3.3      0.3   430.0
  10:13:44.859  1076.0    -3.3      0.3   430.0
  10:13:44.890  1078.3    -3.3      0.3   430.0
  10:13:44.937  1080.6    -3.3      0.3   430.0
  10:13:44.984  1082.9    -3.3      0.3   430.0
  10:13:45.031  1085.2    -3.3      0.3   430.0
  10:13:45.078  1087.7    -3.3      0.3   430.0
  10:13:45.109  1089.9    -3.3      0.3   430.0
  10:13:45.156  1092.2    -3.2      0.3   430.0
  10:13:45.203  1094.6    -3.2      0.3   430.0
  10:13:45.250  1094.6    -3.2      0.3   430.0
  10:13:45.281  1097.0    -3.2      0.3   430.0
  10:13:45.328  1099.3    -3.2      0.3   430.0
  10:13:45.375  1101.7    -3.2      0.3   430.0
  10:13:45.421  1104.1    -3.2      0.3   430.0
  10:13:45.468  1106.3    -3.2      0.3   430.0
  10:13:45.500  1108.7    -3.2      0.3   430.0
  10:13:45.546  1111.0    -3.2      0.3   430.0
  10:13:45.593  1113.3    -3.1      0.3   430.0
  10:13:45.640  1115.7    -3.1      0.3   430.0
  10:13:45.687  1118.1    -3.1      0.3   430.0
  10:13:45.718  1118.1    -3.1      0.3   420.0
  10:13:45.765  1120.4    -3.1      0.3   430.0
  10:13:45.796  1122.7    -3.1      0.3   430.0
  10:13:45.843  1125.1    -3.1      0.3   420.0
  10:13:45.890  1127.4    -3.1      0.3   420.0
  10:13:45.937  1129.6    -3.1      0.3   420.0
  10:13:45.968  1132.1    -3.1      0.3   420.0
  10:13:46.000  1132.1    -3.1      0.3   420.0
  10:13:46.046  1134.3    -3.0      0.3   420.0
  10:13:46.093  1136.7    -3.0      0.3   420.0
  10:13:46.125  1139.1    -3.0      0.3   420.0
  10:13:46.171  1141.4    -3.0      0.3   420.0
  10:13:46.218  1143.7    -3.0      0.3   420.0
  10:13:46.265  1146.1    -3.0      0.3   420.0
  10:13:46.296  1148.5    -3.0      0.3   420.0
  10:13:46.328  1148.5    -3.0      0.3   420.0
  10:13:46.375  1150.7    -3.0      0.3   420.0
  10:13:46.421  1153.2    -3.0      0.3   420.0
  10:13:46.453  1155.5    -2.9      0.3   410.0
  10:13:46.500  1157.9    -2.9      0.3   420.0
  10:13:46.546  1160.0    -2.9      0.3   420.0
  10:13:46.593  1162.4    -2.9      0.3   420.0
  10:13:46.625  1162.4    -2.9      0.3   420.0
  10:13:46.687  1164.8    -2.9      0.3   410.0
  10:13:46.718  1167.1    -2.9      0.3   410.0
  10:13:46.750  1169.5    -2.9      0.3   410.0
  10:13:46.796  1171.9    -2.9      0.3   410.0
  10:13:46.843  1174.2    -2.9      0.3   410.0
  10:13:46.890  1176.5    -2.8      0.3   410.0
  10:13:46.921  1178.9    -2.8      0.3   410.0
  10:13:46.968  1181.2    -2.8      0.3   410.0
  10:13:47.015  1181.2    -2.8      0.3   410.0
  10:13:47.062  1183.5    -2.8      0.3   410.0
  10:13:47.109  1185.9    -2.8      0.3   410.0
  10:13:47.140  1188.7    -2.8      0.3   410.0
  10:13:47.187  1190.5    -2.8      0.3   410.0
  10:13:47.234  1192.9    -2.8      0.3   410.0
  10:13:47.281  1195.2    -2.8      0.3   420.0
  10:13:47.328  1197.8    -2.7      0.3   430.0
  10:13:47.359  1199.9    -2.7      0.3   430.0
  10:13:47.406  1202.3    -2.7      0.3   460.0
  10:13:47.453  1204.6    -2.7      0.3   470.0
  10:13:47.500  1204.6    -2.7      0.3   470.0
  10:13:47.531  1206.8    -2.7      0.3   480.0
  10:13:47.578  1209.3    -2.7      0.3   490.0
  10:13:47.625  1211.6    -2.7      0.3   490.0
  10:13:47.671  1213.9    -2.7      0.3   510.0
  10:13:47.718  1216.3    -2.7      0.3   510.0
  10:13:47.750  1218.7    -2.7      0.3   510.0
  10:13:47.781  1218.7    -2.7      0.3   540.0
  10:13:47.828  1220.9    -2.6      0.3   530.0
  10:13:47.859  1223.3    -2.6      0.3   530.0
  10:13:47.906  1225.6    -2.6      0.3   540.0
  10:13:47.937  1227.9    -2.6      0.3   560.0
  10:13:47.984  1230.4    -2.6      0.3   560.0
  10:13:48.031  1232.6    -2.6      0.3   580.0
  10:13:48.078  1235.0    -2.6      0.3   600.0
  10:13:48.125  1237.4    -2.6      0.3   600.0
  10:13:48.171  1239.6    -2.6      0.3   640.0
  10:13:48.203  1239.6    -2.6      0.3   620.0
  10:13:48.250  1241.9    -2.5      0.3   620.0
  10:13:48.296  1244.4    -2.5      0.3   630.0
  10:13:48.343  1246.7    -2.5      0.3   670.0
  10:13:48.375  1249.0    -2.5      0.3   640.0
  10:13:48.421  1251.3    -2.5      0.3   670.0
  10:13:48.468  1253.9    -2.5      0.3   680.0
  10:13:48.515  1256.0    -2.5      0.3   680.0
  10:13:48.546  1258.3    -2.5      0.3   700.0
  10:13:48.593  1258.3    -2.5      0.3   680.0
  10:13:48.640  1260.7    -2.5      0.3   670.0
  10:13:48.687  1263.1    -2.4      0.3   680.0
  10:13:48.718  1265.4    -2.4      0.3   700.0
  10:13:48.765  1267.8    -2.4      0.3   700.0
  10:13:48.812  1270.1    -2.4      0.3   710.0
  10:13:48.859  1272.4    -2.4      0.3   730.0
  10:13:48.890  1274.7    -2.4      0.3   730.0
  10:13:48.937  1277.1    -2.4      0.3   840.0
  10:13:48.984  1279.4    -2.4      0.3   870.0
  10:13:49.031  1279.4    -2.4      0.3   730.0
  10:13:49.062  1281.8    -2.4      0.3   850.0
  10:13:49.109  1284.0    -2.3      0.3   800.0
  10:13:49.156  1286.4    -2.3      0.3   800.0
  10:13:49.203  1288.8    -2.3      0.3   810.0
  10:13:49.250  1291.1    -2.3      0.3   920.0
  10:13:49.281  1293.6    -2.3      0.3   920.0
  10:13:49.328  1295.9    -2.3      0.3   960.0
  10:13:49.375  1298.2    -2.3      0.3   920.0
  10:13:49.406  1298.2    -2.3      0.3   920.0
  10:13:49.453  1300.5    -2.3      0.3   940.0
  10:13:49.500  1302.9    -2.3      0.3   920.0
  10:13:49.546  1305.1    -2.2      0.3   920.0
  10:13:49.593  1307.5    -2.2      0.3   920.0
  10:13:49.625  1309.9    -2.2      0.3   930.0
  10:13:49.671  1312.2    -2.2      0.3   930.0
  10:14:21.234  1838.5   692.4     90.0  1090.0
  10:14:21.281  1838.5   695.4     90.0  1090.0
  10:14:23.000  1838.5   778.8     90.0  1080.0
  10:14:23.046  1838.5   781.2     90.0   890.0
  10:14:23.062  1838.5   781.2     90.0  1080.0
  10:14:23.109  1838.5   783.5     90.0   890.0
  10:14:23.140  1838.5   785.9     90.0   700.0
  10:14:23.187  1838.5   788.2     90.0   700.0
  10:14:23.234  1838.5   790.6     90.0   520.0
  10:14:23.265  1838.5   792.9     90.0   490.0
  10:14:23.312  1838.5   795.3     90.0   490.0
  10:14:23.343  1838.5   795.3     90.0   490.0
  10:14:23.390  1838.4   797.6     90.0   490.0
  10:14:23.437  1838.4   799.9     90.0   490.0
  10:14:23.484  1838.4   802.2     90.0   490.0
  10:14:23.515  1838.4   804.6     90.0   490.0
  10:14:23.562  1838.4   807.0     90.0   490.0
  10:14:23.609  1838.4   809.2     90.0   490.0
  10:14:23.656  1838.4   811.5     90.0   490.0
  10:14:23.687  1838.4   814.0     90.0   490.0
  10:14:23.734  1838.4   814.0     90.0   490.0
  10:14:23.781  1838.4   816.3     90.0   490.0
  10:14:23.828  1838.4   818.6     90.0   490.0
  10:14:23.859  1838.4   821.0     90.0   490.0
  10:14:23.906  1838.4   823.3     90.0   490.0
  10:14:23.953  1838.4   825.6     90.0   490.0
  10:14:24.000  1838.4   828.0     90.0   490.0
  10:14:24.031  1838.4   830.4     90.0   490.0
  10:14:24.093  1838.4   832.8     90.0   490.0
  10:14:24.125  1838.4   832.8     90.0   490.0
  10:14:24.171  1838.4   835.1     90.0   490.0
  10:14:24.203  1838.4   837.4     90.0   490.0
  10:14:24.250  1838.4   839.6     90.0   490.0
  10:14:24.296  1838.4   842.1     90.0   490.0
  10:14:24.343  1838.4   844.4     90.0   490.0
  10:14:24.390  1838.4   846.7     90.0   490.0
  10:14:24.437  1838.4   849.1     90.0   490.0
  10:14:24.484  1838.4   851.5     90.0   490.0
  10:14:24.515  1838.4   853.7     90.0   480.0
  10:14:24.562  1838.4   856.0     90.0   480.0
  10:14:24.609  1838.4   858.5     90.0   490.0
  10:14:24.640  1838.4   858.5     90.0   490.0
  10:14:24.687  1838.4   860.7     90.0   490.0
  10:14:24.734  1838.4   863.1     90.0   490.0
  10:14:24.781  1838.4   865.4     90.0   490.0
  10:14:24.812  1838.4   867.8     90.0   490.0
  10:14:24.859  1838.4   870.2     90.0   490.0
  10:14:24.906  1838.4   872.7     90.0   490.0
  10:14:24.953  1838.4   874.7     90.0   490.0
  10:14:24.984  1838.4   877.2     90.0   490.0
  10:14:25.031  1838.4   877.2     90.0   480.0
  10:14:25.093  1838.4   879.5     90.0   480.0
  10:14:25.109  1838.4   882.3     90.0   480.0
  10:14:25.156  1838.4   884.9     90.0   480.0
  10:14:25.203  1838.4   887.2     90.0   480.0
  10:14:25.250  1838.4   889.6     90.0   480.0
  10:14:25.281  1838.4   889.6     90.0   490.0
  10:14:25.328  1838.4   892.4     90.0   480.0
  10:14:25.359  1838.4   894.3     90.0   480.0
  10:14:25.406  1838.4   896.6     90.0   480.0
  10:14:25.453  1838.4   899.0     90.0   480.0
  10:14:25.468  1838.4   899.0     90.0   480.0
  10:14:25.515  1838.4   901.2     90.0   480.0
  10:14:25.562  1838.4   903.7     90.0   480.0
  10:14:25.609  1838.4   906.0     90.0   480.0
  10:14:25.640  1838.4   908.3     90.0   470.0
  10:14:25.703  1838.4   910.6     90.0   470.0
  10:14:25.734  1838.4   913.0     90.0   480.0
  10:14:25.765  1838.4   913.0     90.0   470.0
  10:14:25.812  1838.4   915.3     90.0   470.0
  10:14:25.859  1838.4   917.7     90.0   480.0
  10:14:25.890  1838.4   920.0     90.0   470.0
  10:14:25.937  1838.4   922.4     90.0   470.0
  10:14:25.984  1838.4   924.6     90.0   480.0
  10:14:26.015  1838.4   927.1     90.0   470.0
  10:14:26.078  1838.4   929.4     90.0   470.0
  10:14:26.109  1838.4   931.7     90.0   470.0
  10:14:26.156  1838.4   934.0     90.0   470.0
  10:14:26.203  1838.4   934.0     90.0   470.0
  10:14:26.234  1838.4   936.3     90.0   470.0
  10:14:26.312  1838.4   941.0     90.0   470.0
  10:14:26.328  1838.4   941.0     90.0   470.0
  10:14:26.375  1838.4   943.4     90.0   470.0
  10:14:26.406  1838.4   945.8     90.0   470.0
  10:14:26.453  1838.4   948.1     90.0   470.0
  10:14:26.500  1838.4   950.4     90.0   470.0
  10:14:26.546  1838.4   952.8     90.0   470.0
  10:14:26.578  1838.4   955.1     90.0   470.0
  10:14:26.625  1838.4   955.1     90.0   470.0
  10:14:26.671  1838.4   957.4     90.0   470.0
  10:14:26.718  1838.4   959.7     90.0   470.0
  10:14:26.750  1838.4   962.1     90.0   470.0
  10:14:26.796  1838.4   964.4     90.0   470.0
  10:14:26.843  1838.4   966.8     90.0   470.0
  10:14:26.890  1838.4   969.1     90.0   470.0
  10:14:26.937  1838.4   971.6     90.0   470.0
  10:14:26.968  1838.4   973.8     90.0   470.0
  10:14:27.015  1838.4   976.1     90.0   470.0
  10:14:27.062  1838.4   976.1     90.0   460.0
  10:14:27.109  1838.4   978.5     90.0   460.0
  10:14:27.140  1838.4   980.9     90.0   460.0
  10:14:27.187  1838.4   983.1     90.0   460.0
  10:14:27.234  1838.4   985.5     90.0   460.0
  10:14:27.281  1838.4   987.9     90.0   460.0
  10:14:27.328  1838.4   990.3     90.0   460.0
  10:14:27.343  1838.4   990.3     90.0   460.0
  10:14:27.390  1838.4   992.5     90.0   460.0
  10:14:27.421  1838.4   994.8     90.0   460.0
  10:14:27.468  1838.4   997.2     90.0   460.0
  10:14:27.515  1838.4   999.5     90.0   460.0
  10:14:27.562  1838.4  1001.8     90.0   460.0
  10:14:27.609  1838.4  1004.2     90.0   460.0
  10:14:27.640  1838.4  1006.6     90.0   460.0
  10:14:27.687  1838.4  1009.0     90.0   460.0
  10:14:27.734  1838.4  1011.1     90.0   460.0
  10:14:27.765  1838.4  1011.1     90.0   460.0
  10:14:27.812  1838.4  1013.5     90.0   460.0
  10:14:27.859  1838.4  1016.0     90.0   460.0
  10:14:27.906  1838.4  1018.2     90.0   460.0
  10:14:27.937  1838.4  1020.6     90.0   460.0
  10:14:27.984  1838.4  1023.1     90.0   460.0
  10:14:28.031  1838.4  1025.3     90.0   460.0
  10:14:28.062  1838.4  1025.3     90.0   460.0
  10:14:28.109  1838.4  1027.6     90.0   450.0
  10:14:28.140  1838.4  1029.9     90.0   460.0
  10:14:28.187  1838.4  1032.3     90.0   460.0
  10:14:28.234  1838.4  1034.5     90.0   460.0
  10:14:28.281  1838.4  1037.0     90.0   460.0
  10:14:28.312  1838.4  1039.2     90.0   460.0
  10:14:28.359  1838.4  1041.6     90.0   460.0
  10:14:28.406  1838.4  1044.0     90.0   460.0
  10:14:28.453  1838.4  1044.0     90.0   450.0
  10:14:28.484  1838.4  1046.4     90.0   450.0
  10:14:28.546  1838.4  1048.7     90.0   450.0
  10:14:28.578  1838.4  1051.5     90.0   450.0
  10:14:28.625  1838.4  1054.1     90.0   450.0
  10:14:28.656  1838.4  1056.4     90.0   450.0
  10:14:28.703  1838.4  1056.4     90.0   450.0
  10:14:28.750  1838.4  1058.7     90.0   450.0
  10:14:28.796  1838.4  1061.1     90.0   450.0
  10:14:28.828  1838.4  1063.5     90.0   450.0
  10:14:28.875  1838.4  1065.8     90.0   450.0
  10:14:28.921  1838.4  1068.2     90.0   450.0
  10:14:28.937  1838.4  1068.2     90.0   450.0
  10:14:28.984  1838.4  1070.5     90.0   440.0
  10:14:29.031  1838.4  1072.8     90.0   440.0
  10:14:29.078  1838.4  1075.2     90.0   440.0
  10:14:29.109  1838.4  1077.5     90.0   440.0
  10:14:29.156  1838.4  1080.0     90.0   440.0
  10:14:29.203  1838.4  1082.9     90.0   440.0
  10:14:29.250  1838.4  1082.9     90.0   440.0
  10:14:29.296  1838.4  1085.3     90.0   450.0
  10:14:29.343  1838.3  1087.7     90.0   450.0
  10:14:29.375  1838.3  1090.5     90.0   450.0
  10:14:29.421  1838.3  1093.1     90.0   450.0
  10:14:29.468  1838.3  1095.4     90.0   440.0
  10:14:29.500  1838.3  1095.4     90.0   440.0
  10:14:29.578  1838.3  1100.2     90.0   440.0
  10:14:29.593  1838.3  1100.2     90.0   440.0
  10:14:29.640  1838.3  1102.4     90.0   440.0
  10:14:29.671  1838.3  1104.9     90.0   440.0
  10:14:29.718  1838.3  1107.1     90.0   440.0
  10:14:29.765  1838.3  1109.5     90.0   440.0
  10:14:29.812  1838.3  1109.5     90.0   440.0
  10:14:29.843  1838.3  1112.6     90.0   440.0
  10:14:29.890  1838.3  1114.9     90.0   430.0
  10:14:29.953  1838.3  1117.2     90.0   430.0
  10:14:29.984  1838.3  1119.9     90.0   430.0
  10:14:30.015  1838.3  1122.8     90.0   430.0
  10:14:30.062  1838.3  1122.8     90.0   430.0
  10:14:30.109  1838.3  1125.0     90.0   430.0
  10:14:30.156  1838.3  1127.5     90.0   430.0
  10:14:30.187  1838.3  1129.8     90.0   430.0
  10:14:30.234  1838.3  1132.1     90.0   430.0
  10:14:30.265  1838.3  1134.4     90.0   430.0
  10:14:30.312  1838.3  1136.8     90.0   430.0
  10:14:30.375  1838.3  1139.1     90.0   430.0
  10:14:30.406  1838.3  1139.1     90.0   430.0
  10:14:30.453  1838.3  1142.2     90.0   430.0
  10:14:30.500  1838.3  1144.5     90.0   430.0
  10:14:30.531  1838.3  1146.9     90.0   430.0
  10:14:30.578  1838.3  1149.3     90.0   430.0
  10:14:30.625  1838.3  1151.6     90.0   430.0
  10:14:30.671  1838.3  1153.9     90.0   430.0
  10:14:30.703  1838.3  1156.3     90.0   430.0
  10:14:30.750  1838.3  1158.7     90.0   430.0
  10:14:30.796  1838.3  1158.7     90.0   430.0
  10:14:30.843  1838.3  1160.9     90.0   430.0
  10:14:30.875  1838.3  1163.3     90.0   430.0
  10:14:30.921  1838.3  1165.6     90.0   430.0
  10:14:30.968  1838.3  1167.9     90.0   430.0
  10:14:31.015  1838.3  1170.3     90.0   430.0
  10:14:31.046  1838.3  1172.6     90.0   430.0
  10:14:31.093  1838.3  1174.9     90.0   430.0
  10:14:31.140  1838.3  1177.3     90.0   420.0
  10:14:31.187  1838.3  1177.3     90.0   420.0
  10:14:31.234  1838.3  1179.7     90.0   420.0
  10:14:31.265  1838.3  1181.9     90.0   420.0
  10:14:31.312  1838.3  1184.3     90.0   420.0
  10:14:31.359  1838.3  1186.7     90.0   420.0
  10:14:31.406  1838.3  1188.9     90.0   420.0
  10:14:31.437  1838.3  1191.4     90.0   420.0
  10:14:31.484  1838.3  1193.6     90.0   420.0
  10:14:31.531  1838.3  1196.1     90.0   420.0
  10:14:31.578  1838.3  1198.4     90.0   420.0
  10:14:31.625  1838.3  1200.7     90.0   420.0
  10:14:31.656  1838.3  1203.0     90.0   420.0
  10:14:31.703  1838.3  1203.0     90.0   410.0
  10:14:31.750  1838.3  1205.4     90.0   410.0
  10:14:31.796  1838.3  1207.7     90.0   410.0
  10:14:31.828  1838.3  1210.2     90.0   410.0
  10:14:31.875  1838.3  1212.4     90.0   410.0
  10:14:31.921  1838.3  1214.7     90.0   420.0
  10:14:31.968  1838.3  1217.1     90.0   410.0
  10:14:32.000  1838.3  1219.4     90.0   410.0
  10:14:32.046  1838.3  1221.7     90.0   410.0
  10:14:32.093  1838.3  1221.7     90.0   410.0
  10:14:32.125  1838.3  1224.2     90.0   410.0
  10:14:32.171  1838.3  1226.4     90.0   410.0
  10:14:32.218  1838.3  1228.7     90.0   410.0
  10:14:32.265  1838.3  1231.1     90.0   410.0
  10:14:32.312  1838.3  1233.4     90.0   410.0
  10:14:32.343  1838.3  1235.8     90.0   410.0
  10:14:32.390  1838.3  1238.1     90.0   410.0
  10:14:32.421  1838.3  1238.1     90.0   410.0
  10:14:32.453  1838.3  1240.4     90.0   410.0
  10:14:32.500  1838.3  1242.8     90.0   410.0
  10:14:32.546  1838.3  1245.2     90.0   400.0
  10:14:32.593  1838.3  1247.5     90.0   400.0
  10:14:32.625  1838.3  1247.5     90.0   410.0
  10:14:32.671  1838.3  1250.6     90.0   410.0
  10:14:32.718  1838.3  1252.9     90.0   410.0
  10:14:32.750  1838.3  1255.3     90.0   410.0
  10:14:32.781  1838.3  1257.5     90.0   410.0
  10:14:32.828  1838.3  1259.9     90.0   410.0
  10:14:32.875  1838.3  1259.9     90.0   410.0
  10:14:32.906  1838.3  1262.2     90.0   410.0
  10:14:32.953  1838.3  1264.6     90.0   410.0
  10:14:33.000  1838.3  1267.0     90.0   410.0
  10:14:33.031  1838.3  1269.4     90.0   400.0
  10:14:33.078  1838.3  1271.7     90.0   400.0
  10:14:33.125  1838.3  1274.0     90.0   400.0
  10:14:33.171  1838.3  1276.4     90.0   400.0
  10:14:33.218  1838.3  1276.4     90.0   400.0
  10:14:33.250  1838.3  1279.2     90.0   400.0
  10:14:33.296  1838.3  1281.8     90.0   400.0
  10:14:33.343  1838.3  1284.1     90.0   400.0
  10:14:33.390  1838.3  1286.4     90.0   400.0
  10:14:33.437  1838.3  1289.0     90.0   400.0
  10:14:33.468  1838.3  1291.2     90.0   400.0
  10:14:33.515  1838.3  1293.5     90.0   400.0
  10:14:33.562  1838.3  1293.5     90.0   400.0
  10:14:33.609  1838.3  1295.9     90.0   400.0
  10:14:33.640  1838.3  1298.2     90.0   400.0
  10:14:33.687  1838.3  1300.5     90.0   400.0
  10:14:33.734  1838.3  1303.0     90.0   400.0
  10:14:33.781  1838.3  1305.1     90.0   400.0
  10:14:33.828  1838.3  1307.5     90.0   400.0
  10:14:33.859  1838.3  1309.8     90.0   400.0
  10:14:33.906  1838.3  1312.1     90.0   400.0
  10:14:33.953  1838.3  1314.5     90.0   390.0
  10:14:33.984  1838.3  1314.5     90.0   390.0
  10:14:34.031  1838.3  1316.9     90.0   400.0
  10:14:34.078  1838.3  1319.2     90.0   390.0
  10:14:34.125  1838.3  1321.7     90.0   390.0
  10:14:34.156  1838.3  1323.9     90.0   390.0
  10:14:34.203  1838.3  1326.3     90.0   390.0
  10:14:34.250  1838.3  1328.5     90.0   390.0
  10:14:34.281  1838.3  1330.9     90.0   390.0
  10:14:34.343  1838.3  1333.2     90.0   390.0
  10:14:34.375  1838.3  1335.6     90.0   390.0
  10:14:34.437  1838.3  1337.9     90.0   400.0
  10:14:34.468  1838.3  1337.9     90.0   390.0
  10:14:34.515  1838.3  1340.3     90.0   390.0
  10:14:34.562  1838.3  1342.6     90.0   390.0
  10:14:34.593  1838.3  1345.0     90.0   400.0
  10:14:34.640  1838.3  1347.3     90.0   400.0
  10:14:34.687  1838.3  1349.6     90.0   400.0
  10:14:34.718  1838.3  1351.9     90.0   410.0
  10:14:34.765  1838.3  1354.3     90.0   400.0
  10:14:34.812  1838.3  1356.6     90.0   410.0
  10:14:34.843  1838.3  1356.6     90.0   420.0
  10:14:34.890  1838.3  1359.0     90.0   420.0
  10:14:34.937  1838.3  1361.3     90.0   430.0
  10:14:34.968  1838.3  1363.7     90.0   440.0
  10:14:35.015  1838.3  1366.0     90.0   440.0
  10:14:35.062  1838.3  1368.3     90.0   450.0
  10:14:35.109  1838.3  1370.7     90.0   480.0
  10:14:35.140  1838.3  1370.7     90.0   480.0
  10:14:35.187  1838.3  1373.0     90.0   490.0
  10:14:35.234  1838.3  1375.4     90.0   530.0
  10:14:35.265  1838.3  1377.9     90.0   530.0
  10:14:35.312  1838.2  1380.0     90.0   530.0
  10:14:35.359  1838.2  1382.4     90.0   530.0
  10:14:35.406  1838.2  1384.7     90.0   530.0
  10:14:35.453  1838.2  1387.2     90.0   550.0
  10:14:35.484  1838.2  1389.4     90.0   560.0
  10:14:35.531  1838.2  1391.7     90.0   560.0
  10:14:35.578  1838.2  1394.1     90.0   560.0
  10:14:35.625  1838.2  1394.1     90.0   590.0
  10:14:35.656  1838.2  1396.5     90.0   590.0
  10:14:35.703  1838.2  1398.8     90.0   630.0
  10:14:35.750  1838.2  1401.1     90.0   610.0
  10:14:35.781  1838.2  1403.4     90.0   610.0
  10:14:35.828  1838.2  1405.7     90.0   610.0
  10:14:35.875  1838.2  1408.1     90.0   620.0
  10:14:35.906  1838.2  1410.5     90.0   620.0
  10:14:35.953  1838.2  1412.8     90.0   690.0
  10:14:36.000  1838.2  1412.8     90.0   650.0
  10:14:36.046  1838.2  1415.2     90.0   650.0
  10:14:36.093  1838.2  1417.5     90.0   710.0
  10:14:36.125  1838.2  1420.0     90.0   710.0
  10:14:36.171  1838.2  1422.2     90.0   710.0
  10:14:36.218  1838.2  1424.5     90.0   790.0
  10:14:36.250  1838.2  1426.8     90.0   710.0
  10:14:36.296  1838.2  1429.2     90.0   710.0
  10:14:36.343  1838.2  1431.6     90.0   890.0
  10:14:36.390  1838.2  1431.6     90.0   830.0
  10:14:36.421  1838.2  1433.8     90.0   830.0
  10:14:36.468  1838.2  1436.2     90.0   970.0
  10:14:36.515  1838.2  1438.5     90.0   970.0
  10:14:36.546  1838.2  1440.9     90.0   970.0
  10:14:36.609  1838.2  1443.2     90.0  1080.0
  10:15:09.171  1068.6  1838.5   -180.0  1050.0
  10:15:09.218  1068.6  1838.5   -180.0   630.0
  10:15:09.250  1066.3  1838.5   -180.0   630.0
  10:15:09.296  1064.0  1838.5   -180.0   390.0
  10:15:09.343  1061.6  1838.5   -180.0   370.0
  10:15:09.375  1059.3  1838.5   -180.0   370.0
  10:15:09.421  1057.0  1838.5   -180.0   360.0
  10:15:09.453  1057.0  1838.5   -180.0   350.0
  10:15:09.484  1054.6  1838.5   -180.0   350.0
  10:15:09.531  1052.3  1838.5   -180.0   350.0
  10:15:09.578  1049.9  1838.5   -180.0   350.0
  10:15:09.609  1047.1  1838.5   -180.0   350.0
  10:15:09.656  1045.3  1838.5   -180.0   350.0
  10:15:09.703  1043.0  1838.5   -180.0   350.0
  10:15:09.765  1040.6  1838.5   -180.0   350.0
  10:15:09.781  1040.6  1838.5   -180.0   350.0
  10:15:09.828  1038.2  1838.5   -180.0   350.0
  10:15:09.875  1035.9  1838.5   -180.0   350.0
  10:15:09.921  1033.5  1838.5   -180.0   350.0
  10:15:09.953  1031.2  1838.5   -180.0   350.0
  10:15:10.000  1028.9  1838.5   -180.0   350.0
  10:15:10.046  1026.5  1838.5   -180.0   340.0
  10:15:10.093  1024.1  1838.5   -180.0   340.0
  10:15:10.140  1021.9  1838.5   -180.0   340.0
  10:15:10.171  1019.5  1838.5   -180.0   340.0
  10:15:10.218  1019.5  1838.5   -180.0   340.0
  10:15:10.250  1017.2  1838.5   -180.0   340.0
  10:15:10.296  1014.9  1838.5   -180.0   340.0
  10:15:10.343  1012.5  1838.5   -180.0   340.0
  10:15:10.390  1010.2  1838.5   -180.0   340.0
  10:15:10.421  1007.7  1838.5   -180.0   340.0
  10:15:10.468  1005.5  1838.5   -180.0   340.0
  10:15:10.515  1005.5  1838.5   -180.0   340.0
  10:15:10.562  1003.1  1838.5   -180.0   340.0
  10:15:10.593  1000.9  1838.5   -180.0   340.0
  10:15:10.640   998.4  1838.5   -180.0   340.0
  10:15:10.687   996.2  1838.5   -180.0   340.0
  10:15:10.718   993.8  1838.5   -180.0   340.0
  10:15:10.750   991.5  1838.5   -180.0   340.0
  10:15:10.796   989.2  1838.5   -180.0   340.0
  10:15:10.843   989.2  1838.5   -180.0   340.0
  10:15:10.875   986.8  1838.5   -180.0   340.0
  10:15:10.921   984.5  1838.5   -180.0   340.0
  10:15:10.953   982.2  1838.5   -180.0   340.0
  10:15:11.000   979.9  1838.5   -180.0   340.0
  10:15:11.046   977.4  1838.5   -180.0   340.0
  10:15:11.078   977.4  1838.5   -180.0   340.0
  10:15:11.125   975.1  1838.5   -180.0   340.0
  10:15:11.171   972.7  1838.5   -180.0   330.0
  10:15:11.203   970.5  1838.5   -180.0   330.0
  10:15:11.250   968.0  1838.5   -180.0   330.0
  10:15:11.296   965.7  1838.5   -180.0   340.0
  10:15:11.343   963.4  1838.5   -180.0   340.0
  10:15:11.375   961.1  1838.5   -180.0   340.0
  10:15:11.421   958.6  1838.5   -180.0   330.0
  10:15:11.468   958.6  1838.5   -180.0   330.0
  10:15:11.515   956.4  1838.5   -180.0   330.0
  10:15:11.546   954.0  1838.5   -180.0   330.0
  10:15:11.609   951.7  1838.5   -180.0   330.0
  10:15:11.640   949.2  1838.5   -180.0   330.0
  10:15:11.687   947.0  1838.5   -180.0   330.0
  10:15:11.734   944.6  1838.5   -180.0   330.0
  10:15:11.765   942.3  1838.5   -180.0   330.0
  10:15:11.812   939.9  1838.5   -180.0   330.0
  10:15:11.859   937.7  1838.5   -180.0   330.0
  10:15:11.906   935.4  1838.5   -180.0   330.0
  10:15:11.937   935.4  1838.5   -180.0   330.0
  10:15:11.984   933.0  1838.5   -180.0   330.0
  10:15:12.031   930.5  1838.5   -180.0   330.0
  10:15:12.078   928.2  1838.5   -180.0   330.0
  10:15:12.109   926.0  1838.5   -180.0   330.0
  10:15:12.156   923.7  1838.5   -180.0   330.0
  10:15:12.218   921.4  1838.5   -180.0   330.0
  10:15:12.250   918.7  1838.5   -180.0   330.0
  10:15:12.281   916.6  1838.5   -180.0   330.0
  10:15:12.328   916.6  1838.5   -180.0   330.0
  10:15:12.375   914.3  1838.4   -180.0   320.0
  10:15:12.421   911.9  1838.4   -180.0   320.0
  10:15:12.453   908.8  1838.4   -180.0   320.0
  10:15:12.500   906.5  1838.4   -180.0   320.0
  10:15:12.546   904.1  1838.4   -180.0   320.0
  10:15:12.609   901.9  1838.4   -180.0   320.0
  10:15:12.640   899.5  1838.4   -180.0   320.0
  10:15:12.671   899.5  1838.4   -180.0   320.0
  10:15:12.718   897.1  1838.4   -180.0   320.0
  10:15:12.765   894.8  1838.4   -180.0   320.0
  10:15:12.812   892.4  1838.4   -180.0   320.0
  10:15:12.843   890.1  1838.4   -180.0   320.0
  10:15:12.890   887.7  1838.4   -180.0   320.0
  10:15:12.937   885.4  1838.4   -180.0   320.0
  10:15:12.984   883.1  1838.4   -180.0   320.0
  10:15:13.031   880.8  1838.4   -180.0   320.0
  10:15:13.062   878.4  1838.4   -180.0   320.0
  10:15:13.109   878.4  1838.4   -180.0   320.0
  10:15:13.156   876.1  1838.4   -180.0   320.0
  10:15:13.218   873.7  1838.4   -180.0   320.0
  10:15:13.234   871.0  1838.4   -180.0   320.0
  10:15:13.281   868.3  1838.4   -180.0   320.0
  10:15:13.328   866.0  1838.4   -180.0   320.0
  10:15:13.375   863.7  1838.4   -180.0   310.0
  10:15:13.421   863.7  1838.4   -180.0   310.0
  10:15:13.453   861.0  1838.4   -180.0   310.0
  10:15:13.500   858.9  1838.4   -180.0   320.0
  10:15:13.546   856.5  1838.4   -180.0   310.0
  10:15:13.593   854.3  1838.4   -180.0   310.0
  10:15:13.625   851.9  1838.4   -180.0   310.0
  10:15:13.671   849.5  1838.4   -180.0   310.0
  10:15:13.718   847.2  1838.4   -180.0   310.0
  10:15:13.765   844.8  1838.4   -180.0   310.0
  10:15:13.796   842.6  1838.4   -180.0   310.0
  10:15:13.843   842.6  1838.4   -180.0   310.0
  10:15:13.890   840.1  1838.4   -180.0   310.0
  10:15:13.937   837.8  1838.4   -180.0   310.0
  10:15:13.968   835.6  1838.4   -180.0   310.0
  10:15:14.015   833.2  1838.4   -180.0   310.0
  10:15:14.062   830.9  1838.4   -180.0   310.0
  10:15:14.109   828.5  1838.4   -180.0   310.0
  10:15:14.140   826.2  1838.4   -180.0   310.0
  10:15:14.187   823.8  1838.4   -180.0   310.0
  10:15:14.234   821.4  1838.4   -180.0   310.0
  10:15:14.281   821.4  1838.4   -180.0   300.0
  10:15:14.312   819.1  1838.4   -180.0   300.0
  10:15:14.359   816.9  1838.4   -180.0   300.0
  10:15:14.406   814.5  1838.4   -180.0   300.0
  10:15:14.453   812.2  1838.4   -180.0   300.0
  10:15:14.484   809.7  1838.4   -180.0   310.0
  10:15:14.515   809.7  1838.4   -180.0   300.0
  10:15:14.562   807.5  1838.4   -180.0   300.0
  10:15:14.593   805.1  1838.4   -180.0   300.0
  10:15:14.640   802.8  1838.4   -180.0   300.0
  10:15:14.687   800.5  1838.4   -180.0   300.0
  10:15:14.734   798.0  1838.4   -180.0   300.0
  10:15:14.781   795.7  1838.4   -180.0   300.0
  10:15:14.812   793.5  1838.4   -180.0   300.0
  10:15:14.843   793.5  1838.4   -180.0   300.0
  10:15:14.890   791.1  1838.4   -180.0   300.0
  10:15:14.937   788.7  1838.4   -180.0   300.0
  10:15:14.984   786.3  1838.4   -180.0   300.0
  10:15:15.015   784.1  1838.4   -180.0   300.0
  10:15:15.062   781.8  1838.4   -180.0   300.0
  10:15:15.109   779.4  1838.4   -180.0   300.0
  10:15:15.156   777.0  1838.4   -180.0   300.0
  10:15:15.187   774.7  1838.4   -180.0   300.0
  10:15:15.234   774.7  1838.4   -180.0   300.0
  10:15:15.281   772.4  1838.4   -180.0   300.0
  10:15:15.328   770.0  1838.4   -180.0   300.0
  10:15:15.359   767.8  1838.4   -180.0   300.0
  10:15:15.406   765.3  1838.4   -180.0   290.0
  10:15:15.453   762.9  1838.4   -180.0   290.0
  10:15:15.500   760.6  1838.4   -180.0   290.0
  10:15:15.546   758.4  1838.4   -180.0   290.0
  10:15:15.578   756.0  1838.4   -180.0   290.0
  10:15:15.625   753.6  1838.4   -180.0   290.0
  10:15:15.671   753.6  1838.4   -180.0   300.0
  10:15:15.718   751.3  1838.4   -180.0   290.0
  10:15:15.750   748.2  1838.4   -180.0   290.0
  10:15:15.796   745.8  1838.4   -180.0   290.0
  10:15:15.843   743.5  1838.4   -180.0   290.0
  10:15:15.890   743.5  1838.4   -180.0   290.0
  10:15:15.921   740.9  1838.4   -180.0   290.0
  10:15:15.968   738.1  1838.4   -180.0   290.0
  10:15:16.000   735.8  1838.4   -180.0   290.0
  10:15:16.046   733.4  1838.3   -180.0   290.0
  10:15:16.078   731.0  1838.3   -180.0   290.0
  10:15:16.125   731.0  1838.3   -180.0   290.0
  10:15:16.171   728.7  1838.3   -180.0   290.0
  10:15:16.218   726.3  1838.3   -180.0   290.0
  10:15:16.250   724.0  1838.3   -180.0   290.0
  10:15:16.296   721.6  1838.3   -180.0   290.0
  10:15:16.343   719.3  1838.3   -180.0   290.0
  10:15:16.390   717.0  1838.3   -180.0   290.0
  10:15:16.421   714.7  1838.3   -180.0   290.0
  10:15:16.484   712.3  1838.3   -180.0   290.0
  10:15:16.515   710.0  1838.3   -180.0   290.0
  10:15:16.562   710.0  1838.3   -180.0   290.0
  10:15:16.609   707.7  1838.3   -180.0   280.0
  10:15:16.640   705.3  1838.3   -180.0   280.0
  10:15:16.687   703.0  1838.3   -180.0   280.0
  10:15:16.718   700.7  1838.3   -180.0   280.0
  10:15:16.765   698.3  1838.3   -180.0   280.0
  10:15:16.796   698.3  1838.3   -180.0   280.0
  10:15:16.843   696.0  1838.3   -180.0   280.0
  10:15:16.890   693.6  1838.3   -180.0   280.0
  10:15:16.921   691.2  1838.3   -180.0   280.0
  10:15:16.968   688.9  1838.3   -180.0   280.0
  10:15:17.015   686.7  1838.3   -180.0   280.0
  10:15:17.062   684.3  1838.3   -180.0   280.0
  10:15:17.093   684.3  1838.3   -180.0   280.0
  10:15:17.140   681.3  1838.3   -180.0   280.0
  10:15:17.187   678.8  1838.3   -180.0   280.0
  10:15:17.234   676.5  1838.3   -180.0   280.0
  10:15:17.281   674.1  1838.3   -180.0   280.0
  10:15:17.312   671.8  1838.3   -180.0   280.0
  10:15:17.359   669.4  1838.3   -180.0   280.0
  10:15:17.406   667.1  1838.3   -180.0   280.0
  10:15:17.453   664.8  1838.3   -180.0   280.0
  10:15:17.484   662.5  1838.3   -180.0   280.0
  10:15:17.531   660.0  1838.3   -180.0   280.0
  10:15:17.546   660.0  1838.3   -180.0   280.0
  10:15:17.593   657.7  1838.3   -180.0   280.0
  10:15:17.640   655.4  1838.3   -180.0   280.0
  10:15:17.687   653.0  1838.3   -180.0   280.0
  10:15:17.718   653.0  1838.3   -180.0   280.0
  10:15:17.765   650.7  1838.3   -180.0   280.0
  10:15:17.812   648.4  1838.3   -180.0   270.0
  10:15:17.859   646.0  1838.3   -180.0   270.0
  10:15:17.890   643.7  1838.3   -180.0   270.0
  10:15:17.921   643.7  1838.3   -180.0   270.0
  10:15:17.968   640.6  1838.3   -180.0   270.0
  10:15:18.015   638.2  1838.3   -180.0   270.0
  10:15:18.046   635.9  1838.3   -180.0   270.0
  10:15:18.093   633.5  1838.3   -180.0   270.0
  10:15:18.140   631.2  1838.3   -180.0   270.0
  10:15:18.187   628.9  1838.3   -180.0   270.0
  10:15:18.218   626.5  1838.3   -180.0   270.0
  10:15:18.250   626.5  1838.3   -180.0   270.0
  10:15:18.281   624.3  1838.3   -180.0   270.0
  10:15:18.328   621.9  1838.3   -180.0   260.0
  10:15:18.375   619.6  1838.3   -180.0   270.0
  10:15:18.421   617.1  1838.3   -180.0   270.0
  10:15:18.453   617.1  1838.3   -180.0   270.0
  10:15:18.500   614.9  1838.3   -180.0   270.0
  10:15:18.546   612.5  1838.3   -180.0   270.0
  10:15:18.593   610.2  1838.3   -180.0   270.0
  10:15:18.640   607.8  1838.3   -180.0   270.0
  10:15:18.671   605.5  1838.3   -180.0   280.0
  10:15:18.718   603.0  1838.3   -180.0   280.0
  10:15:18.750   600.9  1838.3   -180.0   290.0
  10:15:18.796   598.5  1838.3   -180.0   300.0
  10:15:18.843   598.5  1838.3   -180.0   300.0
  10:15:18.890   596.1  1838.3   -180.0   310.0
  10:15:18.921   593.9  1838.3   -180.0   330.0
  10:15:18.968   591.3  1838.3   -180.0   330.0
  10:15:19.015   589.2  1838.3   -180.0   350.0
  10:15:19.062   586.9  1838.3   -180.0   360.0
  10:15:19.093   584.5  1838.3   -180.0   360.0
  10:15:19.140   581.8  1838.3   -180.0   370.0
  10:15:19.187   579.7  1838.3   -180.0   380.0
  10:15:19.234   577.4  1838.3   -180.0   380.0
  10:15:19.265   577.4  1838.3   -180.0   390.0
  10:15:19.328   572.8  1838.3   -180.0   410.0
  10:15:19.359   572.8  1838.3   -180.0   410.0
  10:15:19.406   570.5  1838.3   -180.0   430.0
  10:15:19.437   568.1  1838.3   -180.0   450.0
  10:15:19.484   565.8  1838.3   -180.0   450.0
  10:15:19.531   563.5  1838.3   -180.0   450.0
  10:15:19.578   561.1  1838.3   -180.0   470.0
  10:15:19.625   558.8  1838.3   -180.0   470.0
  10:15:19.656   556.5  1838.3   -180.0   500.0
  10:15:19.703   556.5  1838.3   -180.0   630.0
  10:15:19.750   554.1  1838.2   -180.0   630.0
  10:15:19.781   551.7  1838.2   -180.0   730.0
  10:15:50.890    -0.1  1203.3    -90.0   840.0
  10:15:50.937    -0.1  1200.9    -90.0   840.0
  10:15:50.968    -0.1  1198.7    -90.0   510.0
  10:15:51.015    -0.1  1198.7    -90.0   480.0
  10:15:51.062    -0.1  1196.3    -90.0   480.0
  10:15:51.109    -0.1  1194.0    -90.0   460.0
  10:15:51.156    -0.1  1191.7    -90.0   450.0
  10:15:51.187    -0.1  1189.4    -90.0   460.0
  10:15:51.218    -0.1  1187.0    -90.0   460.0
  10:15:51.265    -0.1  1184.6    -90.0   450.0
  10:15:51.312    -0.1  1182.3    -90.0   450.0
  10:15:51.359    -0.1  1182.3    -90.0   460.0
  10:15:51.406    -0.1  1179.9    -90.0   450.0
  10:15:51.437    -0.1  1177.7    -90.0   450.0
  10:15:51.484    -0.1  1175.2    -90.0   460.0
  10:15:51.531    -0.1  1173.0    -90.0   450.0
  10:15:51.578    -0.1  1170.7    -90.0   450.0
  10:15:51.609    -0.1  1168.2    -90.0   450.0
  10:15:51.656    -0.1  1165.9    -90.0   450.0
  10:15:51.703    -0.1  1163.6    -90.0   450.0
  10:15:51.750    -0.1  1161.2    -90.0   450.0
  10:15:51.796    -0.1  1158.9    -90.0   450.0
  10:15:51.828    -0.1  1158.9    -90.0   450.0
  10:15:51.875    -0.1  1156.6    -90.0   450.0
  10:15:51.921    -0.1  1154.2    -90.0   450.0
  10:15:51.968    -0.1  1151.9    -90.0   450.0
  10:15:52.015    -0.1  1149.6    -90.0   450.0
  10:15:52.046    -0.1  1147.2    -90.0   450.0
  10:15:52.093    -0.1  1144.8    -90.0   450.0
  10:15:52.140    -0.1  1142.6    -90.0   450.0
  10:15:52.171    -0.1  1140.2    -90.0   450.0
  10:15:52.218    -0.1  1137.8    -90.0   450.0
  10:15:52.250    -0.1  1137.8    -90.0   450.0
  10:15:52.296    -0.1  1135.4    -90.0   450.0
  10:15:52.343    -0.1  1133.2    -90.0   450.0
  10:15:52.375    -0.1  1130.8    -90.0   450.0
  10:15:52.421    -0.1  1128.4    -90.0   450.0
  10:15:52.468    -0.1  1126.1    -90.0   450.0
  10:15:52.515    -0.1  1123.9    -90.0   450.0
  10:15:52.546    -0.1  1123.9    -90.0   450.0
  10:15:52.593    -0.1  1121.6    -90.0   450.0
  10:15:52.640    -0.1  1119.2    -90.0   440.0
  10:15:52.687    -0.1  1116.8    -90.0   440.0
  10:15:52.734    -0.1  1114.5    -90.0   440.0
  10:15:52.765    -0.1  1112.2    -90.0   440.0
  10:15:52.812    -0.1  1109.8    -90.0   440.0
  10:15:52.859    -0.1  1107.4    -90.0   440.0
  10:15:52.906    -0.1  1105.2    -90.0   440.0
  10:15:52.937    -0.1  1102.8    -90.0   440.0
  10:15:52.984    -0.1  1100.5    -90.0   440.0
  10:15:53.046    -0.1  1098.1    -90.0   440.0
  10:15:53.078    -0.1  1098.1    -90.0   440.0
  10:15:53.109    -0.1  1094.9    -90.0   440.0
  10:15:53.156    -0.1  1092.6    -90.0   440.0
  10:15:53.203    -0.1  1090.4    -90.0   440.0
  10:15:53.250    -0.1  1088.0    -90.0   440.0
  10:15:53.281    -0.1  1088.0    -90.0   440.0
  10:15:53.328    -0.1  1085.6    -90.0   440.0
  10:15:53.375    -0.1  1083.2    -90.0   440.0
  10:15:53.421     0.0  1081.0    -90.0   440.0
  10:15:53.468     0.0  1078.7    -90.0   440.0
  10:15:53.500     0.0  1076.2    -90.0   440.0
  10:15:53.546     0.0  1073.9    -90.0   440.0
  10:15:53.593     0.0  1071.6    -90.0   440.0
  10:15:53.625     0.0  1069.3    -90.0   440.0
  10:15:53.671     0.0  1066.6    -90.0   440.0
  10:15:53.718     0.0  1064.6    -90.0   430.0
  10:15:53.765     0.0  1064.6    -90.0   430.0
  10:15:53.812     0.0  1062.2    -90.0   430.0
  10:15:53.843     0.0  1059.9    -90.0   430.0
  10:15:53.890     0.0  1057.3    -90.0   440.0
  10:15:53.937     0.0  1055.3    -90.0   440.0
  10:15:53.984     0.0  1052.9    -90.0   430.0
  10:15:54.015     0.0  1050.5    -90.0   430.0
  10:15:54.062     0.0  1048.2    -90.0   430.0
  10:15:54.109     0.0  1045.9    -90.0   430.0
  10:15:54.156     0.0  1043.6    -90.0   430.0
  10:15:54.187     0.0  1043.6    -90.0   430.0
  10:15:54.234     0.0  1041.2    -90.0   430.0
  10:15:54.281     0.0  1038.8    -90.0   430.0
  10:15:54.328     0.0  1036.5    -90.0   430.0
  10:15:54.359     0.0  1034.2    -90.0   430.0
  10:15:54.406     0.0  1031.8    -90.0   430.0
  10:15:54.453     0.0  1029.5    -90.0   430.0
  10:15:54.500     0.0  1027.1    -90.0   430.0
  10:15:54.531     0.0  1024.8    -90.0   430.0
  10:15:54.578     0.0  1022.5    -90.0   430.0
  10:15:54.625     0.0  1022.5    -90.0   430.0
  10:15:54.671     0.0  1020.2    -90.0   430.0
  10:15:54.718     0.0  1017.9    -90.0   430.0
  10:15:54.750     0.0  1015.4    -90.0   430.0
  10:15:54.796     0.0  1013.2    -90.0   430.0
  10:15:54.843     0.0  1010.7    -90.0   430.0
  10:15:54.890     0.0  1008.2    -90.0   430.0
  10:15:54.937     0.0  1008.2    -90.0   430.0
  10:15:54.968     0.0  1005.2    -90.0   430.0
  10:15:55.015     0.0  1003.0    -90.0   430.0
  10:15:55.062     0.0  1000.6    -90.0   430.0
  10:15:55.093     0.0   998.3    -90.0   430.0
  10:15:55.140     0.0   996.0    -90.0   430.0
  10:15:55.187     0.0   993.7    -90.0   430.0
  10:15:55.234     0.0   991.3    -90.0   430.0
  10:15:55.265     0.0   988.6    -90.0   420.0
  10:15:55.312     0.0   986.6    -90.0   420.0
  10:15:55.359     0.0   986.6    -90.0   420.0
  10:15:55.406     0.0   984.3    -90.0   420.0
  10:15:55.437     0.0   981.9    -90.0   420.0
  10:15:55.484     0.0   979.5    -90.0   420.0
  10:15:55.531     0.0   977.3    -90.0   420.0
  10:15:55.578     0.0   974.9    -90.0   420.0
  10:15:55.625     0.0   972.7    -90.0   420.0
  10:15:55.656     0.0   970.2    -90.0   420.0
  10:15:55.703     0.0   967.9    -90.0   420.0
  10:15:55.750     0.0   965.6    -90.0   420.0
  10:15:55.796     0.0   963.2    -90.0   420.0
  10:15:55.828     0.0   963.2    -90.0   420.0
  10:15:55.859     0.0   960.9    -90.0   410.0
  10:15:55.906     0.0   958.5    -90.0   410.0
  10:15:55.937     0.0   956.1    -90.0   420.0
  10:15:55.984     0.0   953.9    -90.0   420.0
  10:15:56.031     0.0   953.9    -90.0   420.0
  10:15:56.078     0.0   951.5    -90.0   420.0
  10:15:56.125     0.1   949.2    -90.0   420.0
  10:15:56.156     0.1   946.8    -90.0   420.0
  10:15:56.203     0.1   944.5    -90.0   420.0
  10:15:56.250     0.1   942.2    -90.0   420.0
  10:15:56.296     0.1   939.8    -90.0   420.0
  10:15:56.328     0.1   937.5    -90.0   430.0
  10:15:56.375     0.1   935.1    -90.0   440.0
  10:15:56.421     0.1   935.1    -90.0   440.0
  10:15:56.468     0.1   932.8    -90.0   450.0
  10:15:56.500     0.1   930.5    -90.0   470.0
  10:15:56.546     0.1   928.2    -90.0   470.0
  10:15:56.593     0.1   925.8    -90.0   500.0
  10:15:56.640     0.1   923.3    -90.0   500.0
  10:15:56.671     0.1   921.1    -90.0   500.0
  10:15:56.718     0.1   918.7    -90.0   520.0
  10:15:56.765     0.1   916.4    -90.0   530.0
  10:15:56.812     0.1   914.1    -90.0   530.0
  10:15:56.859     0.1   911.7    -90.0   540.0
  10:15:56.890     0.1   909.4    -90.0   540.0
  10:15:56.937     0.1   909.4    -90.0   540.0
  10:15:56.984     0.1   907.1    -90.0   540.0
  10:15:57.031     0.1   904.7    -90.0   540.0
  10:15:57.062     0.1   902.3    -90.0   540.0
  10:15:57.109     0.1   900.1    -90.0   550.0
  10:15:57.156     0.1   897.7    -90.0   550.0
  10:15:57.203     0.1   895.4    -90.0   540.0
  10:15:57.234     0.1   893.1    -90.0   540.0
  10:15:57.281     0.1   890.7    -90.0   540.0
  10:15:57.328     0.1   890.7    -90.0   540.0
  10:15:57.375     0.1   888.3    -90.0   540.0
  10:15:57.406     0.1   886.0    -90.0   550.0
  10:15:57.453     0.1   883.7    -90.0   550.0
  10:15:57.500     0.1   881.2    -90.0   550.0
  10:15:57.546     0.1   879.0    -90.0   550.0
  10:15:57.593     0.1   876.6    -90.0   550.0
  10:15:57.625     0.1   874.3    -90.0   550.0
  10:15:57.671     0.1   872.0    -90.0   550.0
  10:15:57.718     0.1   869.6    -90.0   550.0
  10:15:57.734     0.1   869.6    -90.0   550.0
  10:15:57.781     0.1   867.3    -90.0   550.0
  10:15:57.812     0.1   864.9    -90.0   550.0
  10:15:57.859     0.1   862.6    -90.0   550.0
  10:15:57.921     0.1   860.3    -90.0   550.0
  10:15:57.953     0.1   860.3    -90.0   540.0
  10:15:57.984     0.1   857.2    -90.0   550.0
  10:15:58.031     0.1   854.8    -90.0   540.0
  10:15:58.078     0.1   852.6    -90.0   540.0
  10:15:58.125     0.1   850.2    -90.0   540.0
  10:15:58.156     0.1   847.8    -90.0   530.0
  10:15:58.203     0.1   847.8    -90.0   530.0
  10:15:58.250     0.1   845.4    -90.0   530.0
  10:15:58.296     0.1   843.1    -90.0   540.0
  10:15:58.328     0.1   840.9    -90.0   540.0
  10:15:58.375     0.1   838.4    -90.0   540.0
  10:15:58.421     0.1   836.0    -90.0   540.0
  10:15:58.468     0.1   833.8    -90.0   540.0
  10:15:58.500     0.1   831.4    -90.0   540.0
  10:15:58.546     0.1   829.1    -90.0   540.0
  10:15:58.578     0.1   829.1    -90.0   540.0
  10:15:58.625     0.1   826.7    -90.0   540.0
  10:15:58.671     0.1   824.5    -90.0   530.0
  10:15:58.718     0.1   822.1    -90.0   530.0
  10:15:58.750     0.2   819.6    -90.0   530.0
  10:15:58.796     0.2   817.4    -90.0   530.0
  10:15:58.843     0.2   815.0    -90.0   530.0
  10:15:58.890     0.2   812.7    -90.0   540.0
  10:15:58.937     0.2   810.4    -90.0   540.0
  10:15:58.968     0.2   808.1    -90.0   530.0
  10:15:59.015     0.2   808.1    -90.0   530.0
  10:15:59.062     0.2   805.7    -90.0   530.0
  10:15:59.093     0.2   803.4    -90.0   530.0
  10:15:59.140     0.2   801.0    -90.0   530.0
  10:15:59.187     0.2   798.7    -90.0   530.0
  10:15:59.234     0.2   796.3    -90.0   530.0
  10:15:59.281     0.2   793.9    -90.0   530.0
  10:15:59.312     0.2   791.6    -90.0   530.0
  10:15:59.359     0.2   791.6    -90.0   530.0
  10:15:59.390     0.2   789.4    -90.0   530.0
  10:15:59.437     0.2   787.1    -90.0   530.0
  10:15:59.484     0.2   784.7    -90.0   530.0
  10:15:59.531     0.2   782.3    -90.0   530.0
  10:15:59.562     0.2   779.9    -90.0   530.0
  10:15:59.609     0.2   777.6    -90.0   530.0
  10:15:59.656     0.2   775.4    -90.0   530.0
  10:15:59.703     0.2   773.0    -90.0   530.0
  10:15:59.750     0.2   773.0    -90.0   530.0
  10:15:59.781     0.2   769.7    -90.0   530.0
  10:15:59.828     0.2   767.5    -90.0   530.0
  10:15:59.875     0.2   765.2    -90.0   530.0
  10:15:59.921     0.2   762.9    -90.0   530.0
  10:15:59.953     0.2   760.5    -90.0   530.0
  10:16:00.000     0.2   758.1    -90.0   530.0
  10:16:00.046     0.2   755.8    -90.0   530.0
  10:16:00.093     0.2   753.4    -90.0   530.0
  10:16:00.140     0.2   753.4    -90.0   530.0
  10:16:00.171     0.2   751.1    -90.0   530.0
  10:16:00.218     0.2   748.8    -90.0   530.0
  10:16:00.265     0.2   746.5    -90.0   530.0
  10:16:00.312     0.2   744.2    -90.0   530.0
  10:16:00.343     0.2   741.8    -90.0   530.0
  10:16:00.390     0.2   739.4    -90.0   520.0
  10:16:00.437     0.2   737.0    -90.0   520.0
  10:16:00.484     0.2   734.7    -90.0   520.0
  10:16:00.515     0.2   732.5    -90.0   520.0
  10:16:00.562     0.2   732.5    -90.0   520.0
  10:16:00.609     0.2   730.1    -90.0   520.0
  10:16:00.656     0.2   727.7    -90.0   520.0
  10:16:00.687     0.2   725.4    -90.0   520.0
  10:16:00.734     0.2   723.0    -90.0   520.0
  10:16:00.781     0.2   720.7    -90.0   510.0
  10:16:00.828     0.2   718.3    -90.0   510.0
  10:16:00.875     0.2   716.1    -90.0   520.0
  10:16:00.921     0.2   713.7    -90.0   520.0
  10:16:00.953     0.2   711.3    -90.0   520.0
  10:16:01.000     0.2   711.3    -90.0   520.0
  10:16:01.046     0.2   709.0    -90.0   520.0
  10:16:01.093     0.2   706.6    -90.0   520.0
  10:16:01.125     0.2   704.3    -90.0   520.0
  10:16:01.187     0.2   702.0    -90.0   520.0
  10:16:01.218     0.2   698.9    -90.0   520.0
  10:16:01.265     0.2   696.5    -90.0   520.0
  10:16:01.296     0.2   694.2    -90.0   520.0
  10:16:01.343     0.2   694.2    -90.0   520.0
  10:16:01.390     0.2   691.7    -90.0   520.0
  10:16:01.437     0.3   689.6    -90.0   520.0
  10:16:01.468     0.3   687.2    -90.0   520.0
  10:16:01.515     0.3   684.9    -90.0   510.0
  10:16:01.562     0.3   682.5    -90.0   510.0
  10:16:01.609     0.3   680.1    -90.0   510.0
  10:16:01.640     0.3   677.8    -90.0   520.0
  10:16:01.687     0.3   675.5    -90.0   510.0
  10:16:01.734     0.3   675.5    -90.0   510.0
  10:16:01.781     0.3   670.8    -90.0   510.0
  10:16:01.828     0.3   670.8    -90.0   510.0
  10:16:01.859     0.3   668.5    -90.0   510.0
  10:16:01.906     0.3   666.1    -90.0   510.0
  10:16:01.953     0.3   663.7    -90.0   510.0
  10:16:02.000     0.3   661.1    -90.0   510.0
  10:16:02.031     0.3   659.1    -90.0   510.0
  10:16:02.078     0.3   656.8    -90.0   510.0
  10:16:02.125     0.3   654.4    -90.0   510.0
  10:16:02.171     0.3   654.4    -90.0   510.0
  10:16:02.203     0.3   652.0    -90.0   510.0
  10:16:02.250     0.3   649.8    -90.0   510.0
  10:16:02.296     0.3   647.5    -90.0   510.0
  10:16:02.343     0.3   645.0    -90.0   510.0
  10:16:02.390     0.3   642.8    -90.0   510.0
  10:16:02.421     0.3   640.1    -90.0   510.0
  10:16:02.468     0.3   638.0    -90.0   510.0
  10:16:02.515     0.3   635.7    -90.0   510.0
  10:16:02.546     0.3   633.4    -90.0   510.0
  10:16:02.593     0.3   630.9    -90.0   500.0
  10:16:02.640     0.3   630.9    -90.0   510.0
  10:16:02.687     0.3   628.7    -90.0   510.0
  10:16:02.718     0.3   626.4    -90.0   500.0
  10:16:02.781     0.3   624.1    -90.0   500.0
  10:16:02.812     0.3   621.6    -90.0   500.0
  10:16:02.859     0.3   619.4    -90.0   500.0
  10:16:02.906     0.3   617.0    -90.0   500.0
  10:16:02.937     0.3   614.7    -90.0   500.0
  10:16:03.000     0.3   612.2    -90.0   500.0
  10:16:03.031     0.3   610.0    -90.0   510.0
  10:16:03.078     0.3   610.0    -90.0   500.0
  10:16:03.109     0.3   607.6    -90.0   500.0
  10:16:03.156     0.3   605.4    -90.0   520.0
  10:16:03.203     0.3   602.9    -90.0   520.0
  10:16:03.250     0.3   600.7    -90.0   520.0
  10:16:03.281     0.3   598.3    -90.0   550.0
  10:16:03.328     0.3   596.0    -90.0   520.0
  10:16:03.390     0.3   593.6    -90.0   520.0
  10:16:03.421     0.3   590.8    -90.0   570.0
  10:16:03.453     0.3   590.8    -90.0   580.0
  10:16:03.515     0.3   586.6    -90.0   580.0
  10:16:03.546     0.3   586.6    -90.0   580.0
  10:16:03.593     0.3   584.2    -90.0   600.0
  10:16:03.625     0.3   581.9    -90.0   600.0
  10:16:03.671     0.3   579.6    -90.0   620.0
  10:16:03.718     0.3   577.3    -90.0   670.0
  10:16:03.750     0.3   575.0    -90.0   670.0
  10:16:03.796     0.3   575.0    -90.0   680.0
  10:16:03.843     0.3   572.6    -90.0   710.0
  10:16:03.875     0.3   570.3    -90.0   710.0
  10:16:03.921     0.3   567.9    -90.0   710.0
  10:16:03.968     0.3   565.6    -90.0   680.0
  10:16:04.000     0.3   563.3    -90.0   680.0
  10:16:04.046     0.4   560.9    -90.0   680.0
  10:16:04.093     0.4   558.5    -90.0   680.0
  10:16:04.140     0.4   556.1    -90.0   680.0
  10:16:04.187     0.4   553.8    -90.0   760.0
  10:16:04.218     0.4   553.8    -90.0   720.0
  10:16:04.265     0.4   551.6    -90.0   720.0
  10:16:04.312     0.4   549.3    -90.0   790.0
  10:16:04.359     0.4   546.9    -90.0   890.0
  10:16:04.390     0.4   544.5    -90.0   890.0
  10:16:04.421     0.4   542.2    -90.0   980.0
