Лабораторная работа 1. Анализ сенсорных данных об объекте

Маршрут: квадрат
Направление движения: против часовой стрелки
Скорость движения: 50.0 мм/с
Рабочий дальномер: левый (Rf_L)

Выходная информация: положение робота, координаты точек объекта

          Time   X_rob   Y_rob  Ang_rob   X_obj   Y_obj
  чч:мм:сс.ссс      мм      мм     град      мм      мм
  12:37:13.125   778.9    -9.1      0.5   648.5  1190.8
  12:37:13.171   778.9    -9.1      0.5   649.4  1080.9
  12:37:13.218   781.3    -9.0      0.5   651.8  1080.9
  12:37:13.265   783.7    -9.0      0.5   654.8  1010.9
  12:37:13.312   786.1    -9.0      0.5   657.4   980.9
  12:37:13.343   788.3    -9.0      0.5   659.6   980.9
  12:37:13.390   790.6    -9.0      0.5   662.0   981.0
  12:37:13.453   793.0    -8.9      0.5   664.6   951.0
  12:37:13.484   795.5    -8.9      0.5   667.1   951.0
  12:37:13.515   797.8    -8.9      0.5   669.3   961.0
  12:37:13.562   800.0    -8.9      0.5   671.6   961.0
  12:37:13.609   800.0    -8.9      0.5   671.6   961.0
  12:37:13.656   802.3    -8.9      0.5   673.9   961.1
  12:37:13.687   804.8    -8.8      0.5   676.5   941.1
  12:37:13.734   807.1    -8.8      0.5   678.8   941.1
  12:37:13.781   809.3    -8.8      0.5   680.9   951.1
  12:37:13.828   811.8    -8.8      0.5   683.6   931.1
  12:37:13.859   814.1    -8.8      0.5   685.9   931.2
  12:37:13.906   816.5    -8.7      0.5   688.2   941.2
  12:37:13.953   818.7    -8.7      0.5   690.5   931.2
  12:37:14.000   821.1    -8.7      0.5   692.9   931.2
  12:37:14.031   823.5    -8.7      0.5   695.4   921.2
  12:37:14.078   823.5    -8.7      0.5   695.4   921.2
  12:37:14.125   825.7    -8.7      0.5   697.6   921.3
  12:37:14.171   828.1    -8.6      0.5   699.9   921.3
  12:37:14.203   830.4    -8.6      0.5   702.3   921.3
  12:37:14.250   832.8    -8.6      0.5   704.5   941.3
  12:37:14.296   835.2    -8.6      0.5   707.1   921.3
  12:37:14.343   837.4    -8.5      0.5   709.3   921.4
  12:37:14.375   839.8    -8.5      0.5   711.7   921.4
  12:37:14.421   842.2    -8.5      0.5   714.2   911.4
  12:37:14.468   842.2    -8.5      0.5   714.2   911.4
  12:37:14.515   844.5    -8.5      0.5   716.5   911.4
  12:37:14.546   846.7    -8.5      0.5   718.7   911.4
  12:37:14.593   849.3    -8.4      0.5   721.2   911.5
  12:37:14.640   851.5    -8.4      0.5   723.5   911.5
  12:37:14.687   853.9    -8.4      0.5   725.9   901.5
  12:37:14.718   856.3    -8.4      0.5   728.4   891.5
  12:37:14.765   858.5    -8.4      0.5   730.6   901.6
  12:37:14.812   860.9    -8.3      0.5   732.9   901.6
  12:37:14.859   863.2    -8.3      0.5   735.2   901.6
  12:37:14.890   863.2    -8.3      0.5   735.2   901.6
  12:37:14.937   866.3    -8.3      0.5   738.3   901.6
  12:37:14.984   868.7    -8.3      0.5   740.8   891.6
  12:37:15.031   871.0    -8.3      0.5   743.1   901.7
  12:37:15.062   873.5    -8.2      0.5   745.5   901.7
  12:37:15.109   875.7    -8.2      0.5   747.8   891.7
  12:37:15.156   878.0    -8.2      0.5   750.1   891.7
  12:37:15.203   878.0    -8.2      0.5   750.2   881.7
  12:37:15.250   880.3    -8.2      0.5   752.5   881.7
  12:37:15.281   882.6    -8.2      0.5   754.8   881.8
  12:37:15.328   884.9    -8.1      0.5   757.2   881.8
  12:37:15.375   887.3    -8.1      0.5   759.6   871.8
  12:37:15.421   889.7    -8.1      0.5   762.0   881.8
  12:37:15.453   892.1    -8.1      0.5   764.4   881.8
  12:37:15.500   892.1    -8.1      0.5   764.4   871.8
  12:37:15.546   894.9    -8.0      0.5   767.2   871.9
  12:37:15.593   897.5    -8.0      0.5   769.9   861.9
  12:37:15.625   899.8    -8.0      0.5   772.4   841.9
  12:37:15.687   902.2    -8.0      0.5   774.7   841.9
  12:37:15.718   905.2    -8.0      0.5   778.1   812.0
  12:37:15.765   905.2    -8.0      0.5   778.5   762.0
  12:37:15.796   907.6    -7.9      0.5   780.8   762.0
  12:37:15.843   910.0    -7.9      0.5   784.2   652.0
  12:37:15.890   912.3    -7.9      0.5   786.8   622.0
  12:37:15.937   914.7    -7.9      0.5   789.2   622.1
  12:37:15.968   917.0    -7.9      0.5   791.6   602.1
  12:37:16.015   919.3    -7.8      0.5   794.1   592.1
  12:37:16.046   921.6    -7.8      0.5   796.3   602.1
  12:37:16.109   921.6    -7.8      0.5   796.3   602.1
  12:37:16.140   925.0    -7.8      0.5   799.7   602.1
  12:37:16.187   927.2    -7.8      0.5   801.8   602.2
  12:37:16.234   929.4    -7.7      0.5   804.0   602.2
  12:37:16.265   931.7    -7.7      0.5   806.4   602.2
  12:37:16.312   934.1    -7.7      0.5   808.8   602.2
  12:37:16.359   936.4    -7.7      0.5   811.1   602.2
  12:37:16.406   936.4    -7.7      0.5   811.1   602.2
  12:37:16.437   938.8    -7.7      0.5   813.5   602.3
  12:37:16.484   941.1    -7.6      0.5   815.8   602.3
  12:37:16.531   943.5    -7.6      0.5   818.1   602.3
  12:37:16.578   945.8    -7.6      0.5   820.4   602.3
  12:37:16.609   948.2    -7.6      0.5   822.8   612.3
  12:37:16.656   950.6    -7.6      0.5   825.2   602.4
  12:37:16.703   952.9    -7.5      0.5   827.5   612.4
  12:37:16.750   955.2    -7.5      0.5   829.8   612.4
  12:37:16.781   957.5    -7.5      0.5   832.2   602.4
  12:37:16.828   957.5    -7.5      0.5   832.1   612.4
  12:37:16.875   959.8    -7.5      0.5   834.4   612.4
  12:37:16.921   962.2    -7.5      0.5   836.7   612.5
  12:37:16.953   964.6    -7.4      0.5   839.2   612.5
  12:37:17.000   966.9    -7.4      0.5   841.5   612.5
  12:37:17.046   969.2    -7.4      0.5   843.8   612.5
  12:37:17.093   971.7    -7.4      0.5   846.3   612.6
  12:37:17.140   973.9    -7.4      0.5   848.4   612.6
  12:37:17.171   976.2    -7.3      0.5   850.8   612.6
  12:37:17.218   978.5    -7.3      0.5   853.1   612.6
  12:37:17.265   980.8    -7.3      0.5   855.3   622.6
  12:37:17.296   980.8    -7.3      0.5   855.4   612.6
  12:37:17.359   983.3    -7.3      0.5   857.8   622.7
  12:37:17.390   985.6    -7.3      0.5   860.1   622.7
  12:37:17.437   987.9    -7.2      0.5   862.4   622.7
  12:37:17.484   990.3    -7.2      0.5   864.7   622.7
  12:37:17.515   992.6    -7.2      0.5   867.0   622.7
  12:37:17.562   994.9    -7.2      0.5   869.4   622.8
  12:37:17.609   997.3    -7.2      0.5   871.8   622.8
  12:37:17.656   999.7    -7.1      0.5   874.2   622.8
  12:37:17.703   999.7    -7.1      0.5   874.2   622.8
  12:37:17.734  1001.9    -7.1      0.5   876.4   622.8
  12:37:17.781  1004.2    -7.1      0.5   878.7   622.8
  12:37:17.828  1006.7    -7.1      0.5   881.2   622.9
  12:37:17.859  1009.0    -7.1      0.5   883.4   632.9
  12:37:17.906  1011.2    -7.0      0.5   885.7   632.9
  12:37:17.953  1013.7    -7.0      0.5   888.2   622.9
  12:37:18.000  1016.0    -7.0      0.5   890.5   632.9
  12:37:18.031  1018.3    -7.0      0.5   892.8   633.0
  12:37:18.078  1020.7    -6.9      0.5   895.1   633.0
  12:37:18.109  1020.7    -6.9      0.5   895.1   633.0
  12:37:18.156  1023.1    -6.9      0.5   897.5   633.0
  12:37:18.187  1025.3    -6.9      0.5   899.7   633.0
  12:37:18.234  1027.8    -6.9      0.5   902.2   633.0
  12:37:18.265  1029.9    -6.9      0.5   904.4   633.1
  12:37:18.312  1029.9    -6.9      0.5   904.4   633.1
  12:37:18.359  1032.7    -6.8      0.5   907.1   633.1
  12:37:18.406  1034.8    -6.8      0.5   909.2   633.1
  12:37:18.437  1037.0    -6.8      0.5   911.4   633.1
  12:37:18.484  1039.3    -6.8      0.5   913.6   643.1
  12:37:18.531  1041.8    -6.8      0.5   916.1   643.2
  12:37:18.578  1044.1    -6.7      0.5   918.4   643.2
  12:37:18.609  1046.4    -6.7      0.5   920.7   643.2
  12:37:18.656  1048.7    -6.7      0.5   923.0   643.2
  12:37:18.703  1048.7    -6.7      0.5   923.0   643.2
  12:37:18.750  1051.1    -6.7      0.5   925.5   643.2
  12:37:18.781  1053.4    -6.7      0.5   927.7   643.3
  12:37:18.828  1055.8    -6.6      0.5   930.1   643.3
  12:37:18.875  1058.1    -6.6      0.5   932.4   643.3
  12:37:18.921  1060.4    -6.6      0.5   934.8   643.3
  12:37:18.953  1062.8    -6.6      0.5   937.1   643.3
  12:37:19.000  1065.2    -6.6      0.5   939.5   643.4
  12:37:19.046  1067.6    -6.5      0.5   941.9   643.4
  12:37:19.062  1067.6    -6.5      0.5   941.9   643.4
  12:37:19.109  1069.7    -6.5      0.5   944.0   653.4
  12:37:19.156  1072.1    -6.5      0.5   946.5   643.4
  12:37:19.203  1074.5    -6.5      0.5   948.8   643.4
  12:37:19.234  1076.8    -6.5      0.5   951.1   643.5
  12:37:19.281  1079.2    -6.4      0.5   953.5   643.5
  12:37:19.328  1081.5    -6.4      0.5   955.9   643.5
  12:37:19.375  1081.5    -6.4      0.5   955.8   653.5
  12:37:19.406  1083.9    -6.4      0.5   958.2   653.5
  12:37:19.453  1086.1    -6.4      0.5   960.4   643.5
  12:37:19.500  1088.5    -6.4      0.5   962.7   653.6
  12:37:19.546  1090.8    -6.3      0.5   965.0   663.6
  12:37:19.578  1093.4    -6.3      0.5   967.5   663.6
  12:37:19.609  1095.5    -6.3      0.5   969.6   663.6
  12:37:19.656  1095.5    -6.3      0.5   969.7   653.6
  12:37:19.703  1097.8    -6.3      0.5   972.1   653.7
  12:37:19.750  1100.2    -6.3      0.5   974.4   663.7
  12:37:19.781  1103.3    -6.2      0.5   977.4   663.7
  12:37:19.828  1105.6    -6.2      0.5   979.9   653.7
  12:37:19.875  1107.9    -6.2      0.5   982.1   663.7
  12:37:19.921  1110.4    -6.2      0.5   984.5   663.8
  12:37:19.953  1110.4    -6.2      0.5   984.5   663.8
  12:37:20.000  1112.6    -6.1      0.5   986.8   663.8
  12:37:20.046  1115.0    -6.1      0.5   989.1   663.8
  12:37:20.093  1117.4    -6.1      0.5   991.5   663.8
  12:37:20.140  1119.8    -6.1      0.5   993.9   663.8
  12:37:20.171  1122.0    -6.1      0.5   996.2   663.9
  12:37:20.218  1124.4    -6.0      0.5   998.5   663.9
  12:37:20.265  1126.7    -6.0      0.5  1000.9   663.9
  12:37:20.296  1129.0    -6.0      0.5  1003.1   663.9
  12:37:20.359  1131.3    -6.0      0.5  1005.5   663.9
  12:37:20.390  1133.7    -6.0      0.5  1007.8   674.0
  12:37:20.437  1133.7    -6.0      0.5  1007.9   664.0
  12:37:20.484  1136.0    -5.9      0.5  1010.2   664.0
  12:37:20.515  1138.5    -5.9      0.5  1012.5   674.0
  12:37:20.562  1140.8    -5.9      0.5  1014.9   674.0
  12:37:20.609  1143.1    -5.9      0.5  1017.2   674.0
  12:37:20.656  1145.4    -5.9      0.5  1019.4   674.1
  12:37:20.687  1147.7    -5.8      0.5  1021.7   674.1
  12:37:20.734  1150.1    -5.8      0.5  1024.2   674.1
  12:37:20.781  1150.1    -5.8      0.5  1024.1   684.1
  12:37:20.812  1153.1    -5.8      0.5  1027.1   684.1
  12:37:20.859  1155.5    -5.8      0.5  1029.4   684.2
  12:37:20.906  1157.8    -5.8      0.5  1031.8   684.2
  12:37:20.968  1160.2    -5.7      0.5  1034.1   684.2
  12:37:20.984  1162.5    -5.7      0.5  1036.5   684.2
  12:37:21.031  1164.9    -5.7      0.5  1038.8   694.2
  12:37:21.078  1167.3    -5.7      0.5  1041.3   684.3
  12:37:21.125  1169.6    -5.6      0.5  1043.5   684.3
  12:37:21.171  1169.6    -5.6      0.5  1043.5   684.3
  12:37:21.218  1172.7    -5.6      0.5  1046.6   694.3
  12:37:21.250  1175.0    -5.6      0.5  1048.9   694.3
  12:37:21.296  1177.5    -5.6      0.5  1051.3   694.3
  12:37:21.343  1179.7    -5.6      0.5  1053.5   704.4
  12:37:21.390  1182.1    -5.5      0.5  1055.9   704.4
  12:37:21.421  1182.1    -5.5      0.5  1055.9   704.4
  12:37:21.468  1184.3    -5.5      0.5  1058.1   704.4
  12:37:21.515  1186.7    -5.5      0.5  1060.5   704.4
  12:37:21.578  1189.1    -5.5      0.5  1062.9   704.4
  12:37:21.593  1191.7    -5.5      0.5  1065.4   714.5
  12:37:21.640  1194.5    -5.4      0.5  1068.2   714.5
  12:37:21.687  1196.8    -5.4      0.5  1070.5   714.5
  12:37:21.734  1196.8    -5.4      0.5  1070.5   714.5
  12:37:21.765  1199.2    -5.4      0.5  1072.9   714.5
  12:37:21.812  1201.6    -5.4      0.5  1075.3   714.6
  12:37:21.843  1203.9    -5.3      0.5  1077.5   724.6
  12:37:21.875  1203.9    -5.3      0.5  1077.6   714.6
  12:37:21.906  1206.3    -5.3      0.5  1079.9   724.6
  12:37:22.000  1211.0    -5.3      0.5  1084.6   724.6
  12:37:22.046  1213.3    -5.3      0.5  1086.9   724.7
  12:37:22.093  1215.6    -5.2      0.5  1089.1   734.7
  12:37:22.140  1217.9    -5.2      0.5  1091.4   734.7
  12:37:22.171  1220.3    -5.2      0.5  1093.8   734.7
  12:37:22.218  1222.6    -5.2      0.5  1096.1   734.7
  12:37:22.265  1222.6    -5.2      0.5  1096.0   744.7
  12:37:22.296  1224.9    -5.2      0.5  1098.5   734.8
  12:37:22.343  1227.3    -5.1      0.5  1100.7   744.8
  12:37:22.390  1229.6    -5.1      0.5  1103.0   744.8
  12:37:22.437  1232.0    -5.1      0.5  1105.4   744.8
  12:37:22.484  1234.4    -5.1      0.5  1107.8   744.8
  12:37:22.515  1236.8    -5.1      0.5  1110.1   754.9
  12:37:22.562  1238.9    -5.0      0.5  1112.2   754.9
  12:37:22.609  1241.2    -5.0      0.5  1114.5   764.9
  12:37:22.640  1243.6    -5.0      0.5  1116.9   764.9
  12:37:22.687  1243.6    -5.0      0.5  1116.9   754.9
  12:37:22.734  1246.0    -5.0      0.5  1119.3   754.9
  12:37:22.781  1248.3    -5.0      0.5  1121.6   765.0
  12:37:22.812  1250.7    -4.9      0.5  1123.9   765.0
  12:37:22.859  1253.1    -4.9      0.5  1126.4   765.0
  12:37:22.906  1255.3    -4.9      0.5  1128.6   765.0
  12:37:22.953  1257.7    -4.9      0.5  1131.0   765.0
  12:37:23.000  1260.0    -4.9      0.5  1133.2   775.1
  12:37:23.031  1262.4    -4.8      0.5  1135.5   785.1
  12:37:23.078  1264.6    -4.8      0.5  1137.8   775.1
  12:37:23.125  1267.1    -4.8      0.5  1140.2   775.1
  12:37:23.171  1267.1    -4.8      0.5  1140.2   775.1
  12:37:23.203  1269.4    -4.8      0.5  1142.5   775.1
  12:37:23.250  1271.7    -4.8      0.5  1144.8   785.2
  12:37:23.296  1274.0    -4.7      0.5  1147.0   795.2
  12:37:23.343  1276.4    -4.7      0.5  1149.5   785.2
  12:37:23.375  1278.7    -4.7      0.5  1151.7   795.2
  12:37:23.421  1281.2    -4.7      0.5  1154.2   795.2
  12:37:23.468  1283.4    -4.7      0.5  1156.4   795.3
  12:37:23.515  1285.7    -4.6      0.5  1158.8   795.3
  12:37:23.562  1288.0    -4.6      0.5  1161.1   795.3
  12:37:23.593  1288.0    -4.6      0.5  1161.1   795.3
  12:37:23.640  1290.3    -4.6      0.5  1163.3   805.3
  12:37:23.687  1293.5    -4.6      0.5  1166.5   805.4
  12:37:23.718  1295.9    -4.5      0.5  1168.9   795.4
  12:37:23.765  1298.2    -4.5      0.5  1171.1   805.4
  12:37:23.812  1298.2    -4.5      0.5  1171.0   815.4
  12:37:23.859  1301.6    -4.5      0.5  1174.5   815.4
  12:37:23.890  1303.7    -4.5      0.5  1176.6   815.4
  12:37:23.937  1305.9    -4.5      0.5  1178.7   825.5
  12:37:23.984  1308.3    -4.4      0.5  1181.1   825.5
  12:37:24.031  1310.7    -4.4      0.5  1183.4   825.5
  12:37:24.078  1312.9    -4.4      0.5  1185.7   825.5
  12:37:24.109  1315.4    -4.4      0.5  1188.2   825.5
  12:37:24.140  1315.4    -4.4      0.5  1188.2   825.5
  12:37:24.187  1317.8    -4.4      0.5  1190.6   815.6
  12:37:24.234  1320.1    -4.3      0.5  1192.9   815.6
  12:37:24.281  1323.1    -4.3      0.5  1195.7   845.6
  12:37:24.312  1323.1    -4.3      0.5  1195.7   845.6
  12:37:24.359  1325.5    -4.3      0.5  1198.2   825.6
  12:37:24.390  1327.9    -4.3      0.5  1200.4   845.7
  12:37:24.437  1331.3    -4.2      0.5  1203.9   845.7
  12:37:24.484  1333.3    -4.2      0.5  1205.9   845.7
  12:37:24.531  1333.3    -4.2      0.5  1205.9   845.7
  12:37:24.562  1335.7    -4.2      0.5  1208.2   845.7
  12:37:24.609  1337.9    -4.2      0.5  1210.5   845.7
  12:37:24.656  1340.7    -4.2      0.5  1213.2   855.8
  12:37:24.687  1342.7    -4.1      0.5  1215.2   855.8
  12:37:24.734  1345.1    -4.1      0.5  1217.6   845.8
  12:37:24.781  1347.4    -4.1      0.5  1219.9   855.8
  12:37:24.828  1349.7    -4.1      0.5  1222.2   855.8
  12:37:24.859  1352.1    -4.1      0.5  1224.6   855.9
  12:37:24.906  1352.1    -4.1      0.5  1224.3   885.9
  12:37:24.953  1354.3    -4.0      0.5  1226.6   875.9
  12:37:25.000  1356.7    -4.0      0.5  1229.0   875.9
  12:37:25.031  1359.1    -4.0      0.5  1231.4   875.9
  12:37:25.078  1361.3    -4.0      0.5  1233.6   885.9
  12:37:25.125  1363.7    -4.0      0.5  1235.9   886.0
  12:37:25.171  1366.0    -3.9      0.5  1238.2   886.0
  12:37:25.218  1368.3    -3.9      0.5  1240.5   886.0
  12:37:25.250  1370.7    -3.9      0.5  1242.9   886.0
  12:37:25.296  1373.0    -3.9      0.5  1245.2   886.0
  12:37:25.343  1373.0    -3.9      0.5  1245.2   886.0
  12:37:25.390  1375.4    -3.9      0.5  1247.7   886.1
  12:37:25.421  1377.7    -3.8      0.5  1249.9   896.1
  12:37:25.468  1380.0    -3.8      0.5  1252.1   906.1
  12:37:25.515  1382.4    -3.8      0.5  1254.5   906.1
  12:37:25.562  1384.7    -3.8      0.5  1254.8  1136.1
  12:37:25.593  1387.1    -3.8      0.5  1256.4  1226.2
  12:37:25.640  1389.5    -3.7      0.5  1258.7  1226.2
  12:37:25.671  1391.8    -3.7      0.5  1260.3  1306.2
  12:37:56.531  1838.5   736.1     90.0   867.5   615.8
  12:37:56.562  1838.5   736.1     90.0   867.5   615.8
  12:37:56.609  1838.5   738.4     90.0   857.5   618.1
  12:37:56.656  1838.5   740.7     90.0   867.5   620.4
  12:37:56.703  1838.5   743.0     90.0   867.5   622.7
  12:37:56.750  1838.5   745.4     90.0   867.5   625.1
  12:37:56.781  1838.5   747.6     90.0   897.5   627.3
  12:37:56.828  1838.5   750.0     90.0   897.5   629.7
  12:37:56.875  1838.5   752.3     90.0   897.5   632.0
  12:37:56.906  1838.5   755.1     90.0   917.5   634.8
  12:37:56.953  1838.5   757.1     90.0   937.5   636.8
  12:37:57.000  1838.5   757.1     90.0   917.5   636.8
  12:37:57.046  1838.5   759.4     90.0   937.5   639.1
  12:37:57.078  1838.5   761.8     90.0   937.5   641.5
  12:37:57.125  1838.5   764.0     90.0   937.5   643.8
  12:37:57.171  1838.5   766.4     90.0   937.5   646.1
  12:37:57.218  1838.5   768.6     90.0   937.5   648.4
  12:37:57.265  1838.5   771.0     90.0   937.5   650.7
  12:37:57.312  1838.5   773.4     90.0   977.5   653.1
  12:37:57.343  1838.5   775.8     90.0   977.5   655.5
  12:37:57.390  1838.5   778.1     90.0   977.5   657.9
  12:37:57.437  1838.5   780.4     90.0   957.5   660.1
  12:37:57.484  1838.5   780.4     90.0   977.5   660.1
  12:37:57.546  1838.5   785.1     90.0   977.5   664.8
  12:37:57.562  1838.5   785.1     90.0   987.5   664.8
  12:37:57.609  1838.5   787.4     90.0   987.5   667.2
  12:37:57.656  1838.5   789.9     90.0   917.5   669.6
  12:37:57.703  1838.5   792.1     90.0   987.5   671.9
  12:37:57.734  1838.5   794.5     90.0   987.5   674.2
  12:37:57.781  1838.5   796.9     90.0   987.5   676.6
  12:37:57.828  1838.5   799.2     90.0  1027.5   678.9
  12:37:57.875  1838.5   801.4     90.0  1027.5   681.2
  12:37:57.921  1838.5   803.8     90.0  1027.5   683.6
  12:37:57.953  1838.5   803.8     90.0  1037.5   683.6
  12:37:58.000  1838.5   806.2     90.0  1037.5   686.0
  12:37:58.031  1838.5   808.5     90.0  1037.5   688.2
  12:37:58.078  1838.5   810.9     90.0  1057.5   690.6
  12:37:58.125  1838.5   813.2     90.0  1057.5   693.0
  12:37:58.171  1838.5   816.1     90.0  1057.5   695.8
  12:37:58.218  1838.5   816.1     90.0  1067.5   695.8
  12:37:58.250  1838.5   818.7     90.0  1067.5   698.5
  12:37:58.296  1838.5   821.0     90.0  1057.5   700.8
  12:37:58.343  1838.5   823.3     90.0  1067.5   703.1
  12:37:58.390  1838.5   825.7     90.0  1067.5   705.4
  12:37:58.437  1838.4   828.1     90.0  1067.5   707.9
  12:37:58.468  1838.4   830.3     90.0  1067.5   710.0
  12:37:58.515  1838.4   832.7     90.0  1067.5   712.4
  12:37:58.562  1838.4   835.0     90.0  1067.5   714.8
  12:37:58.609  1838.4   837.4     90.0  1077.5   717.1
  12:37:58.640  1838.4   839.7     90.0  1077.5   719.5
  12:37:58.687  1838.4   839.7     90.0  1077.5   719.5
  12:37:58.734  1838.4   842.1     90.0  1077.5   721.8
  12:37:58.781  1838.4   844.4     90.0  1077.5   724.1
  12:37:58.828  1838.4   846.6     90.0  1077.5   726.4
  12:37:58.859  1838.4   849.0     90.0  1097.5   728.8
  12:37:58.906  1838.4   851.4     90.0  1097.5   731.2
  12:37:58.953  1838.4   853.7     90.0  1087.5   733.5
  12:37:59.000  1838.4   856.0     90.0  1097.5   735.8
  12:37:59.031  1838.4   858.4     90.0  1097.5   738.2
  12:37:59.078  1838.4   860.8     90.0  1097.5   740.5
  12:37:59.125  1838.4   863.0     90.0  1097.5   742.7
  12:37:59.171  1838.4   863.0     90.0  1107.5   742.8
  12:37:59.218  1838.4   865.3     90.0  1107.5   745.1
  12:37:59.250  1838.4   867.7     90.0  1107.5   747.5
  12:37:59.296  1838.4   870.1     90.0  1107.5   749.9
  12:37:59.359  1838.4   872.5     90.0  1107.5   752.2
  12:37:59.390  1838.4   875.0     90.0  1107.5   754.8
  12:37:59.437  1838.4   877.2     90.0  1107.5   756.9
  12:37:59.484  1838.4   879.5     90.0  1107.5   759.3
  12:37:59.515  1838.4   881.8     90.0  1117.5   761.6
  12:37:59.562  1838.4   881.8     90.0  1117.5   761.6
  12:37:59.609  1838.4   884.8     90.0  1117.5   764.5
  12:37:59.656  1838.4   887.2     90.0  1117.5   767.0
  12:37:59.687  1838.4   889.6     90.0  1117.5   769.3
  12:37:59.750  1838.4   891.9     90.0  1117.5   771.7
  12:37:59.781  1838.4   894.4     90.0  1127.5   774.1
  12:37:59.828  1838.4   896.7     90.0  1127.5   776.4
  12:37:59.859  1838.4   899.0     90.0  1127.5   778.7
  12:37:59.906  1838.4   901.3     90.0  1137.5   781.1
  12:37:59.953  1838.4   901.3     90.0  1137.5   781.1
  12:38:00.000  1838.4   903.6     90.0  1137.5   783.4
  12:38:00.046  1838.4   905.9     90.0  1137.5   785.7
  12:38:00.078  1838.4   908.3     90.0  1137.5   788.1
  12:38:00.125  1838.4   910.6     90.0  1137.5   790.4
  12:38:00.171  1838.4   913.0     90.0  1137.5   792.8
  12:38:00.218  1838.4   915.3     90.0  1137.5   795.1
  12:38:00.250  1838.4   917.6     90.0  1137.5   797.4
  12:38:00.296  1838.4   920.0     90.0  1147.5   799.8
  12:38:00.343  1838.4   920.0     90.0  1147.5   799.8
  12:38:00.390  1838.4   922.3     90.0  1147.5   802.1
  12:38:00.421  1838.4   925.4     90.0  1147.5   805.2
  12:38:00.468  1838.4   927.8     90.0  1147.5   807.6
  12:38:00.500  1838.4   927.8     90.0  1147.5   807.6
  12:38:00.546  1838.4   930.1     90.0  1157.5   809.9
  12:38:00.593  1838.4   932.5     90.0  1157.5   812.3
  12:38:00.625  1838.4   934.7     90.0  1157.5   814.5
  12:38:00.671  1838.4   937.1     90.0  1157.5   816.9
  12:38:00.718  1838.4   939.4     90.0  1157.5   819.2
  12:38:00.750  1838.4   941.8     90.0  1157.5   821.6
  12:38:00.796  1838.4   944.2     90.0  1167.5   824.0
  12:38:00.843  1838.4   946.5     90.0  1167.5   826.3
  12:38:00.890  1838.4   948.9     90.0  1167.4   828.6
  12:38:00.937  1838.4   951.2     90.0  1167.4   831.0
  12:38:00.968  1838.4   951.2     90.0  1167.4   831.0
  12:38:01.015  1838.4   953.6     90.0  1167.4   833.4
  12:38:01.062  1838.4   955.9     90.0  1167.4   835.6
  12:38:01.109  1838.4   958.1     90.0  1177.4   837.9
  12:38:01.140  1838.4   960.5     90.0  1177.4   840.3
  12:38:01.187  1838.4   963.1     90.0  1177.4   842.9
  12:38:01.234  1838.4   965.3     90.0  1177.4   845.1
  12:38:01.265  1838.4   967.6     90.0  1177.4   847.4
  12:38:01.328  1838.4   969.9     90.0  1187.4   849.7
  12:38:01.359  1838.4   972.2     90.0  1187.4   852.0
  12:38:01.406  1838.4   972.2     90.0  1187.4   852.0
  12:38:01.453  1838.4   974.7     90.0  1187.4   854.5
  12:38:01.500  1838.4   976.9     90.0  1187.4   856.7
  12:38:01.531  1838.4   979.3     90.0  1187.4   859.1
  12:38:01.578  1838.4   981.7     90.0  1197.4   861.5
  12:38:01.625  1838.4   984.0     90.0  1197.4   863.8
  12:38:01.656  1838.4   986.3     90.0  1197.4   866.1
  12:38:01.703  1838.4   988.5     90.0  1197.4   868.3
  12:38:01.750  1838.4   990.9     90.0  1197.4   870.7
  12:38:01.796  1838.4   990.9     90.0  1197.4   870.7
  12:38:01.828  1838.4   993.3     90.0  1197.4   873.1
  12:38:01.875  1838.4   995.6     90.0  1207.4   875.4
  12:38:01.921  1838.4   998.0     90.0  1207.4   877.8
  12:38:01.968  1838.4  1000.2     90.0  1207.4   880.0
  12:38:02.015  1838.4  1002.8     90.0  1207.4   882.6
  12:38:02.046  1838.4  1005.0     90.0  1207.4   884.8
  12:38:02.093  1838.4  1007.3     90.0  1207.4   887.1
  12:38:02.140  1838.4  1009.6     90.0  1217.4   889.4
  12:38:02.187  1838.4  1012.0     90.0  1217.4   891.8
  12:38:02.218  1838.4  1014.6     90.0  1217.4   894.4
  12:38:02.265  1838.4  1014.6     90.0  1217.4   894.4
  12:38:02.312  1838.4  1016.7     90.0  1217.4   896.5
  12:38:02.359  1838.4  1019.0     90.0  1217.4   898.8
  12:38:02.406  1838.4  1021.3     90.0  1227.4   901.1
  12:38:02.437  1838.4  1024.0     90.0  1227.4   903.8
  12:38:02.484  1838.4  1026.1     90.0  1227.4   905.9
  12:38:02.531  1838.4  1028.4     90.0  1227.4   908.2
  12:38:02.578  1838.4  1030.7     90.0  1227.4   910.5
  12:38:02.609  1838.4  1033.0     90.0  1227.4   912.8
  12:38:02.656  1838.4  1035.3     90.0  1227.4   915.1
  12:38:02.703  1838.4  1035.3     90.0  1227.4   915.1
  12:38:02.750  1838.4  1037.8     90.0  1237.4   917.6
  12:38:02.781  1838.4  1040.0     90.0  1237.4   919.8
  12:38:02.828  1838.4  1042.4     90.0  1237.4   922.2
  12:38:02.875  1838.4  1045.5     90.0  1237.4   925.3
  12:38:02.921  1838.4  1047.8     90.0  1237.4   927.7
  12:38:02.953  1838.4  1050.2     90.0  1237.4   930.0
  12:38:03.000  1838.4  1050.2     90.0  1247.4   930.0
  12:38:03.046  1838.4  1052.7     90.0  1247.4   932.5
  12:38:03.093  1838.4  1054.9     90.0  1247.4   934.7
  12:38:03.125  1838.4  1057.3     90.0  1247.4   937.1
  12:38:03.171  1838.4  1059.5     90.0  1247.4   939.3
  12:38:03.218  1838.4  1061.8     90.0  1247.4   941.6
  12:38:03.265  1838.4  1064.2     90.0  1247.4   944.0
  12:38:03.296  1838.4  1066.6     90.0  1257.4   946.4
  12:38:03.343  1838.4  1068.9     90.0  1257.4   948.7
  12:38:03.390  1838.4  1071.3     90.0  1257.4   951.1
  12:38:03.437  1838.4  1071.3     90.0  1257.4   951.1
  12:38:03.484  1838.4  1073.9     90.0  1257.4   953.7
  12:38:03.515  1838.4  1076.0     90.0  1257.4   955.8
  12:38:03.562  1838.4  1078.2     90.0  1257.4   958.0
  12:38:03.625  1838.4  1080.6     90.0  1257.4   960.4
  12:38:03.656  1838.4  1083.4     90.0  1267.4   963.2
  12:38:03.687  1838.4  1085.3     90.0  1267.4   965.1
  12:38:03.750  1838.4  1087.7     90.0  1257.4   967.5
  12:38:03.781  1838.4  1089.9     90.0  1257.4   969.8
  12:38:03.828  1838.4  1092.4     90.0  1257.4   972.2
  12:38:03.859  1838.4  1092.4     90.0  1257.4   972.2
  12:38:03.906  1838.4  1094.6     90.0  1257.4   974.4
  12:38:03.953  1838.4  1097.0     90.0  1257.4   976.8
  12:38:04.000  1838.4  1099.3     90.0  1257.4   979.1
  12:38:04.031  1838.4  1101.9     90.0  1247.4   981.7
  12:38:04.078  1838.4  1104.0     90.0  1247.4   983.8
  12:38:04.125  1838.4  1106.2     90.0  1247.4   986.1
  12:38:04.171  1838.4  1108.6     90.0  1247.4   988.4
  12:38:04.218  1838.4  1111.0     90.0  1247.4   990.8
  12:38:04.250  1838.4  1113.3     90.0  1237.4   993.1
  12:38:04.296  1838.4  1113.3     90.0  1237.4   993.1
  12:38:04.343  1838.4  1115.7     90.0  1237.4   995.5
  12:38:04.390  1838.4  1118.0     90.0  1227.4   997.8
  12:38:04.421  1838.4  1120.4     90.0  1227.4  1000.2
  12:38:04.484  1838.4  1122.7     90.0  1227.4  1002.5
  12:38:04.515  1838.4  1125.1     90.0  1227.4  1004.9
  12:38:04.562  1838.4  1127.4     90.0  1227.4  1007.2
  12:38:04.609  1838.4  1129.7     90.0  1227.4  1009.5
  12:38:04.640  1838.4  1132.1     90.0  1227.4  1011.9
  12:38:04.687  1838.4  1134.4     90.0  1217.4  1014.2
  12:38:04.734  1838.4  1136.7     90.0  1217.4  1016.5
  12:38:04.765  1838.4  1136.7     90.0  1217.4  1016.5
  12:38:04.812  1838.4  1139.0     90.0  1207.4  1018.9
  12:38:04.859  1838.4  1141.5     90.0  1207.4  1021.3
  12:38:04.890  1838.4  1143.7     90.0  1207.4  1023.5
  12:38:04.937  1838.3  1146.0     90.0  1207.4  1025.8
  12:38:04.984  1838.3  1148.5     90.0  1207.4  1028.3
  12:38:05.031  1838.3  1150.8     90.0  1197.4  1030.6
  12:38:05.078  1838.3  1153.0     90.0  1197.4  1032.8
  12:38:05.109  1838.3  1153.0     90.0  1197.4  1032.8
  12:38:05.156  1838.3  1155.4     90.0  1197.4  1035.2
  12:38:05.203  1838.3  1157.8     90.0  1197.4  1037.6
  12:38:05.234  1838.3  1160.2     90.0  1197.4  1040.0
  12:38:05.281  1838.3  1162.4     90.0  1197.4  1042.2
  12:38:05.328  1838.3  1164.8     90.0  1187.4  1044.6
  12:38:05.375  1838.3  1167.2     90.0  1187.4  1047.0
  12:38:05.421  1838.3  1169.5     90.0  1187.4  1049.3
  12:38:05.468  1838.3  1171.9     90.0  1177.4  1051.7
  12:38:05.500  1838.3  1174.2     90.0  1177.4  1054.0
  12:38:05.546  1838.3  1176.5     90.0  1177.4  1056.3
  12:38:05.593  1838.3  1178.9     90.0  1167.4  1058.7
  12:38:05.625  1838.3  1178.9     90.0  1167.4  1058.7
  12:38:05.671  1838.3  1181.2     90.0  1167.4  1061.0
  12:38:05.718  1838.3  1183.5     90.0  1167.4  1063.3
  12:38:05.765  1838.3  1185.9     90.0  1167.4  1065.7
  12:38:05.812  1838.3  1188.3     90.0  1167.4  1068.1
  12:38:05.843  1838.3  1190.6     90.0  1157.4  1070.4
  12:38:05.890  1838.3  1192.9     90.0  1157.4  1072.7
  12:38:05.937  1838.3  1195.2     90.0  1157.4  1075.0
  12:38:05.984  1838.3  1197.6     90.0  1157.4  1077.4
  12:38:06.015  1838.3  1197.6     90.0  1157.4  1077.4
  12:38:06.062  1838.3  1199.9     90.0  1157.4  1079.7
  12:38:06.109  1838.3  1202.3     90.0  1147.4  1082.1
  12:38:06.156  1838.3  1204.6     90.0  1147.4  1084.4
  12:38:06.187  1838.3  1206.9     90.0  1137.4  1086.7
  12:38:06.234  1838.3  1209.4     90.0  1137.4  1089.2
  12:38:06.281  1838.3  1211.5     90.0  1137.4  1091.3
  12:38:06.312  1838.3  1213.9     90.0  1137.4  1093.7
  12:38:06.359  1838.3  1216.2     90.0  1137.4  1096.0
  12:38:06.406  1838.3  1218.7     90.0  1137.4  1098.5
  12:38:06.468  1838.3  1220.9     90.0  1137.4  1100.7
  12:38:06.500  1838.3  1220.9     90.0  1127.4  1100.7
  12:38:06.546  1838.3  1223.3     90.0  1127.4  1103.1
  12:38:06.578  1838.3  1225.6     90.0  1117.4  1105.4
  12:38:06.625  1838.3  1227.9     90.0  1117.4  1107.7
  12:38:06.671  1838.3  1230.3     90.0  1117.4  1110.1
  12:38:06.718  1838.3  1232.8     90.0  1117.4  1112.6
  12:38:06.765  1838.3  1234.9     90.0  1107.4  1114.7
  12:38:06.796  1838.3  1237.3     90.0  1107.4  1117.1
  12:38:06.843  1838.3  1239.6     90.0  1107.4  1119.4
  12:38:06.890  1838.3  1239.6     90.0  1107.4  1119.4
  12:38:06.937  1838.3  1242.6     90.0  1107.4  1122.4
  12:38:06.968  1838.3  1245.1     90.0  1097.4  1124.9
  12:38:07.015  1838.3  1247.4     90.0  1097.4  1127.1
  12:38:07.062  1838.3  1249.8     90.0  1107.4  1129.6
  12:38:07.109  1838.3  1249.8     90.0  1097.4  1129.6
  12:38:07.140  1838.3  1252.9     90.0  1097.4  1132.7
  12:38:07.187  1838.3  1255.2     90.0  1097.4  1135.0
  12:38:07.234  1838.3  1257.6     90.0  1087.4  1137.4
  12:38:07.265  1838.3  1260.0     90.0  1097.4  1139.7
  12:38:07.312  1838.3  1262.3     90.0  1097.4  1142.1
  12:38:07.359  1838.3  1264.5     90.0  1077.4  1144.3
  12:38:07.406  1838.3  1266.9     90.0  1077.3  1146.6
  12:38:07.453  1838.3  1269.3     90.0  1077.3  1149.1
  12:38:07.484  1838.3  1269.3     90.0  1077.3  1149.1
  12:38:07.531  1838.3  1271.6     90.0  1077.3  1151.4
  12:38:07.578  1838.3  1274.0     90.0  1077.3  1153.8
  12:38:07.625  1838.3  1276.2     90.0  1067.3  1156.0
  12:38:07.656  1838.3  1278.7     90.0  1067.3  1158.4
  12:38:07.703  1838.3  1280.9     90.0  1077.3  1160.7
  12:38:07.750  1838.3  1283.4     90.0  1067.3  1163.1
  12:38:07.796  1838.3  1285.7     90.0  1057.3  1165.4
  12:38:07.828  1838.3  1288.0     90.0  1057.3  1167.8
  12:38:07.875  1838.3  1288.0     90.0  1057.3  1167.8
  12:38:07.921  1838.3  1290.7     90.0  1057.3  1170.5
  12:38:07.968  1838.3  1292.7     90.0  1057.3  1172.5
  12:38:08.000  1838.3  1295.1     90.0  1057.3  1174.8
  12:38:08.062  1838.3  1297.4     90.0  1037.3  1177.2
  12:38:08.093  1838.3  1299.7     90.0  1037.3  1179.5
  12:38:08.140  1838.3  1302.0     90.0  1037.3  1181.8
  12:38:08.187  1838.3  1304.4     90.0  1037.3  1184.1
  12:38:08.218  1838.3  1306.7     90.0  1037.3  1186.4
  12:38:08.265  1838.3  1309.1     90.0  1037.3  1188.8
  12:38:08.312  1838.3  1309.1     90.0  1037.3  1188.8
  12:38:08.359  1838.3  1312.2     90.0  1037.3  1192.0
  12:38:08.390  1838.3  1314.5     90.0  1037.3  1194.2
  12:38:08.421  1838.3  1316.8     90.0  1027.3  1196.6
  12:38:08.484  1838.3  1319.1     90.0  1027.3  1198.9
  12:38:08.515  1838.3  1321.6     90.0  1027.3  1201.3
  12:38:08.562  1838.3  1321.6     90.0  1017.3  1201.3
  12:38:08.609  1838.3  1323.9     90.0  1017.3  1203.6
  12:38:08.625  1838.3  1326.2     90.0  1007.3  1206.0
  12:38:08.671  1838.3  1328.5     90.0  1017.3  1208.2
  12:38:08.718  1838.3  1331.0     90.0  1017.3  1210.7
  12:38:08.765  1838.3  1333.2     90.0  1007.3  1213.0
  12:38:08.812  1838.3  1335.5     90.0   997.3  1215.3
  12:38:08.843  1838.3  1335.5     90.0   997.3  1215.3
  12:38:08.890  1838.3  1337.9     90.0   997.3  1217.6
  12:38:08.937  1838.3  1340.3     90.0  1007.3  1220.0
  12:38:08.968  1838.3  1342.6     90.0  1007.3  1222.3
  12:38:09.015  1838.3  1344.9     90.0   987.3  1224.7
  12:38:09.062  1838.3  1347.2     90.0   987.3  1226.9
  12:38:09.109  1838.3  1349.8     90.0   987.3  1229.6
  12:38:09.140  1838.3  1349.8     90.0   987.3  1229.6
  12:38:09.171  1838.3  1351.9     90.0   977.3  1231.6
  12:38:09.218  1838.3  1354.2     90.0   977.3  1234.0
  12:38:09.250  1838.3  1356.7     90.0   977.3  1236.4
  12:38:09.296  1838.3  1359.0     90.0   987.3  1238.7
  12:38:09.343  1838.3  1361.4     90.0   987.3  1241.1
  12:38:09.390  1838.3  1363.6     90.0   977.3  1243.4
  12:38:09.437  1838.3  1366.0     90.0   967.3  1245.8
  12:38:09.468  1838.3  1366.0     90.0   977.3  1245.8
  12:38:09.515  1838.3  1368.3     90.0   967.3  1248.0
  12:38:09.562  1838.3  1370.7     90.0   967.3  1250.4
  12:38:09.609  1838.3  1373.1     90.0   967.3  1252.8
  12:38:09.656  1838.3  1375.3     90.0   937.3  1255.0
  12:38:09.687  1838.3  1377.8     90.0   957.3  1257.5
  12:38:09.734  1838.3  1380.1     90.0   967.3  1259.9
  12:38:09.781  1838.3  1382.3     90.0   957.3  1262.0
  12:38:09.812  1838.3  1384.7     90.0   947.3  1264.4
  12:38:09.859  1838.3  1387.0     90.0   947.3  1266.7
  12:38:09.906  1838.3  1389.4     90.0   937.3  1269.1
  12:38:09.953  1838.3  1389.4     90.0   927.3  1269.1
  12:38:09.984  1838.3  1391.7     90.0   927.3  1271.5
  12:38:10.031  1838.3  1394.1     90.0   907.3  1273.9
  12:38:10.078  1838.3  1396.3     90.0   887.3  1276.0
  12:38:10.125  1838.3  1398.7     90.0   887.3  1278.4
  12:38:10.156  1838.3  1401.0     90.0   807.3  1280.7
  12:38:10.203  1838.3  1403.4     90.0   677.3  1283.0
  12:38:10.250  1838.3  1405.7     90.0   677.3  1285.4
  12:38:40.328  1139.5  1838.6   -180.0  1260.2   527.6
  12:38:40.375  1137.3  1838.6   -180.0  1257.9   767.6
  12:38:40.421  1137.3  1838.6   -180.0  1257.9   767.6
  12:38:40.453  1135.0  1838.6   -180.0  1255.5   957.6
  12:38:40.500  1132.6  1838.6   -180.0  1253.1   997.6
  12:38:40.515  1130.4  1838.6   -180.0  1250.8   997.6
  12:38:40.546  1130.4  1838.6   -180.0  1250.8   997.6
  12:38:40.609  1128.0  1838.6   -180.0  1248.4  1017.6
  12:38:40.640  1125.2  1838.6   -180.0  1245.6  1017.6
  12:38:40.687  1122.6  1838.6   -180.0  1243.0  1017.6
  12:38:40.734  1120.2  1838.6   -180.0  1240.7  1017.6
  12:38:40.765  1117.9  1838.5   -180.0  1238.3  1017.6
  12:38:40.812  1117.9  1838.5   -180.0  1238.3  1027.6
  12:38:40.843  1114.6  1838.5   -180.0  1235.0  1027.6
  12:38:40.875  1114.6  1838.5   -180.0  1235.0  1027.6
  12:38:40.921  1112.4  1838.5   -180.0  1232.8  1027.6
  12:38:40.953  1110.0  1838.5   -180.0  1230.4  1037.6
  12:38:41.000  1107.8  1838.5   -180.0  1228.2  1037.6
  12:38:41.046  1104.6  1838.5   -180.0  1225.0  1037.6
  12:38:41.093  1102.2  1838.5   -180.0  1222.6  1037.6
  12:38:41.125  1102.2  1838.5   -180.0  1222.6  1037.6
  12:38:41.171  1099.8  1838.5   -180.0  1220.2  1047.6
  12:38:41.218  1097.5  1838.5   -180.0  1217.9  1047.6
  12:38:41.265  1095.1  1838.5   -180.0  1215.5  1047.6
  12:38:41.296  1092.8  1838.5   -180.0  1213.2  1047.6
  12:38:41.343  1090.5  1838.5   -180.0  1210.9  1047.6
  12:38:41.375  1088.2  1838.5   -180.0  1208.6  1047.6
  12:38:41.421  1088.2  1838.5   -180.0  1208.6  1047.6
  12:38:41.468  1085.1  1838.5   -180.0  1205.5  1047.6
  12:38:41.515  1082.8  1838.5   -180.0  1203.2  1047.6
  12:38:41.546  1080.4  1838.5   -180.0  1200.8  1057.6
  12:38:41.593  1078.1  1838.5   -180.0  1198.5  1057.6
  12:38:41.640  1075.8  1838.5   -180.0  1196.2  1057.6
  12:38:41.671  1075.8  1838.5   -180.0  1196.2  1057.6
  12:38:41.718  1073.4  1838.5   -180.0  1193.7  1067.6
  12:38:41.765  1071.0  1838.5   -180.0  1191.4  1067.6
  12:38:41.812  1068.7  1838.5   -180.0  1189.1  1067.6
  12:38:41.859  1066.4  1838.5   -180.0  1186.8  1067.6
  12:38:41.890  1064.0  1838.5   -180.0  1184.4  1067.6
  12:38:41.937  1061.6  1838.5   -180.0  1182.0  1077.6
  12:38:41.984  1059.4  1838.5   -180.0  1179.8  1077.6
  12:38:42.015  1059.4  1838.5   -180.0  1179.8  1077.6
  12:38:42.062  1056.0  1838.5   -180.0  1176.3  1077.6
  12:38:42.109  1053.9  1838.5   -180.0  1174.2  1077.6
  12:38:42.156  1051.6  1838.5   -180.0  1172.0  1077.6
  12:38:42.203  1049.2  1838.5   -180.0  1169.6  1077.6
  12:38:42.234  1046.7  1838.5   -180.0  1167.0  1077.6
  12:38:42.281  1044.6  1838.5   -180.0  1165.0  1077.6
  12:38:42.328  1042.2  1838.5   -180.0  1162.6  1087.6
  12:38:42.359  1042.2  1838.5   -180.0  1162.6  1087.6
  12:38:42.406  1039.9  1838.5   -180.0  1160.3  1087.6
  12:38:42.453  1037.2  1838.5   -180.0  1157.6  1087.6
  12:38:42.500  1034.4  1838.5   -180.0  1154.8  1097.6
  12:38:42.546  1032.1  1838.5   -180.0  1152.5  1087.6
  12:38:42.578  1029.7  1838.5   -180.0  1150.1  1097.6
  12:38:42.625  1027.3  1838.5   -180.0  1147.7  1097.6
  12:38:42.671  1025.0  1838.5   -180.0  1145.4  1097.6
  12:38:42.718  1025.0  1838.5   -180.0  1145.4  1097.6
  12:38:42.750  1022.7  1838.5   -180.0  1143.1  1097.6
  12:38:42.828  1017.9  1838.5   -180.0  1138.3  1097.6
  12:38:42.843  1017.9  1838.5   -180.0  1138.3  1107.6
  12:38:42.890  1015.6  1838.5   -180.0  1136.0  1107.6
  12:38:42.937  1013.4  1838.5   -180.0  1133.8  1107.6
  12:38:42.968  1011.0  1838.5   -180.0  1131.4  1117.6
  12:38:43.015  1008.6  1838.5   -180.0  1129.0  1117.6
  12:38:43.062  1006.3  1838.5   -180.0  1126.7  1117.6
  12:38:43.093  1004.0  1838.5   -180.0  1124.3  1117.6
  12:38:43.140  1001.6  1838.5   -180.0  1122.0  1117.6
  12:38:43.187  1001.6  1838.5   -180.0  1122.0  1117.6
  12:38:43.234   999.3  1838.5   -180.0  1119.7  1117.5
  12:38:43.281   997.0  1838.5   -180.0  1117.4  1117.5
  12:38:43.312   994.6  1838.5   -180.0  1115.0  1117.5
  12:38:43.359   992.3  1838.5   -180.0  1112.7  1127.5
  12:38:43.406   990.0  1838.5   -180.0  1110.3  1127.5
  12:38:43.453   987.7  1838.5   -180.0  1108.1  1127.5
  12:38:43.484   985.3  1838.5   -180.0  1105.7  1127.5
  12:38:43.531   983.0  1838.5   -180.0  1103.3  1127.5
  12:38:43.578   983.0  1838.5   -180.0  1103.3  1127.5
  12:38:43.625   980.6  1838.5   -180.0  1101.0  1137.5
  12:38:43.656   978.2  1838.5   -180.0  1098.6  1137.5
  12:38:43.703   976.0  1838.5   -180.0  1096.3  1137.5
  12:38:43.750   973.6  1838.5   -180.0  1093.9  1137.5
  12:38:43.796   971.4  1838.5   -180.0  1091.7  1137.5
  12:38:43.828   968.8  1838.5   -180.0  1089.2  1137.5
  12:38:43.875   966.6  1838.5   -180.0  1087.0  1137.5
  12:38:43.921   964.3  1838.5   -180.0  1084.6  1137.5
  12:38:43.968   961.9  1838.5   -180.0  1082.3  1137.5
  12:38:44.015   959.6  1838.5   -180.0  1079.9  1147.5
  12:38:44.046   959.6  1838.5   -180.0  1079.9  1147.5
  12:38:44.093   957.2  1838.5   -180.0  1077.6  1147.5
  12:38:44.140   954.9  1838.5   -180.0  1075.3  1147.5
  12:38:44.171   952.5  1838.5   -180.0  1072.9  1147.5
  12:38:44.218   950.2  1838.5   -180.0  1070.5  1147.5
  12:38:44.265   947.9  1838.5   -180.0  1068.3  1157.5
  12:38:44.312   945.5  1838.5   -180.0  1065.9  1157.5
  12:38:44.359   943.2  1838.5   -180.0  1063.5  1157.5
  12:38:44.390   940.9  1838.5   -180.0  1061.2  1157.5
  12:38:44.437   940.9  1838.5   -180.0  1061.2  1157.5
  12:38:44.484   938.5  1838.5   -180.0  1058.9  1157.5
  12:38:44.515   936.1  1838.5   -180.0  1056.5  1157.5
  12:38:44.578   933.9  1838.5   -180.0  1054.2  1157.5
  12:38:44.609   931.4  1838.5   -180.0  1051.8  1157.5
  12:38:44.656   929.1  1838.5   -180.0  1049.5  1167.5
  12:38:44.703   926.8  1838.5   -180.0  1047.1  1167.5
  12:38:44.750   924.5  1838.5   -180.0  1044.9  1167.5
  12:38:44.781   922.1  1838.4   -180.0  1042.5  1167.5
  12:38:44.828   919.8  1838.4   -180.0  1040.1  1167.5
  12:38:44.875   917.0  1838.4   -180.0  1037.4  1167.5
  12:38:44.921   917.0  1838.4   -180.0  1037.4  1177.5
  12:38:44.953   915.2  1838.4   -180.0  1035.5  1177.5
  12:38:45.000   912.8  1838.4   -180.0  1033.2  1177.5
  12:38:45.062   910.5  1838.4   -180.0  1030.8  1177.5
  12:38:45.093   907.6  1838.4   -180.0  1027.9  1177.5
  12:38:45.125   905.8  1838.4   -180.0  1026.1  1177.5
  12:38:45.171   903.5  1838.4   -180.0  1023.8  1187.5
  12:38:45.218   901.1  1838.4   -180.0  1021.4  1187.5
  12:38:45.265   898.7  1838.4   -180.0  1019.1  1187.5
  12:38:45.296   898.7  1838.4   -180.0  1019.1  1187.5
  12:38:45.343   896.3  1838.4   -180.0  1016.6  1187.5
  12:38:45.390   894.1  1838.4   -180.0  1014.4  1187.5
  12:38:45.421   891.7  1838.4   -180.0  1012.0  1187.5
  12:38:45.484   889.5  1838.4   -180.0  1009.8  1197.5
  12:38:45.515   887.0  1838.4   -180.0  1007.3  1197.5
  12:38:45.546   884.6  1838.4   -180.0  1004.9  1197.5
  12:38:45.593   882.4  1838.4   -180.0  1002.7  1197.5
  12:38:45.640   880.0  1838.4   -180.0  1000.3  1197.5
  12:38:45.687   880.0  1838.4   -180.0  1000.3  1207.5
  12:38:45.718   877.7  1838.4   -180.0   998.0  1207.5
  12:38:45.765   875.4  1838.4   -180.0   995.7  1207.5
  12:38:45.812   873.0  1838.4   -180.0   993.3  1207.5
  12:38:45.859   870.6  1838.4   -180.0   991.0  1207.5
  12:38:45.890   868.4  1838.4   -180.0   988.7  1207.5
  12:38:45.937   866.0  1838.4   -180.0   986.3  1217.5
  12:38:45.984   863.7  1838.4   -180.0   984.0  1217.5
  12:38:46.031   861.2  1838.4   -180.0   981.5  1217.5
  12:38:46.078   858.9  1838.4   -180.0   979.3  1217.5
  12:38:46.109   858.9  1838.4   -180.0   979.3  1217.5
  12:38:46.156   856.6  1838.4   -180.0   976.9  1217.5
  12:38:46.203   854.2  1838.4   -180.0   974.6  1217.5
  12:38:46.250   851.9  1838.4   -180.0   972.3  1227.5
  12:38:46.281   849.5  1838.4   -180.0   969.8  1217.5
  12:38:46.328   847.3  1838.4   -180.0   967.6  1227.5
  12:38:46.375   845.0  1838.4   -180.0   965.3  1227.5
  12:38:46.421   842.6  1838.4   -180.0   962.9  1227.5
  12:38:46.468   840.3  1838.4   -180.0   960.6  1227.5
  12:38:46.500   837.9  1838.4   -180.0   958.2  1237.5
  12:38:46.546   837.9  1838.4   -180.0   958.2  1237.5
  12:38:46.593   835.6  1838.4   -180.0   955.9  1237.5
  12:38:46.625   833.2  1838.4   -180.0   953.5  1237.5
  12:38:46.671   830.9  1838.4   -180.0   951.2  1237.5
  12:38:46.718   828.5  1838.4   -180.0   948.8  1237.5
  12:38:46.765   826.2  1838.4   -180.0   946.5  1237.5
  12:38:46.796   823.8  1838.4   -180.0   944.1  1237.5
  12:38:46.843   821.6  1838.4   -180.0   941.9  1237.5
  12:38:46.890   819.2  1838.4   -180.0   939.5  1237.5
  12:38:46.937   816.8  1838.4   -180.0   937.1  1237.5
  12:38:46.968   816.8  1838.4   -180.0   937.1  1247.5
  12:38:47.015   814.6  1838.4   -180.0   934.9  1247.5
  12:38:47.078   812.2  1838.4   -180.0   932.5  1247.5
  12:38:47.109   809.1  1838.4   -180.0   929.4  1247.5
  12:38:47.140   806.8  1838.4   -180.0   927.1  1247.5
  12:38:47.187   804.4  1838.4   -180.0   924.7  1247.5
  12:38:47.234   802.0  1838.4   -180.0   922.3  1257.4
  12:38:47.281   802.0  1838.4   -180.0   922.3  1257.4
  12:38:47.312   799.6  1838.4   -180.0   919.9  1257.4
  12:38:47.359   797.4  1838.4   -180.0   917.7  1257.4
  12:38:47.406   795.0  1838.4   -180.0   915.3  1257.4
  12:38:47.453   792.7  1838.4   -180.0   913.0  1257.4
  12:38:47.484   790.4  1838.4   -180.0   910.7  1267.4
  12:38:47.531   788.0  1838.4   -180.0   908.3  1267.4
  12:38:47.578   785.8  1838.4   -180.0   906.0  1267.4
  12:38:47.625   783.3  1838.4   -180.0   903.6  1267.4
  12:38:47.687   781.0  1838.4   -180.0   901.3  1267.4
  12:38:47.703   781.0  1838.4   -180.0   901.3  1267.4
  12:38:47.750   778.7  1838.4   -180.0   898.9  1277.4
  12:38:47.796   776.3  1838.4   -180.0   896.6  1277.4
  12:38:47.828   773.9  1838.4   -180.0   894.2  1277.4
  12:38:47.875   771.6  1838.4   -180.0   891.9  1277.4
  12:38:47.921   769.4  1838.4   -180.0   889.7  1277.4
  12:38:47.968   767.0  1838.4   -180.0   887.3  1277.4
  12:38:48.015   764.6  1838.4   -180.0   884.9  1277.4
  12:38:48.046   762.3  1838.4   -180.0   882.6  1277.4
  12:38:48.093   762.3  1838.4   -180.0   882.6  1277.4
  12:38:48.140   759.9  1838.4   -180.0   880.2  1287.4
  12:38:48.187   757.5  1838.4   -180.0   877.8  1287.4
  12:38:48.218   755.3  1838.4   -180.0   875.6  1287.4
  12:38:48.265   752.9  1838.4   -180.0   873.2  1287.4
  12:38:48.328   750.7  1838.4   -180.0   870.9  1297.4
  12:38:48.359   747.4  1838.4   -180.0   867.7  1297.4
  12:38:48.390   747.4  1838.4   -180.0   867.7  1297.4
  12:38:48.437   745.2  1838.4   -180.0   865.5  1297.4
  12:38:48.484   742.9  1838.4   -180.0   863.2  1297.4
  12:38:48.531   740.2  1838.4   -180.0   860.5  1287.4
  12:38:48.578   738.0  1838.4   -180.0   858.3  1287.4
  12:38:48.609   735.8  1838.4   -180.0   856.1  1287.4
  12:38:48.656   733.5  1838.4   -180.0   853.7  1277.4
  12:38:48.703   731.1  1838.4   -180.0   851.4  1277.4
  12:38:48.750   728.7  1838.4   -180.0   849.0  1277.4
  12:38:48.796   726.5  1838.3   -180.0   846.7  1277.4
  12:38:48.828   726.5  1838.3   -180.0   846.7  1277.4
  12:38:48.875   724.1  1838.3   -180.0   844.4  1277.4
  12:38:48.937   721.7  1838.3   -180.0   841.9  1277.4
  12:38:48.953   718.6  1838.3   -180.0   838.9  1277.4
  12:38:49.000   716.3  1838.3   -180.0   836.5  1267.4
  12:38:49.046   714.0  1838.3   -180.0   834.3  1267.4
  12:38:49.093   711.6  1838.3   -180.0   831.9  1267.4
  12:38:49.125   711.6  1838.3   -180.0   831.9  1257.4
  12:38:49.171   709.1  1838.3   -180.0   829.4  1257.4
  12:38:49.218   706.9  1838.3   -180.0   827.2  1257.4
  12:38:49.265   704.6  1838.3   -180.0   824.9  1257.4
  12:38:49.312   702.2  1838.3   -180.0   822.5  1247.4
  12:38:49.343   699.9  1838.3   -180.0   820.2  1247.4
  12:38:49.390   697.5  1838.3   -180.0   817.9  1247.4
  12:38:49.437   695.2  1838.3   -180.0   815.5  1247.4
  12:38:49.468   692.8  1838.3   -180.0   813.1  1247.4
  12:38:49.531   690.5  1838.3   -180.0   810.8  1247.4
  12:38:49.562   690.5  1838.3   -180.0   810.8  1237.4
  12:38:49.609   688.2  1838.3   -180.0   808.5  1237.4
  12:38:49.656   685.9  1838.3   -180.0   806.2  1237.4
  12:38:49.687   683.5  1838.3   -180.0   803.8  1237.4
  12:38:49.734   681.1  1838.3   -180.0   801.4  1237.4
  12:38:49.781   678.8  1838.3   -180.0   799.1  1227.4
  12:38:49.828   676.5  1838.3   -180.0   796.8  1227.4
  12:38:49.859   674.2  1838.3   -180.0   794.5  1227.4
  12:38:49.921   671.8  1838.3   -180.0   792.1  1227.4
  12:38:49.953   671.8  1838.3   -180.0   792.1  1217.4
  12:38:50.000   668.7  1838.3   -180.0   789.0  1217.4
  12:38:50.031   666.4  1838.3   -180.0   786.7  1217.4
  12:38:50.078   664.0  1838.3   -180.0   784.3  1217.4
  12:38:50.140   661.7  1838.3   -180.0   782.0  1217.4
  12:38:50.171   661.7  1838.3   -180.0   782.1  1207.4
  12:38:50.203   658.5  1838.3   -180.0   778.9  1207.4
  12:38:50.250   656.3  1838.3   -180.0   776.6  1207.4
  12:38:50.296   653.9  1838.3   -180.0   774.2  1207.4
  12:38:50.343   651.6  1838.3   -180.0   771.9  1197.4
  12:38:50.375   649.2  1838.3   -180.0   769.6  1197.4
  12:38:50.421   646.9  1838.3   -180.0   767.2  1187.4
  12:38:50.468   644.5  1838.3   -180.0   764.8  1187.4
  12:38:50.531   642.2  1838.3   -180.0   762.5  1187.4
  12:38:50.546   642.2  1838.3   -180.0   762.5  1187.4
  12:38:50.593   639.9  1838.3   -180.0   760.3  1187.4
  12:38:50.640   637.5  1838.3   -180.0   757.9  1187.4
  12:38:50.687   635.1  1838.3   -180.0   755.4  1187.4
  12:38:50.734   632.8  1838.3   -180.0   753.2  1177.4
  12:38:50.781   630.5  1838.3   -180.0   750.9  1177.4
  12:38:50.812   628.2  1838.3   -180.0   748.6  1167.4
  12:38:50.859   625.9  1838.3   -180.0   746.2  1167.4
  12:38:50.906   623.5  1838.3   -180.0   743.8  1167.4
  12:38:50.953   621.3  1838.3   -180.0   741.6  1167.4
  12:38:50.984   618.8  1838.3   -180.0   739.2  1167.4
  12:38:51.031   618.8  1838.3   -180.0   739.2  1167.4
  12:38:51.078   616.5  1838.3   -180.0   736.8  1167.4
  12:38:51.125   614.2  1838.3   -180.0   734.5  1167.4
  12:38:51.156   611.9  1838.3   -180.0   732.2  1167.4
  12:38:51.203   609.4  1838.3   -180.0   729.8  1157.4
  12:38:51.250   607.2  1838.3   -180.0   727.5  1157.3
  12:38:51.296   604.8  1838.3   -180.0   725.1  1157.3
  12:38:51.328   602.5  1838.3   -180.0   722.8  1157.3
  12:38:51.375   600.1  1838.3   -180.0   720.5  1147.3
  12:38:51.421   597.8  1838.3   -180.0   718.2  1147.3
  12:38:51.468   597.8  1838.3   -180.0   718.2  1137.3
  12:38:51.500   595.5  1838.3   -180.0   715.8  1147.3
  12:38:51.546   593.1  1838.3   -180.0   713.4  1147.3
  12:38:51.593   590.7  1838.3   -180.0   711.0  1137.3
  12:38:51.640   588.4  1838.3   -180.0   708.8  1127.3
  12:38:51.687   586.1  1838.3   -180.0   706.5  1127.3
  12:38:51.718   583.7  1838.3   -180.0   704.1  1127.3
  12:38:51.765   581.1  1838.3   -180.0   701.5  1127.3
  12:38:51.812   579.1  1838.3   -180.0   699.4  1127.3
  12:38:51.843   576.6  1838.3   -180.0   697.0  1117.3
  12:38:51.890   576.6  1838.3   -180.0   697.0  1117.3
  12:38:51.937   574.5  1838.3   -180.0   694.8  1117.3
  12:38:51.984   572.0  1838.3   -180.0   692.4  1117.3
  12:38:52.031   569.8  1838.3   -180.0   690.2  1107.3
  12:38:52.062   567.4  1838.3   -180.0   687.7  1117.3
  12:38:52.109   565.1  1838.3   -180.0   685.5  1107.3
  12:38:52.156   562.7  1838.3   -180.0   683.0  1107.3
  12:38:52.203   560.3  1838.3   -180.0   680.7  1107.3
  12:38:52.234   558.1  1838.3   -180.0   678.4  1097.3
  12:38:52.281   555.6  1838.3   -180.0   676.0  1097.3
  12:38:52.328   555.6  1838.3   -180.0   676.0  1097.3
  12:38:52.375   553.3  1838.3   -180.0   673.7  1097.3
  12:38:52.406   551.0  1838.3   -180.0   671.4  1087.3
  12:38:52.453   548.6  1838.3   -180.0   669.0  1087.3
  12:38:52.500   546.4  1838.3   -180.0   666.8  1087.3
  12:38:52.546   544.0  1838.3   -180.0   664.4  1087.3
  12:38:52.593   541.6  1838.3   -180.0   662.0  1087.3
  12:38:52.625   539.3  1838.3   -180.0   659.7  1057.3
  12:38:52.671   537.0  1838.3   -180.0   657.4  1037.3
  12:38:52.718   534.6  1838.3   -180.0   655.0  1037.3
  12:38:52.765   534.6  1838.3   -180.0   655.1   957.3
  12:38:52.796   532.3  1838.2   -180.0   652.8   877.3
  12:38:52.843   529.8  1838.2   -180.0   650.3   877.3
  12:38:52.890   527.6  1838.2   -180.0   648.3   497.3
  12:39:24.343    -0.1  1167.6    -90.0  1050.8  1288.4
  12:39:24.390    -0.1  1165.4    -90.0   980.8  1286.1
  12:39:24.437    -0.1  1163.0    -90.0   980.8  1283.8
  12:39:24.468    -0.1  1160.7    -90.0   850.8  1281.3
  12:39:24.515    -0.1  1158.3    -90.0   840.8  1278.9
  12:39:24.562    -0.1  1158.3    -90.0   840.8  1278.9
  12:39:24.609    -0.1  1155.9    -90.0   830.8  1276.5
  12:39:24.671    -0.1  1151.3    -90.0   820.8  1271.9
  12:39:24.703    -0.1  1151.3    -90.0   820.8  1271.9
  12:39:24.734    -0.1  1148.9    -90.0   810.8  1269.4
  12:39:24.781    -0.1  1146.6    -90.0   800.8  1267.2
  12:39:24.828    -0.1  1144.1    -90.0   800.8  1264.7
  12:39:24.859    -0.1  1141.9    -90.0   800.8  1262.5
  12:39:24.906    -0.1  1139.6    -90.0   800.8  1260.2
  12:39:24.953    -0.1  1137.2    -90.0   800.8  1257.8
  12:39:25.000    -0.1  1137.2    -90.0   800.8  1257.8
  12:39:25.046    -0.1  1134.9    -90.0   790.8  1255.5
  12:39:25.078    -0.1  1132.6    -90.0   790.8  1253.2
  12:39:25.125    -0.1  1129.5    -90.0   780.8  1250.1
  12:39:25.171    -0.1  1127.1    -90.0   780.8  1247.7
  12:39:25.203    -0.1  1124.8    -90.0   780.8  1245.3
  12:39:25.250    -0.1  1124.8    -90.0   780.8  1245.3
  12:39:25.296    -0.1  1120.1    -90.0   780.8  1240.7
  12:39:25.343    -0.1  1120.1    -90.0   780.8  1240.7
  12:39:25.390    -0.1  1117.8    -90.0   780.8  1238.3
  12:39:25.437    -0.1  1115.5    -90.0   770.8  1236.0
  12:39:25.468    -0.1  1113.1    -90.0   780.8  1233.7
  12:39:25.515    -0.1  1110.0    -90.0   770.8  1230.6
  12:39:25.546    -0.1  1110.0    -90.0   770.8  1230.6
  12:39:25.593    -0.1  1107.6    -90.0   770.9  1228.2
  12:39:25.640    -0.1  1105.2    -90.0   770.9  1225.8
  12:39:25.687    -0.1  1103.0    -90.0   770.9  1223.5
  12:39:25.734    -0.1  1100.5    -90.0   770.9  1221.1
  12:39:25.750    -0.1  1098.3    -90.0   770.9  1218.9
  12:39:25.796    -0.1  1096.0    -90.0   770.9  1216.6
  12:39:25.843    -0.1  1093.6    -90.0   770.9  1214.1
  12:39:25.875    -0.1  1093.6    -90.0   760.9  1214.1
  12:39:25.921     0.0  1091.2    -90.0   760.9  1211.7
  12:39:25.968     0.0  1088.9    -90.0   760.9  1209.5
  12:39:26.000     0.0  1086.5    -90.0   760.9  1207.0
  12:39:26.031     0.0  1086.5    -90.0   760.9  1207.0
  12:39:26.078     0.0  1084.2    -90.0   760.9  1204.8
  12:39:26.125     0.0  1081.8    -90.0   750.9  1202.4
  12:39:26.171     0.0  1079.5    -90.0   750.9  1200.0
  12:39:26.203     0.0  1077.1    -90.0   750.9  1197.7
  12:39:26.250     0.0  1074.9    -90.0   740.9  1195.4
  12:39:26.296     0.0  1072.2    -90.0   740.9  1192.7
  12:39:26.343     0.0  1069.3    -90.0   740.9  1189.9
  12:39:26.375     0.0  1069.3    -90.0   740.9  1189.9
  12:39:26.421     0.0  1067.1    -90.0   740.9  1187.7
  12:39:26.468     0.0  1064.7    -90.0   740.9  1185.2
  12:39:26.515     0.0  1062.4    -90.0   740.9  1182.9
  12:39:26.546     0.0  1059.9    -90.0   740.9  1180.5
  12:39:26.593     0.0  1057.7    -90.0   740.9  1178.3
  12:39:26.640     0.0  1055.4    -90.0   740.9  1176.0
  12:39:26.687     0.0  1053.0    -90.0   730.9  1173.6
  12:39:26.718     0.0  1050.6    -90.0   730.9  1171.1
  12:39:26.781     0.0  1048.4    -90.0   730.9  1168.9
  12:39:26.812     0.0  1048.4    -90.0   730.9  1168.9
  12:39:26.859     0.0  1045.9    -90.0   730.9  1166.5
  12:39:26.906     0.0  1043.7    -90.0   730.9  1164.2
  12:39:26.937     0.0  1041.2    -90.0   720.9  1161.7
  12:39:26.984     0.0  1039.1    -90.0   720.9  1159.6
  12:39:27.031     0.0  1036.7    -90.0   730.9  1157.2
  12:39:27.078     0.0  1034.3    -90.0   720.9  1154.8
  12:39:27.109     0.0  1031.9    -90.0   720.9  1152.5
  12:39:27.156     0.0  1029.5    -90.0   720.9  1150.0
  12:39:27.203     0.0  1029.5    -90.0   720.9  1150.0
  12:39:27.250     0.0  1027.3    -90.0   720.9  1147.8
  12:39:27.281     0.0  1024.9    -90.0   720.9  1145.4
  12:39:27.328     0.0  1022.6    -90.0   720.9  1143.1
  12:39:27.375     0.0  1020.3    -90.0   720.9  1140.8
  12:39:27.406     0.0  1017.9    -90.0   710.9  1138.4
  12:39:27.437     0.0  1017.9    -90.0   710.9  1138.4
  12:39:27.484     0.0  1015.6    -90.0   710.9  1136.1
  12:39:27.531     0.0  1013.2    -90.0   700.9  1133.7
  12:39:27.562     0.0  1010.9    -90.0   700.9  1131.4
  12:39:27.609     0.0  1008.5    -90.0   700.9  1129.0
  12:39:27.656     0.0  1006.3    -90.0   700.9  1126.8
  12:39:27.718     0.0  1004.0    -90.0   700.9  1124.5
  12:39:27.734     0.0  1001.4    -90.0   700.9  1122.0
  12:39:27.781     0.0   999.2    -90.0   700.9  1119.7
  12:39:27.828     0.0   996.9    -90.0   700.9  1117.4
  12:39:27.875     0.0   996.9    -90.0   700.9  1117.4
  12:39:27.921     0.0   994.6    -90.0   690.9  1115.1
  12:39:27.953     0.0   992.2    -90.0   690.9  1112.7
  12:39:28.000     0.0   989.9    -90.0   690.9  1110.4
  12:39:28.046     0.0   987.5    -90.0   680.9  1108.0
  12:39:28.078     0.0   985.2    -90.0   680.9  1105.7
  12:39:28.125     0.0   982.8    -90.0   680.9  1103.3
  12:39:28.171     0.0   982.8    -90.0   680.9  1103.3
  12:39:28.218     0.0   979.8    -90.0   680.9  1100.3
  12:39:28.250     0.0   977.4    -90.0   680.9  1097.8
  12:39:28.312     0.0   975.0    -90.0   670.9  1095.5
  12:39:28.343     0.0   972.6    -90.0   670.9  1093.1
  12:39:28.390     0.0   970.3    -90.0   671.0  1090.8
  12:39:28.437     0.0   968.0    -90.0   671.0  1088.5
  12:39:28.468     0.0   965.8    -90.0   671.0  1086.2
  12:39:28.515     0.0   965.8    -90.0   671.0  1086.2
  12:39:28.562     0.0   963.1    -90.0   671.0  1083.6
  12:39:28.609     0.0   960.2    -90.0   671.0  1080.7
  12:39:28.640     0.0   957.9    -90.0   671.0  1078.4
  12:39:28.687     0.0   955.5    -90.0   671.0  1076.0
  12:39:28.734     0.1   953.2    -90.0   661.0  1073.7
  12:39:28.781     0.1   950.9    -90.0   661.0  1071.4
  12:39:28.828     0.1   948.5    -90.0   661.0  1069.0
  12:39:28.859     0.1   946.1    -90.0   661.0  1066.6
  12:39:28.921     0.1   943.9    -90.0   661.0  1064.4
  12:39:28.953     0.1   943.9    -90.0   651.0  1064.4
  12:39:29.000     0.1   941.6    -90.0   651.0  1062.0
  12:39:29.031     0.1   939.1    -90.0   651.0  1059.6
  12:39:29.078     0.1   936.8    -90.0   651.0  1057.3
  12:39:29.125     0.1   934.5    -90.0   651.0  1055.0
  12:39:29.171     0.1   931.4    -90.0   651.0  1051.8
  12:39:29.203     0.1   931.4    -90.0   641.0  1051.8
  12:39:29.250     0.1   929.1    -90.0   641.0  1049.6
  12:39:29.296     0.1   926.7    -90.0   641.0  1047.1
  12:39:29.343     0.1   924.3    -90.0   641.0  1044.8
  12:39:29.375     0.1   922.1    -90.0   641.0  1042.6
  12:39:29.421     0.1   919.8    -90.0   641.0  1040.2
  12:39:29.468     0.1   917.3    -90.0   641.0  1037.8
  12:39:29.515     0.1   914.9    -90.0   641.0  1035.4
  12:39:29.546     0.1   912.6    -90.0   641.0  1033.0
  12:39:29.593     0.1   912.6    -90.0   641.0  1033.0
  12:39:29.640     0.1   910.4    -90.0   641.0  1030.9
  12:39:29.687     0.1   908.1    -90.0   641.0  1028.5
  12:39:29.718     0.1   905.6    -90.0   641.0  1026.1
  12:39:29.765     0.1   903.3    -90.0   641.0  1023.8
  12:39:29.796     0.1   900.9    -90.0   641.0  1021.4
  12:39:29.843     0.1   898.6    -90.0   641.0  1019.1
  12:39:29.890     0.1   898.6    -90.0   641.0  1019.1
  12:39:29.921     0.1   896.3    -90.0   651.0  1016.8
  12:39:29.968     0.1   894.0    -90.0   651.0  1014.5
  12:39:30.015     0.1   891.7    -90.0   651.0  1012.2
  12:39:30.062     0.1   889.2    -90.0   651.0  1009.7
  12:39:30.093     0.1   886.9    -90.0   651.0  1007.4
  12:39:30.140     0.1   884.7    -90.0   651.0  1005.2
  12:39:30.187     0.1   882.2    -90.0   671.0  1002.7
  12:39:30.234     0.1   879.9    -90.0   661.0  1000.4
  12:39:30.281     0.1   877.6    -90.0   661.0   998.1
  12:39:30.312     0.1   875.3    -90.0   671.0   995.8
  12:39:30.359     0.1   875.3    -90.0   671.0   995.8
  12:39:30.406     0.1   872.9    -90.0   661.0   993.4
  12:39:30.453     0.1   870.5    -90.0   671.0   991.0
  12:39:30.484     0.1   868.3    -90.0   671.0   988.8
  12:39:30.531     0.1   865.9    -90.0   671.0   986.4
  12:39:30.578     0.1   863.6    -90.0   681.0   984.1
  12:39:30.609     0.1   861.2    -90.0   671.0   981.7
  12:39:30.656     0.1   858.9    -90.0   671.0   979.4
  12:39:30.703     0.1   856.6    -90.0   681.0   977.1
  12:39:30.750     0.1   856.6    -90.0   681.0   977.1
  12:39:30.796     0.1   854.2    -90.0   681.0   974.7
  12:39:30.828     0.1   851.7    -90.0   681.0   972.2
  12:39:30.875     0.1   849.6    -90.0   691.0   970.1
  12:39:30.921     0.1   847.2    -90.0   691.0   967.7
  12:39:30.984     0.1   844.8    -90.0   691.0   965.3
  12:39:31.000     0.1   842.1    -90.0   701.0   962.6
  12:39:31.046     0.1   840.2    -90.0   701.0   960.7
  12:39:31.093     0.1   837.8    -90.0   701.0   958.3
  12:39:31.140     0.1   835.5    -90.0   701.0   956.0
  12:39:31.171     0.1   833.2    -90.0   701.0   953.7
  12:39:31.218     0.1   833.2    -90.0   711.0   953.7
  12:39:31.265     0.1   830.9    -90.0   701.1   951.4
  12:39:31.312     0.1   828.4    -90.0   701.1   948.9
  12:39:31.343     0.1   826.1    -90.0   711.1   946.6
  12:39:31.375     0.1   823.8    -90.0   711.1   944.3
  12:39:31.421     0.1   823.8    -90.0   711.1   944.3
  12:39:31.453     0.1   821.4    -90.0   711.1   941.9
  12:39:31.500     0.1   819.2    -90.0   721.1   939.7
  12:39:31.546     0.1   816.8    -90.0   721.1   937.4
  12:39:31.593     0.2   814.5    -90.0   731.1   935.0
  12:39:31.625     0.2   812.0    -90.0   731.1   932.6
  12:39:31.671     0.2   809.8    -90.0   731.1   930.3
  12:39:31.718     0.2   807.4    -90.0   731.1   927.9
  12:39:31.765     0.2   805.0    -90.0   741.1   925.6
  12:39:31.812     0.2   802.7    -90.0   741.1   923.3
  12:39:31.843     0.2   802.7    -90.0   741.1   923.3
  12:39:31.890     0.2   800.3    -90.0   741.1   920.9
  12:39:31.937     0.2   798.1    -90.0   741.1   918.6
  12:39:31.968     0.2   795.8    -90.0   751.1   916.3
  12:39:32.015     0.2   793.5    -90.0   761.1   914.0
  12:39:32.062     0.2   791.1    -90.0   741.1   911.6
  12:39:32.093     0.2   788.7    -90.0   761.1   909.3
  12:39:32.140     0.2   786.3    -90.0   761.1   906.9
  12:39:32.187     0.2   786.3    -90.0   761.1   906.9
  12:39:32.234     0.2   783.7    -90.0   761.1   904.2
  12:39:32.265     0.2   780.9    -90.0   761.1   901.4
  12:39:32.312     0.2   778.6    -90.0   761.1   899.1
  12:39:32.359     0.2   776.2    -90.0   761.1   896.8
  12:39:32.406     0.2   776.2    -90.0   771.1   896.8
  12:39:32.453     0.2   773.4    -90.0   771.1   893.9
  12:39:32.484     0.2   770.7    -90.0   781.1   891.3
  12:39:32.531     0.2   768.4    -90.0   771.1   889.0
  12:39:32.578     0.2   766.0    -90.0   771.1   886.6
  12:39:32.625     0.2   763.8    -90.0   781.1   884.3
  12:39:32.656     0.2   761.5    -90.0   791.1   882.0
  12:39:32.703     0.2   759.1    -90.0   771.1   879.7
  12:39:32.734     0.2   759.1    -90.0   791.1   879.7
  12:39:32.796     0.2   754.4    -90.0   791.1   875.0
  12:39:32.828     0.2   754.4    -90.0   791.1   875.0
  12:39:32.875     0.2   752.0    -90.0   791.1   872.5
  12:39:32.906     0.2   749.7    -90.0   791.1   870.2
  12:39:32.953     0.2   747.3    -90.0   791.1   867.9
  12:39:33.000     0.2   745.1    -90.0   791.1   865.6
  12:39:33.046     0.2   742.7    -90.0   791.1   863.2
  12:39:33.078     0.2   740.3    -90.0   791.1   860.9
  12:39:33.125     0.2   740.3    -90.0   791.1   860.9
  12:39:33.171     0.2   738.1    -90.0   781.1   858.7
  12:39:33.218     0.2   735.7    -90.0   781.1   856.3
  12:39:33.250     0.2   733.3    -90.0   781.1   853.9
  12:39:33.296     0.2   731.0    -90.0   781.1   851.6
  12:39:33.343     0.2   728.7    -90.0   781.1   849.3
  12:39:33.390     0.2   726.3    -90.0   781.1   846.8
  12:39:33.421     0.2   724.1    -90.0   781.1   844.6
  12:39:33.468     0.2   721.6    -90.0   781.1   842.2
  12:39:33.515     0.2   719.3    -90.0   781.1   839.9
  12:39:33.562     0.2   719.3    -90.0   771.1   839.8
  12:39:33.593     0.2   717.0    -90.0   771.1   837.5
  12:39:33.640     0.2   714.6    -90.0   771.1   835.2
  12:39:33.687     0.2   712.4    -90.0   781.1   832.9
  12:39:33.734     0.2   709.9    -90.0   771.1   830.5
  12:39:33.765     0.2   707.6    -90.0   781.1   828.2
  12:39:33.812     0.2   704.8    -90.0   771.1   825.3
  12:39:33.859     0.2   702.1    -90.0   771.1   822.6
  12:39:33.906     0.2   702.1    -90.0   781.1   822.6
  12:39:33.953     0.2   699.7    -90.0   781.1   820.3
  12:39:33.968     0.2   697.5    -90.0   771.1   818.1
  12:39:34.015     0.2   695.0    -90.0   771.2   815.6
  12:39:34.062     0.2   692.8    -90.0   781.2   813.4
  12:39:34.109     0.2   690.4    -90.0   781.2   811.0
  12:39:34.156     0.2   688.2    -90.0   781.2   808.8
  12:39:34.187     0.2   688.2    -90.0   781.2   808.8
  12:39:34.234     0.2   685.8    -90.0   771.2   806.4
  12:39:34.281     0.2   683.5    -90.0   781.2   804.0
  12:39:34.328     0.2   681.1    -90.0   781.2   801.6
  12:39:34.359     0.2   678.7    -90.0   771.2   799.2
  12:39:34.406     0.3   676.4    -90.0   771.2   796.9
  12:39:34.453     0.3   674.1    -90.0   771.2   794.6
  12:39:34.500     0.3   671.7    -90.0   771.2   792.2
  12:39:34.531     0.3   669.5    -90.0   771.2   790.0
  12:39:34.578     0.3   667.1    -90.0   771.2   787.7
  12:39:34.625     0.3   667.1    -90.0   771.2   787.7
  12:39:34.656     0.3   664.7    -90.0   771.2   785.2
  12:39:34.703     0.3   662.4    -90.0   771.2   782.9
  12:39:34.750     0.3   660.0    -90.0   771.2   780.5
  12:39:34.796     0.3   657.7    -90.0   771.2   778.2
  12:39:34.828     0.3   655.4    -90.0   761.2   776.0
  12:39:34.875     0.3   653.0    -90.0   761.2   773.6
  12:39:34.921     0.3   650.7    -90.0   761.2   771.2
  12:39:34.968     0.3   648.4    -90.0   771.2   768.9
  12:39:35.000     0.3   648.4    -90.0   771.2   768.9
  12:39:35.046     0.3   646.0    -90.0   771.2   766.6
  12:39:35.078     0.3   643.6    -90.0   771.2   764.2
  12:39:35.125     0.3   641.3    -90.0   771.2   761.9
  12:39:35.171     0.3   639.0    -90.0   771.2   759.5
  12:39:35.218     0.3   636.5    -90.0   771.2   757.1
  12:39:35.250     0.3   634.4    -90.0   771.2   754.9
  12:39:35.296     0.3   634.4    -90.0   771.2   754.9
  12:39:35.343     0.3   632.0    -90.0   771.2   752.6
  12:39:35.375     0.3   629.6    -90.0   761.2   750.1
  12:39:35.421     0.3   627.3    -90.0   771.2   747.8
  12:39:35.468     0.3   625.0    -90.0   771.2   745.6
  12:39:35.515     0.3   622.6    -90.0   771.2   743.1
  12:39:35.562     0.3   620.3    -90.0   771.2   740.9
  12:39:35.593     0.3   617.9    -90.0   771.2   738.5
  12:39:35.656     0.3   615.6    -90.0   771.2   736.1
  12:39:35.687     0.3   613.2    -90.0   771.2   733.8
  12:39:35.734     0.3   613.2    -90.0   771.2   733.8
  12:39:35.765     0.3   610.9    -90.0   761.2   731.5
  12:39:35.828     0.3   608.5    -90.0   761.2   729.1
  12:39:35.859     0.3   606.2    -90.0   761.2   726.8
  12:39:35.906     0.3   604.0    -90.0   761.2   724.5
  12:39:35.953     0.3   601.5    -90.0   761.2   722.1
  12:39:35.984     0.3   599.3    -90.0   761.2   719.9
  12:39:36.031     0.3   596.8    -90.0   761.2   717.4
  12:39:36.078     0.3   594.6    -90.0   761.2   715.2
  12:39:36.125     0.3   592.3    -90.0   771.2   712.8
  12:39:36.156     0.3   589.9    -90.0   761.2   710.5
  12:39:36.203     0.3   589.9    -90.0   761.2   710.5
  12:39:36.250     0.3   587.4    -90.0   761.2   708.0
  12:39:36.296     0.3   584.9    -90.0   761.2   705.5
  12:39:36.328     0.3   582.8    -90.0   771.2   703.4
  12:39:36.375     0.3   580.4    -90.0   771.2   701.0
  12:39:36.421     0.3   578.2    -90.0   761.2   698.7
  12:39:36.468     0.3   578.2    -90.0   771.2   698.7
  12:39:36.515     0.3   575.5    -90.0   771.2   696.1
  12:39:36.546     0.3   572.8    -90.0   771.2   693.3
  12:39:36.593     0.3   570.3    -90.0   771.2   690.9
  12:39:36.640     0.3   568.0    -90.0   761.2   688.5
  12:39:36.671     0.3   564.9    -90.0   761.2   685.4
  12:39:36.718     0.3   562.6    -90.0   761.2   683.1
  12:39:36.765     0.3   562.6    -90.0   761.2   683.1
  12:39:36.812     0.3   560.3    -90.0   751.2   680.8
  12:39:36.859     0.3   557.8    -90.0   761.2   678.4
  12:39:36.890     0.3   555.2    -90.0   761.3   675.7
  12:39:36.937     0.3   553.2    -90.0   761.3   673.8
  12:39:36.984     0.3   550.9    -90.0   761.3   671.4
  12:39:37.031     0.3   548.5    -90.0   761.3   669.1
  12:39:37.062     0.3   546.1    -90.0   761.3   666.6
  12:39:37.109     0.3   543.9    -90.0   761.3   664.5
  12:39:37.156     0.3   541.6    -90.0   761.3   662.1
  12:39:37.203     0.4   539.2    -90.0   761.3   659.8
  12:39:37.250     0.4   539.2    -90.0   761.3   659.8
  12:39:37.281     0.4   536.8    -90.0   761.3   657.3
  12:39:37.328     0.4   534.6    -90.0   761.3   655.1
  12:39:37.375     0.4   532.1    -90.0   761.3   652.6
  12:39:37.406     0.4   529.7    -90.0   761.3   650.3
  12:39:37.453     0.4   527.3    -90.0   761.3   647.9
  12:39:37.500     0.4   525.1    -90.0   761.3   645.7
  12:39:37.531     0.4   522.8    -90.0   761.3   643.3
  12:39:37.578     0.4   520.5    -90.0   761.3   641.1
  12:39:37.625     0.4   520.5    -90.0   761.3   641.1
  12:39:37.671     0.4   518.1    -90.0   761.3   638.6
  12:39:37.687     0.4   515.7    -90.0   761.3   636.3
  12:39:37.734     0.4   513.5    -90.0   761.3   634.0
  12:39:37.781     0.4   511.1    -90.0   761.3   631.6
  12:39:37.828     0.4   508.8    -90.0   751.3   629.4
  12:39:37.875     0.4   506.4    -90.0   761.3   627.0
  12:39:37.921     0.4   506.4    -90.0   761.3   627.0
  12:39:37.953     0.4   504.1    -90.0   751.3   624.7
  12:39:38.000     0.4   501.7    -90.0   751.3   622.2
  12:39:38.031     0.4   499.4    -90.0   761.3   619.9
  12:39:38.078     0.4   497.1    -90.0   761.3   617.6
  12:39:38.125     0.4   494.7    -90.0   761.3   615.2
  12:39:38.171     0.4   492.5    -90.0   761.3   613.0
  12:39:38.203     0.4   490.0    -90.0   761.3   610.6
  12:39:38.250     0.4   487.8    -90.0   801.3   608.4
  12:39:38.296     0.4   487.8    -90.0   831.3   608.4
  12:39:38.343     0.4   485.5    -90.0   831.3   606.1
  12:39:38.375     0.4   482.9    -90.0   881.3   603.6
  12:39:38.406     0.4   480.7    -90.0  1221.3   601.6
  12:39:38.453     0.4   478.3    -90.0  1221.3   599.2
