Лабораторная работа 1. Анализ сенсорных данных об объекте

Маршрут: квадрат
Направление движения: против часовой стрелки
Скорость движения: 50.0 мм/с
Рабочий дальномер: левый (Rf_L)

Выходная информация: положение робота, координаты точек объекта

          Time   X_rob   Y_rob  Ang_rob   X_obj   Y_obj
  чч:мм:сс.ссс      мм      мм     град      мм      мм
  12:45:11.718   750.5    -0.6      0.0   629.6  1240.4
  12:45:11.765   752.9    -0.5      0.0   632.0  1150.4
  12:45:11.812   752.9    -0.5      0.0   632.0  1150.4
  12:45:11.843   755.3    -0.5      0.0   634.5  1120.4
  12:45:11.890   757.5    -0.5      0.0   636.8  1000.4
  12:45:11.937   759.9    -0.5      0.0   639.1  1000.4
  12:45:11.984   762.3    -0.5      0.0   641.6   980.4
  12:45:12.031   764.6    -0.5      0.0   643.9   980.4
  12:45:12.062   766.9    -0.5      0.0   646.1  1080.4
  12:45:12.109   769.2    -0.5      0.0   648.5   990.4
  12:45:12.156   771.6    -0.5      0.0   650.8   990.4
  12:45:12.203   773.8    -0.5      0.0   653.1   990.4
  12:45:12.234   776.3    -0.5      0.0   655.6   980.4
  12:45:12.265   776.3    -0.5      0.0   655.6   960.4
  12:45:12.312   778.6    -0.5      0.0   657.9   970.4
  12:45:12.359   780.9    -0.5      0.0   660.2   970.4
  12:45:12.390   783.3    -0.5      0.0   662.6   960.4
  12:45:12.437   785.7    -0.5      0.0   665.0   960.4
  12:45:12.484   787.9    -0.5      0.0   667.2   940.4
  12:45:12.531   790.4    -0.5      0.0   669.7   910.4
  12:45:12.562   790.4    -0.5      0.0   669.7   930.4
  12:45:12.625   792.6    -0.5      0.0   672.0   930.4
  12:45:12.640   795.5    -0.5      0.0   674.8   930.4
  12:45:12.687   795.5    -0.5      0.0   674.8   930.4
  12:45:12.718   798.1    -0.5      0.0   677.5   910.4
  12:45:12.765   800.5    -0.5      0.0   679.8   910.4
  12:45:12.812   802.7    -0.5      0.0   682.0   910.4
  12:45:12.859   805.4    -0.5      0.0   684.7   890.4
  12:45:12.875   807.4    -0.5      0.0   686.7   890.4
  12:45:12.921   807.4    -0.5      0.0   686.7   890.4
  12:45:12.968   809.7    -0.5      0.0   689.1   890.4
  12:45:13.000   812.1    -0.5      0.0   691.4   870.4
  12:45:13.046   814.5    -0.5      0.0   693.8   890.4
  12:45:13.093   816.9    -0.5      0.0   696.3   870.4
  12:45:13.140   819.1    -0.5      0.0   698.5   870.4
  12:45:13.187   821.5    -0.5      0.0   700.9   870.4
  12:45:13.218   821.5    -0.5      0.0   700.9   870.4
  12:45:13.265   823.8    -0.5      0.0   703.2   870.4
  12:45:13.312   826.9    -0.5      0.0   706.2   870.4
  12:45:13.359   829.3    -0.5      0.0   708.7   840.4
  12:45:13.390   831.6    -0.5      0.0   711.0   840.4
  12:45:13.437   834.5    -0.5      0.0   713.9   840.4
  12:45:13.484   834.5    -0.5      0.0   713.9   830.4
  12:45:13.515   837.1    -0.5      0.0   716.5   820.4
  12:45:13.562   839.5    -0.5      0.0   718.9   820.4
  12:45:13.609   841.8    -0.5      0.0   721.2   810.4
  12:45:13.656   844.1    -0.5      0.0   723.5   810.4
  12:45:13.703   846.3    -0.5      0.0   725.8   810.4
  12:45:13.750   848.7    -0.5      0.0   728.1   800.4
  12:45:13.781   851.0    -0.5      0.0   730.5   800.4
  12:45:13.828   853.5    -0.5      0.0   732.9   800.4
  12:45:13.875   856.2    -0.5      0.0   735.7   790.4
  12:45:13.906   856.2    -0.5      0.0   735.7   790.4
  12:45:13.953   858.1    -0.5      0.0   737.5   790.4
  12:45:14.000   860.5    -0.5      0.0   739.9   770.4
  12:45:14.046   862.7    -0.5      0.0   742.2   770.4
  12:45:14.078   865.2    -0.5      0.0   744.6   770.4
  12:45:14.125   867.6    -0.5      0.0   747.0   760.4
  12:45:14.171   869.9    -0.5      0.0   749.3   750.4
  12:45:14.218   872.1    -0.5      0.0   751.6   750.5
  12:45:14.265   874.4    -0.5      0.0   753.9   750.5
  12:45:14.296   876.9    -0.5      0.0   756.3   740.5
  12:45:14.343   879.2    -0.5      0.0   758.7   740.5
  12:45:14.390   879.2    -0.5      0.0   758.7   740.5
  12:45:14.437   881.6    -0.5      0.0   761.0   730.5
  12:45:14.468   883.8    -0.5      0.0   763.3   730.5
  12:45:14.515   886.2    -0.5      0.0   765.6   730.5
  12:45:14.562   888.7    -0.5      0.0   768.1   720.5
  12:45:14.609   890.8    -0.4      0.0   770.3   720.5
  12:45:14.671   893.3    -0.4      0.0   772.7   710.5
  12:45:14.687   893.3    -0.4      0.0   772.7   710.5
  12:45:14.734   896.4    -0.4      0.0   775.9   710.5
  12:45:14.781   898.6    -0.4      0.0   778.1   700.5
  12:45:14.828   900.9    -0.4      0.0   780.4   700.5
  12:45:14.859   903.4    -0.4      0.0   782.9   700.5
  12:45:14.906   905.8    -0.4      0.0   785.3   690.5
  12:45:14.953   908.0    -0.4      0.0   787.5   680.5
  12:45:14.984   910.3    -0.4      0.0   789.8   680.5
  12:45:15.031   912.7    -0.4      0.0   792.2   680.5
  12:45:15.078   912.7    -0.4      0.0   792.2   670.5
  12:45:15.125   915.3    -0.4      0.0   794.9   670.5
  12:45:15.171   917.4    -0.4      0.0   796.9   660.5
  12:45:15.203   919.7    -0.4      0.0   799.2   660.5
  12:45:15.265   922.0    -0.4      0.0   801.6   660.5
  12:45:15.296   925.1    -0.4      0.0   804.7   650.5
  12:45:15.343   927.5    -0.4      0.0   807.1   640.5
  12:45:15.375   927.5    -0.4      0.0   807.1   640.5
  12:45:15.421   929.9    -0.4      0.0   809.4   640.5
  12:45:15.468   932.1    -0.4      0.0   811.7   640.5
  12:45:15.515   934.5    -0.4      0.0   814.0   640.5
  12:45:15.546   936.9    -0.4      0.0   816.4   630.5
  12:45:15.593   939.2    -0.4      0.0   818.7   620.5
  12:45:15.640   941.7    -0.4      0.0   821.2   620.5
  12:45:15.656   941.7    -0.4      0.0   821.2   620.5
  12:45:15.703   944.0    -0.4      0.0   823.5   620.5
  12:45:15.734   947.0    -0.4      0.0   826.5   620.5
  12:45:15.781   949.3    -0.4      0.0   828.8   620.5
  12:45:15.828   949.3    -0.4      0.0   828.8   620.5
  12:45:15.875   951.6    -0.4      0.0   831.2   620.5
  12:45:15.906   954.2    -0.4      0.0   833.7   620.5
  12:45:15.953   956.4    -0.4      0.0   835.9   620.5
  12:45:16.000   958.6    -0.4      0.0   838.2   620.5
  12:45:16.046   961.0    -0.4      0.0   840.6   630.5
  12:45:16.078   961.0    -0.4      0.0   840.6   630.5
  12:45:16.125   964.4    -0.4      0.0   843.9   630.5
  12:45:16.171   966.5    -0.4      0.0   846.1   630.5
  12:45:16.218   968.8    -0.4      0.0   848.3   630.5
  12:45:16.265   971.2    -0.4      0.0   850.8   630.5
  12:45:16.296   974.3    -0.4      0.0   853.8   630.5
  12:45:16.343   976.6    -0.4      0.0   856.1   630.5
  12:45:16.390   976.6    -0.4      0.0   856.1   630.5
  12:45:16.421   979.0    -0.4      0.0   858.6   630.5
  12:45:16.484   981.3    -0.4      0.0   860.8   630.5
  12:45:16.515   984.6    -0.4      0.0   864.2   630.5
  12:45:16.562   986.8    -0.4      0.0   866.3   630.5
  12:45:16.609   989.1    -0.4      0.0   868.7   630.5
  12:45:16.640   989.1    -0.4      0.0   868.7   630.5
  12:45:16.687   991.4    -0.4      0.0   871.0   630.5
  12:45:16.734   994.1    -0.4      0.0   873.7   630.5
  12:45:16.781   996.1    -0.4      0.0   875.7   630.5
  12:45:16.812   998.5    -0.4      0.0   878.0   630.5
  12:45:16.859  1000.9    -0.4      0.0   880.4   630.5
  12:45:16.890  1003.2    -0.4      0.0   882.8   640.5
  12:45:16.937  1005.5    -0.4      0.0   885.0   640.5
  12:45:16.968  1005.5    -0.4      0.0   885.0   640.5
  12:45:17.015  1007.8    -0.4      0.0   887.4   640.5
  12:45:17.062  1010.2    -0.4      0.0   889.7   640.6
  12:45:17.109  1012.6    -0.4      0.0   892.1   640.6
  12:45:17.156  1014.9    -0.4      0.0   894.4   640.6
  12:45:17.187  1017.2    -0.4      0.0   896.7   640.6
  12:45:17.234  1019.5    -0.4      0.0   899.1   640.6
  12:45:17.281  1021.8    -0.4      0.0   901.3   640.6
  12:45:17.312  1024.1    -0.4      0.0   903.7   640.6
  12:45:17.359  1024.1    -0.4      0.0   903.7   640.6
  12:45:17.406  1026.5    -0.4      0.0   906.1   640.6
  12:45:17.453  1028.9    -0.3      0.0   908.4   640.6
  12:45:17.484  1031.3    -0.3      0.0   910.8   640.6
  12:45:17.531  1033.6    -0.3      0.0   913.1   650.6
  12:45:17.578  1035.8    -0.3      0.0   915.4   650.6
  12:45:17.625  1038.2    -0.3      0.0   917.7   650.6
  12:45:17.656  1040.6    -0.3      0.0   920.1   650.6
  12:45:17.703  1042.9    -0.3      0.0   922.4   650.6
  12:45:17.750  1045.2    -0.3      0.0   924.7   650.6
  12:45:17.796  1047.7    -0.3      0.0   927.2   650.6
  12:45:17.843  1047.7    -0.3      0.0   927.2   650.6
  12:45:17.875  1049.9    -0.3      0.0   929.4   650.6
  12:45:17.921  1052.3    -0.3      0.0   931.8   650.6
  12:45:17.968  1054.6    -0.3      0.0   934.2   650.6
  12:45:18.015  1057.0    -0.3      0.0   936.5   650.6
  12:45:18.062  1059.3    -0.3      0.0   938.8   650.6
  12:45:18.093  1061.7    -0.3      0.0   941.2   650.6
  12:45:18.140  1063.9    -0.3      0.0   943.5   650.6
  12:45:18.187  1066.3    -0.3      0.0   945.8   660.6
  12:45:18.234  1068.6    -0.3      0.0   948.1   660.6
  12:45:18.281  1070.9    -0.3      0.0   950.4   650.6
  12:45:18.312  1070.9    -0.3      0.0   950.4   660.6
  12:45:18.359  1073.4    -0.3      0.0   952.9   660.6
  12:45:18.406  1075.7    -0.3      0.0   955.2   660.6
  12:45:18.453  1078.1    -0.3      0.0   957.6   670.6
  12:45:18.484  1080.4    -0.3      0.0   959.9   660.6
  12:45:18.531  1082.7    -0.3      0.0   962.2   660.6
  12:45:18.578  1085.0    -0.3      0.0   964.5   660.6
  12:45:18.625  1087.4    -0.3      0.0   966.9   660.6
  12:45:18.656  1089.6    -0.3      0.0   969.1   660.6
  12:45:18.703  1092.2    -0.3      0.0   971.7   670.6
  12:45:18.750  1094.4    -0.3      0.0   973.9   670.6
  12:45:18.796  1094.4    -0.3      0.0   973.9   670.6
  12:45:18.843  1096.7    -0.3      0.0   976.2   670.6
  12:45:18.875  1099.0    -0.3      0.0   978.5   670.6
  12:45:18.921  1101.4    -0.3      0.0   980.9   670.6
  12:45:18.968  1103.8    -0.3      0.0   983.3   670.6
  12:45:19.015  1106.1    -0.3      0.0   985.6   670.6
  12:45:19.046  1108.4    -0.3      0.0   987.9   670.6
  12:45:19.093  1110.7    -0.3      0.0   990.2   670.6
  12:45:19.140  1113.1    -0.3      0.0   992.7   670.6
  12:45:19.187  1113.1    -0.3      0.0   992.7   670.6
  12:45:19.218  1115.4    -0.3      0.0   994.9   680.6
  12:45:19.265  1117.8    -0.3      0.0   997.3   670.6
  12:45:19.312  1120.1    -0.3      0.0   999.6   670.6
  12:45:19.359  1122.4    -0.3      0.0  1001.9   680.6
  12:45:19.406  1124.7    -0.3      0.0  1004.2   680.6
  12:45:19.437  1127.2    -0.3      0.0  1006.7   670.6
  12:45:19.484  1129.5    -0.3      0.0  1009.1   670.6
  12:45:19.531  1131.9    -0.3      0.0  1011.4   680.6
  12:45:19.578  1134.1    -0.3      0.0  1013.6   680.6
  12:45:19.609  1136.4    -0.3      0.0  1015.9   680.6
  12:45:19.656  1136.4    -0.3      0.0  1015.9   680.6
  12:45:19.703  1138.8    -0.3      0.0  1018.3   680.6
  12:45:19.734  1141.2    -0.3      0.0  1020.7   680.6
  12:45:19.765  1143.6    -0.3      0.0  1023.1   680.6
  12:45:19.812  1145.8    -0.3      0.0  1025.3   680.6
  12:45:19.859  1148.1    -0.3      0.0  1027.6   690.6
  12:45:19.906  1148.1    -0.3      0.0  1027.6   690.6
  12:45:19.937  1150.5    -0.3      0.0  1030.0   680.7
  12:45:19.984  1153.0    -0.3      0.0  1032.5   690.7
  12:45:20.031  1155.3    -0.3      0.0  1034.8   690.7
  12:45:20.078  1157.6    -0.3      0.0  1037.1   690.7
  12:45:20.125  1159.9    -0.3      0.0  1039.4   690.7
  12:45:20.156  1162.5    -0.3      0.0  1042.0   690.7
  12:45:20.203  1164.5    -0.3      0.0  1044.0   690.7
  12:45:20.250  1166.9    -0.2      0.0  1046.4   700.7
  12:45:20.281  1169.2    -0.2      0.0  1048.7   700.7
  12:45:20.328  1169.2    -0.2      0.0  1048.7   700.7
  12:45:20.375  1171.9    -0.2      0.0  1051.3   700.7
  12:45:20.421  1173.9    -0.2      0.0  1053.4   700.7
  12:45:20.453  1176.3    -0.2      0.0  1055.8   700.7
  12:45:20.500  1178.6    -0.2      0.0  1058.1   700.7
  12:45:20.546  1180.9    -0.2      0.0  1060.4   700.7
  12:45:20.593  1183.2    -0.2      0.0  1062.7   700.7
  12:45:20.625  1185.6    -0.2      0.0  1065.1   700.7
  12:45:20.671  1187.9    -0.2      0.0  1067.4   700.7
  12:45:20.718  1190.3    -0.2      0.0  1069.8   700.7
  12:45:20.750  1190.3    -0.2      0.0  1069.8   700.7
  12:45:20.796  1192.7    -0.2      0.0  1072.1   700.7
  12:45:20.828  1194.9    -0.2      0.0  1074.4   700.7
  12:45:20.875  1197.3    -0.2      0.0  1076.8   700.7
  12:45:20.937  1199.6    -0.2      0.0  1079.1   700.7
  12:45:20.968  1202.0    -0.2      0.0  1081.4   700.7
  12:45:21.000  1204.4    -0.2      0.0  1083.9   700.7
  12:45:21.046  1206.7    -0.2      0.0  1086.2   710.7
  12:45:21.093  1206.7    -0.2      0.0  1086.2   710.7
  12:45:21.140  1209.0    -0.2      0.0  1088.5   710.7
  12:45:21.171  1211.4    -0.2      0.0  1090.9   710.7
  12:45:21.218  1213.7    -0.2      0.0  1093.2   710.7
  12:45:21.250  1216.0    -0.2      0.0  1095.5   710.7
  12:45:21.296  1218.5    -0.2      0.0  1097.9   710.7
  12:45:21.359  1220.7    -0.2      0.0  1100.2   710.7
  12:45:21.390  1220.7    -0.2      0.0  1100.2   720.7
  12:45:21.437  1223.8    -0.2      0.0  1103.3   720.7
  12:45:21.468  1226.2    -0.2      0.0  1105.7   720.7
  12:45:21.515  1228.5    -0.2      0.0  1108.0   720.7
  12:45:21.562  1228.5    -0.2      0.0  1108.0   720.7
  12:45:21.609  1231.4    -0.2      0.0  1110.9   720.7
  12:45:21.640  1233.9    -0.2      0.0  1113.4   720.7
  12:45:21.671  1236.3    -0.2      0.0  1115.8   720.7
  12:45:21.718  1238.6    -0.2      0.0  1118.1   720.7
  12:45:21.765  1240.9    -0.2      0.0  1120.4   730.7
  12:45:21.812  1243.3    -0.2      0.0  1122.8   730.7
  12:45:21.859  1245.6    -0.2      0.0  1125.1   730.7
  12:45:21.890  1245.6    -0.2      0.0  1125.1   760.7
  12:45:21.937  1247.9    -0.2      0.0  1127.3   790.7
  12:45:21.984  1250.3    -0.2      0.0  1129.7   790.7
  12:45:22.031  1252.7    -0.2      0.0  1132.1   830.7
  12:45:22.062  1255.0    -0.2      0.0  1134.3   840.7
  12:45:22.109  1257.3    -0.2      0.0  1136.7   840.7
  12:45:22.156  1259.6    -0.2      0.0  1139.0   890.7
  12:45:22.203  1262.1    -0.2      0.0  1141.4   890.7
  12:45:22.250  1264.4    -0.2      0.0  1143.8   870.7
  12:45:22.281  1266.6    -0.2      0.0  1146.0   880.7
  12:45:22.328  1269.1    -0.2      0.0  1148.4   890.7
  12:45:22.375  1269.1    -0.2      0.0  1148.4   890.7
  12:45:22.421  1271.4    -0.2      0.0  1150.8   890.7
  12:45:22.453  1273.7    -0.2      0.0  1153.1   900.7
  12:45:22.500  1276.1    -0.2      0.0  1155.5   900.7
  12:45:22.546  1278.4    -0.2      0.0  1157.7   900.7
  12:45:22.578  1280.8    -0.2      0.0  1160.1   900.7
  12:45:22.625  1283.1    -0.2      0.0  1162.4   900.7
  12:45:22.671  1283.1    -0.2      0.0  1162.4   900.7
  12:45:22.718  1287.8    -0.2      0.0  1167.1   920.8
  12:45:22.750  1287.8    -0.2      0.0  1167.1   920.8
  12:45:22.796  1290.1    -0.2      0.0  1169.4   920.8
  12:45:22.843  1292.5    -0.2      0.0  1171.9   930.8
  12:45:22.890  1294.7    -0.2      0.0  1174.0   920.8
  12:45:22.921  1297.1    -0.2      0.0  1176.5   930.8
  12:45:22.968  1299.4    -0.2      0.0  1178.7   930.8
  12:45:23.015  1301.8    -0.2      0.0  1181.1   920.8
  12:45:23.062  1304.2    -0.2      0.0  1183.5   930.8
  12:45:23.093  1306.5    -0.1      0.0  1185.8   930.8
  12:45:23.140  1308.8    -0.1      0.0  1188.1   930.8
  12:45:23.187  1308.8    -0.1      0.0  1188.1   930.8
  12:45:23.234  1311.2    -0.1      0.0  1190.5   930.8
  12:45:23.265  1313.4    -0.1      0.0  1192.8   930.8
  12:45:23.312  1315.9    -0.1      0.0  1195.2   990.8
  12:45:23.359  1318.1    -0.1      0.0  1197.4   980.8
  12:45:23.406  1320.5    -0.1      0.0  1199.8   950.8
  12:45:23.437  1322.8    -0.1      0.0  1202.1   960.8
  12:45:23.484  1325.2    -0.1      0.0  1204.5   980.8
  12:45:23.531  1327.5    -0.1      0.0  1206.8   950.8
  12:45:23.562  1327.5    -0.1      0.0  1206.8   980.8
  12:45:23.625  1329.8    -0.1      0.0  1209.1   970.8
  12:45:23.656  1332.3    -0.1      0.0  1211.6   970.8
  12:45:23.703  1334.6    -0.1      0.0  1213.9   970.8
  12:45:23.750  1336.9    -0.1      0.0  1216.2   970.8
  12:45:23.796  1339.3    -0.1      0.0  1218.6   970.8
  12:45:23.843  1341.6    -0.1      0.0  1220.9   970.8
  12:45:23.875  1343.8    -0.1      0.0  1223.1   990.8
  12:45:23.921  1346.1    -0.1      0.0  1225.4   990.8
  12:45:23.968  1348.6    -0.1      0.0  1227.8  1020.8
  12:45:24.015  1348.6    -0.1      0.0  1227.8  1010.8
  12:45:24.046  1351.1    -0.1      0.0  1230.4   990.8
  12:45:24.093  1353.3    -0.1      0.0  1232.6  1010.8
  12:45:24.140  1355.6    -0.1      0.0  1234.9  1000.8
  12:45:24.187  1358.0    -0.1      0.0  1237.3  1000.8
  12:45:24.218  1360.2    -0.1      0.0  1239.5  1020.8
  12:45:24.265  1362.6    -0.1      0.0  1241.9  1020.8
  12:45:24.312  1364.9    -0.1      0.0  1244.2  1020.8
  12:45:24.359  1367.3    -0.1      0.0  1246.6  1040.8
  12:45:24.390  1369.6    -0.1      0.0  1248.9  1030.8
  12:45:24.437  1371.9    -0.1      0.0  1251.2  1030.8
  12:45:56.640  1838.5   760.4     90.0   737.5   640.0
  12:45:56.687  1838.5   762.6     90.0   737.5   642.2
  12:45:56.718  1838.5   762.6     90.0   737.5   642.2
  12:45:56.750  1838.5   765.1     90.0   837.5   644.7
  12:45:56.796  1838.5   767.3     90.0   857.5   647.0
  12:45:56.843  1838.5   769.7     90.0   857.5   649.4
  12:45:56.890  1838.5   772.0     90.0   917.5   651.7
  12:45:56.921  1838.5   774.3     90.0   937.5   654.0
  12:45:56.968  1838.5   776.7     90.0   937.5   656.4
  12:45:57.015  1838.5   776.7     90.0   937.5   656.4
  12:45:57.046  1838.5   779.1     90.0   937.5   658.8
  12:45:57.093  1838.5   781.3     90.0   937.5   661.0
  12:45:57.140  1838.5   783.8     90.0   957.5   663.5
  12:45:57.171  1838.5   786.1     90.0   967.5   665.8
  12:45:57.218  1838.5   788.4     90.0   957.5   668.1
  12:45:57.265  1838.4   790.7     90.0   957.5   670.4
  12:45:57.312  1838.4   793.0     90.0   967.5   672.7
  12:45:57.343  1838.4   793.0     90.0   967.5   672.7
  12:45:57.390  1838.4   796.2     90.0   987.5   675.9
  12:45:57.437  1838.4   798.6     90.0   987.5   678.4
  12:45:57.484  1838.4   800.9     90.0   987.5   680.6
  12:45:57.515  1838.4   803.2     90.0   997.5   682.9
  12:45:57.562  1838.4   805.5     90.0  1007.5   685.2
  12:45:57.609  1838.4   807.9     90.0  1007.5   687.6
  12:45:57.656  1838.4   810.2     90.0  1027.5   689.9
  12:45:57.687  1838.4   810.2     90.0  1037.5   689.9
  12:45:57.734  1838.4   812.5     90.0  1037.5   692.3
  12:45:57.750  1838.4   812.5     90.0  1037.5   692.3
  12:45:57.796  1838.4   815.7     90.0  1037.5   695.5
  12:45:57.843  1838.4   818.0     90.0  1037.5   697.8
  12:45:57.890  1838.4   820.4     90.0  1037.5   700.1
  12:45:57.921  1838.4   822.7     90.0  1037.5   702.4
  12:45:57.968  1838.4   825.0     90.0  1037.5   704.8
  12:45:58.015  1838.4   827.4     90.0  1057.5   707.1
  12:45:58.046  1838.4   827.4     90.0  1057.5   707.1
  12:45:58.078  1838.4   829.8     90.0  1057.5   709.5
  12:45:58.125  1838.4   832.0     90.0  1057.5   711.8
  12:45:58.171  1838.4   834.5     90.0  1057.5   714.3
  12:45:58.203  1838.4   836.8     90.0  1057.5   716.5
  12:45:58.250  1838.4   839.1     90.0  1077.5   718.8
  12:45:58.281  1838.4   841.4     90.0  1087.5   721.2
  12:45:58.328  1838.4   841.4     90.0  1087.5   721.2
  12:45:58.375  1838.4   843.9     90.0  1087.5   723.7
  12:45:58.421  1838.4   846.1     90.0  1087.5   725.9
  12:45:58.453  1838.4   848.4     90.0  1087.5   728.2
  12:45:58.500  1838.4   850.8     90.0  1097.5   730.6
  12:45:58.546  1838.4   853.2     90.0  1097.5   732.9
  12:45:58.593  1838.4   855.5     90.0  1097.5   735.3
  12:45:58.640  1838.4   857.8     90.0  1117.5   737.6
  12:45:58.718  1838.4   860.1     90.0  1117.5   739.9
  12:45:58.750  1838.4   862.5     90.0  1117.5   742.2
  12:45:58.796  1838.4   864.8     90.0  1117.5   744.5
  12:45:58.828  1838.4   867.2     90.0  1127.5   746.9
  12:45:58.875  1838.4   869.5     90.0  1127.5   749.2
  12:45:58.921  1838.4   871.8     90.0  1137.5   751.6
  12:45:58.937  1838.4   871.8     90.0  1137.5   751.6
  12:45:58.984  1838.4   874.2     90.0  1137.5   754.0
  12:45:59.015  1838.4   876.6     90.0  1147.5   756.3
  12:45:59.062  1838.4   878.9     90.0  1157.5   758.7
  12:45:59.109  1838.4   881.2     90.0  1157.5   761.0
  12:45:59.140  1838.4   881.2     90.0  1147.5   761.0
  12:45:59.203  1838.4   885.9     90.0  1157.5   765.6
  12:45:59.234  1838.4   885.9     90.0  1157.5   765.6
  12:45:59.281  1838.4   888.1     90.0  1157.5   767.9
  12:45:59.328  1838.4   890.6     90.0  1157.5   770.3
  12:45:59.359  1838.4   893.3     90.0  1157.5   773.1
  12:45:59.406  1838.4   895.3     90.0  1157.5   775.0
  12:45:59.437  1838.4   897.6     90.0  1157.5   777.4
  12:45:59.484  1838.4   899.9     90.0  1147.5   779.7
  12:45:59.531  1838.4   899.9     90.0  1147.5   779.7
  12:45:59.578  1838.4   902.7     90.0  1147.5   782.4
  12:45:59.609  1838.4   904.6     90.0  1147.5   784.3
  12:45:59.656  1838.4   906.8     90.0  1147.5   786.6
  12:45:59.687  1838.4   909.2     90.0  1147.5   788.9
  12:45:59.734  1838.4   911.6     90.0  1147.4   791.4
  12:45:59.781  1838.4   913.9     90.0  1147.4   793.6
  12:45:59.812  1838.4   913.9     90.0  1147.4   793.6
  12:45:59.859  1838.4   916.3     90.0  1147.4   796.0
  12:45:59.906  1838.4   918.6     90.0  1147.4   798.4
  12:45:59.937  1838.4   920.9     90.0  1147.4   800.7
  12:45:59.984  1838.4   923.4     90.0  1147.4   803.1
  12:46:00.031  1838.4   925.7     90.0  1147.4   805.4
  12:46:00.078  1838.4   927.9     90.0  1147.4   807.7
  12:46:00.109  1838.4   930.3     90.0  1147.4   810.1
  12:46:00.156  1838.4   932.7     90.0  1137.4   812.5
  12:46:00.203  1838.4   932.7     90.0  1137.4   812.5
  12:46:00.250  1838.4   935.2     90.0  1137.4   814.9
  12:46:00.281  1838.4   937.3     90.0  1137.4   817.0
  12:46:00.328  1838.4   939.6     90.0  1137.4   819.4
  12:46:00.375  1838.4   942.0     90.0  1137.4   821.8
  12:46:00.406  1838.4   944.4     90.0  1137.4   824.2
  12:46:00.453  1838.4   946.6     90.0  1137.4   826.4
  12:46:00.500  1838.4   949.1     90.0  1137.4   828.8
  12:46:00.531  1838.4   949.1     90.0  1137.4   828.8
  12:46:00.578  1838.4   951.4     90.0  1137.4   831.2
  12:46:00.625  1838.4   953.7     90.0  1137.4   833.4
  12:46:00.656  1838.4   956.0     90.0  1137.4   835.8
  12:46:00.703  1838.4   958.5     90.0  1137.4   838.2
  12:46:00.750  1838.4   960.7     90.0  1127.4   840.5
  12:46:00.796  1838.4   963.0     90.0  1127.4   842.8
  12:46:00.828  1838.4   965.5     90.0  1127.4   845.3
  12:46:00.875  1838.4   967.7     90.0  1127.4   847.5
  12:46:00.921  1838.4   967.7     90.0  1127.4   847.5
  12:46:00.968  1838.4   970.1     90.0  1127.4   849.9
  12:46:01.000  1838.4   972.4     90.0  1127.4   852.2
  12:46:01.031  1838.4   974.8     90.0  1127.4   854.6
  12:46:01.078  1838.4   977.1     90.0  1127.4   856.9
  12:46:01.125  1838.4   979.5     90.0  1127.4   859.2
  12:46:01.171  1838.4   981.8     90.0  1117.4   861.5
  12:46:01.203  1838.4   984.1     90.0  1117.4   863.9
  12:46:01.250  1838.4   984.1     90.0  1117.4   863.9
  12:46:01.296  1838.4   986.4     90.0  1117.4   866.1
  12:46:01.328  1838.4   988.8     90.0  1117.4   868.5
  12:46:01.375  1838.4   991.2     90.0  1117.4   870.9
  12:46:01.421  1838.4   993.4     90.0  1117.4   873.2
  12:46:01.468  1838.4   995.8     90.0  1117.4   875.6
  12:46:01.515  1838.4   998.2     90.0  1117.4   877.9
  12:46:01.546  1838.4  1000.5     90.0  1117.4   880.3
  12:46:01.578  1838.4  1000.5     90.0  1117.4   880.3
  12:46:01.609  1838.4  1002.8     90.0  1117.4   882.6
  12:46:01.656  1838.4  1005.2     90.0  1117.4   884.9
  12:46:01.703  1838.4  1007.5     90.0  1117.4   887.3
  12:46:01.734  1838.4  1009.8     90.0  1117.4   889.6
  12:46:01.781  1838.4  1012.3     90.0  1117.4   892.0
  12:46:01.828  1838.4  1012.3     90.0  1117.4   892.0
  12:46:01.875  1838.4  1014.6     90.0  1117.4   894.3
  12:46:01.906  1838.4  1016.9     90.0  1127.4   896.6
  12:46:01.953  1838.4  1019.3     90.0  1127.4   899.0
  12:46:02.000  1838.4  1021.5     90.0  1127.4   901.3
  12:46:02.046  1838.4  1024.7     90.0  1127.4   904.4
  12:46:02.093  1838.4  1027.0     90.0  1127.4   906.7
  12:46:02.125  1838.4  1027.0     90.0  1127.4   906.7
  12:46:02.171  1838.4  1029.4     90.0  1137.4   909.1
  12:46:02.218  1838.4  1031.6     90.0  1137.4   911.4
  12:46:02.265  1838.4  1034.0     90.0  1137.4   913.8
  12:46:02.312  1838.4  1036.3     90.0  1137.4   916.1
  12:46:02.343  1838.4  1038.6     90.0  1137.4   918.4
  12:46:02.390  1838.4  1041.0     90.0  1137.4   920.8
  12:46:02.437  1838.4  1043.3     90.0  1147.4   923.1
  12:46:02.484  1838.4  1045.6     90.0  1147.4   925.4
  12:46:02.531  1838.4  1048.0     90.0  1147.4   927.8
  12:46:02.562  1838.4  1048.0     90.0  1147.4   927.8
  12:46:02.609  1838.4  1050.3     90.0  1147.4   930.1
  12:46:02.656  1838.4  1052.8     90.0  1147.4   932.5
  12:46:02.687  1838.4  1055.0     90.0  1157.4   934.8
  12:46:02.734  1838.4  1057.4     90.0  1157.4   937.1
  12:46:02.781  1838.4  1059.7     90.0  1157.4   939.4
  12:46:02.812  1838.4  1062.2     90.0  1157.4   942.0
  12:46:02.859  1838.4  1064.4     90.0  1157.4   944.2
  12:46:02.906  1838.4  1066.7     90.0  1157.4   946.5
  12:46:02.953  1838.4  1066.7     90.0  1157.4   946.5
  12:46:03.000  1838.4  1069.0     90.0  1167.4   948.8
  12:46:03.031  1838.4  1071.5     90.0  1167.4   951.2
  12:46:03.078  1838.4  1073.8     90.0  1167.4   953.6
  12:46:03.125  1838.4  1076.3     90.0  1167.4   956.1
  12:46:03.171  1838.4  1078.5     90.0  1167.4   958.2
  12:46:03.218  1838.4  1080.8     90.0  1167.4   960.5
  12:46:03.250  1838.3  1084.0     90.0  1167.4   963.7
  12:46:03.296  1838.3  1084.0     90.0  1167.4   963.7
  12:46:03.343  1838.3  1086.2     90.0  1177.4   966.0
  12:46:03.406  1838.3  1091.1     90.0  1177.4   970.8
  12:46:03.421  1838.3  1091.1     90.0  1177.4   970.8
  12:46:03.468  1838.3  1093.3     90.0  1177.4   973.0
  12:46:03.515  1838.3  1095.6     90.0  1187.4   975.3
  12:46:03.562  1838.3  1097.9     90.0  1187.4   977.7
  12:46:03.593  1838.3  1097.9     90.0  1187.4   977.7
  12:46:03.640  1838.3  1101.1     90.0  1187.4   980.8
  12:46:03.687  1838.3  1103.4     90.0  1187.4   983.2
  12:46:03.734  1838.3  1105.8     90.0  1187.4   985.6
  12:46:03.765  1838.3  1108.1     90.0  1187.4   987.9
  12:46:03.812  1838.3  1110.5     90.0  1187.4   990.2
  12:46:03.859  1838.3  1112.8     90.0  1187.4   992.6
  12:46:03.906  1838.3  1115.2     90.0  1187.4   994.9
  12:46:03.937  1838.3  1117.4     90.0  1187.4   997.2
  12:46:03.984  1838.3  1117.4     90.0  1197.4   997.2
  12:46:04.031  1838.3  1119.8     90.0  1197.4   999.5
  12:46:04.078  1838.3  1122.1     90.0  1197.4  1001.9
  12:46:04.125  1838.3  1124.5     90.0  1197.4  1004.3
  12:46:04.156  1838.3  1126.9     90.0  1197.4  1006.7
  12:46:04.203  1838.3  1129.1     90.0  1197.4  1008.9
  12:46:04.250  1838.3  1131.5     90.0  1197.4  1011.3
  12:46:04.296  1838.3  1133.9     90.0  1207.4  1013.7
  12:46:04.328  1838.3  1136.2     90.0  1207.4  1015.9
  12:46:04.375  1838.3  1138.4     90.0  1207.4  1018.2
  12:46:04.421  1838.3  1140.8     90.0  1207.4  1020.6
  12:46:04.468  1838.3  1140.8     90.0  1207.4  1020.6
  12:46:04.500  1838.3  1143.2     90.0  1207.4  1023.0
  12:46:04.546  1838.3  1145.6     90.0  1217.4  1025.4
  12:46:04.593  1838.3  1147.8     90.0  1217.4  1027.6
  12:46:04.640  1838.3  1150.2     90.0  1217.4  1030.0
  12:46:04.671  1838.3  1152.6     90.0  1217.4  1032.4
  12:46:04.718  1838.3  1154.8     90.0  1217.4  1034.6
  12:46:04.765  1838.3  1157.2     90.0  1217.4  1037.0
  12:46:04.812  1838.3  1159.5     90.0  1217.4  1039.3
  12:46:04.843  1838.3  1161.9     90.0  1217.4  1041.7
  12:46:04.890  1838.3  1161.9     90.0  1227.4  1041.7
  12:46:04.937  1838.3  1164.1     90.0  1227.4  1043.9
  12:46:04.984  1838.3  1166.6     90.0  1227.4  1046.4
  12:46:05.031  1838.3  1168.9     90.0  1227.4  1048.7
  12:46:05.062  1838.3  1171.4     90.0  1227.4  1051.1
  12:46:05.109  1838.3  1173.6     90.0  1227.4  1053.4
  12:46:05.156  1838.3  1175.9     90.0  1237.4  1055.7
  12:46:05.203  1838.3  1178.3     90.0  1237.4  1058.1
  12:46:05.234  1838.3  1180.6     90.0  1237.4  1060.4
  12:46:05.281  1838.3  1182.9     90.0  1237.4  1062.7
  12:46:05.328  1838.3  1182.9     90.0  1237.4  1062.7
  12:46:05.375  1838.3  1185.2     90.0  1237.4  1065.0
  12:46:05.406  1838.3  1187.7     90.0  1237.4  1067.5
  12:46:05.453  1838.3  1190.0     90.0  1237.4  1069.8
  12:46:05.500  1838.3  1192.3     90.0  1237.4  1072.1
  12:46:05.531  1838.3  1194.7     90.0  1247.4  1074.5
  12:46:05.578  1838.3  1196.9     90.0  1247.4  1076.7
  12:46:05.625  1838.3  1199.3     90.0  1247.4  1079.1
  12:46:05.671  1838.3  1201.6     90.0  1247.3  1081.4
  12:46:05.718  1838.3  1204.0     90.0  1247.3  1083.8
  12:46:05.750  1838.3  1204.0     90.0  1247.3  1083.8
  12:46:05.796  1838.3  1206.3     90.0  1257.3  1086.1
  12:46:05.828  1838.3  1208.7     90.0  1257.3  1088.5
  12:46:05.875  1838.3  1208.7     90.0  1257.3  1088.5
  12:46:05.906  1838.3  1212.0     90.0  1257.3  1091.8
  12:46:05.953  1838.3  1214.2     90.0  1257.3  1094.0
  12:46:06.000  1838.3  1216.5     90.0  1247.3  1096.3
  12:46:06.015  1838.3  1218.8     90.0  1247.3  1098.6
  12:46:06.062  1838.3  1218.8     90.0  1247.3  1098.6
  12:46:06.109  1838.3  1221.9     90.0  1217.3  1101.7
  12:46:06.156  1838.3  1224.3     90.0  1217.3  1104.1
  12:46:06.203  1838.3  1226.7     90.0  1217.3  1106.5
  12:46:06.234  1838.3  1228.9     90.0  1177.3  1108.7
  12:46:06.281  1838.3  1231.2     90.0  1157.3  1111.0
  12:46:06.328  1838.3  1233.6     90.0  1157.3  1113.4
  12:46:06.375  1838.3  1235.9     90.0  1137.3  1115.7
  12:46:06.406  1838.3  1235.9     90.0  1077.3  1115.6
  12:46:06.453  1838.3  1238.3     90.0  1077.3  1118.0
  12:46:06.500  1838.3  1240.6     90.0  1077.3  1120.3
  12:46:06.546  1838.3  1243.0     90.0  1077.3  1122.7
  12:46:06.578  1838.3  1245.3     90.0  1077.3  1125.1
  12:46:06.625  1838.3  1247.6     90.0  1047.3  1127.4
  12:46:06.671  1838.3  1250.0     90.0  1047.3  1129.8
  12:46:06.703  1838.3  1250.0     90.0  1047.3  1129.8
  12:46:06.750  1838.3  1252.4     90.0  1037.3  1132.1
  12:46:06.781  1838.3  1254.6     90.0  1027.3  1134.3
  12:46:06.828  1838.3  1257.1     90.0  1027.3  1136.8
  12:46:06.875  1838.3  1259.4     90.0  1027.3  1139.1
  12:46:06.921  1838.3  1261.7     90.0  1027.3  1141.4
  12:46:06.953  1838.3  1264.0     90.0  1027.3  1143.7
  12:46:07.000  1838.3  1266.4     90.0  1017.3  1146.1
  12:46:07.046  1838.3  1268.7     90.0  1017.3  1148.4
  12:46:07.093  1838.3  1271.1     90.0  1017.3  1150.8
  12:46:07.140  1838.3  1273.4     90.0  1017.3  1153.2
  12:46:07.171  1838.3  1273.4     90.0  1027.3  1153.2
  12:46:07.218  1838.3  1275.7     90.0  1027.3  1155.4
  12:46:07.265  1838.3  1278.0     90.0  1027.3  1157.7
  12:46:07.312  1838.3  1280.9     90.0  1017.3  1160.6
  12:46:07.343  1838.3  1282.7     90.0  1017.3  1162.5
  12:46:07.390  1838.3  1285.1     90.0  1017.3  1164.8
  12:46:07.437  1838.3  1287.4     90.0  1017.3  1167.1
  12:46:07.484  1838.3  1287.4     90.0  1017.3  1167.1
  12:46:07.515  1838.3  1290.4     90.0  1017.3  1170.1
  12:46:07.562  1838.3  1292.9     90.0  1017.3  1172.7
  12:46:07.609  1838.3  1295.2     90.0  1017.3  1174.9
  12:46:07.656  1838.3  1297.5     90.0  1007.3  1177.2
  12:46:07.687  1838.3  1300.7     90.0  1017.3  1180.4
  12:46:07.734  1838.3  1303.0     90.0  1017.3  1182.7
  12:46:07.781  1838.3  1303.0     90.0  1007.3  1182.7
  12:46:07.828  1838.3  1305.3     90.0  1007.3  1185.0
  12:46:07.875  1838.3  1307.7     90.0  1017.3  1187.4
  12:46:07.906  1838.3  1310.1     90.0  1007.3  1189.8
  12:46:07.953  1838.3  1312.4     90.0   997.3  1192.1
  12:46:08.000  1838.3  1314.7     90.0   997.3  1194.4
  12:46:08.046  1838.3  1317.0     90.0   997.3  1196.7
  12:46:08.078  1838.3  1317.0     90.0   997.3  1196.7
  12:46:08.125  1838.3  1320.0     90.0   997.3  1199.7
  12:46:08.171  1838.3  1322.6     90.0   997.3  1202.3
  12:46:08.218  1838.3  1324.9     90.0   997.3  1204.6
  12:46:08.265  1838.3  1327.1     90.0   997.3  1206.9
  12:46:08.296  1838.3  1329.5     90.0   997.3  1209.2
  12:46:08.343  1838.3  1331.9     90.0   997.3  1211.6
  12:46:08.390  1838.3  1334.2     90.0   997.3  1214.0
  12:46:08.421  1838.3  1336.6     90.0   977.3  1216.3
  12:46:08.468  1838.3  1336.6     90.0   957.3  1216.3
  12:46:08.515  1838.3  1338.9     90.0   957.3  1218.6
  12:46:08.562  1838.3  1341.3     90.0   907.3  1221.0
  12:46:08.593  1838.3  1343.5     90.0   827.3  1223.2
  12:46:08.640  1838.3  1346.0     90.0   827.3  1225.6
  12:46:08.687  1838.3  1348.3     90.0   737.3  1227.9
  12:46:08.734  1838.3  1350.6     90.0   547.3  1230.1
  12:46:08.765  1838.3  1353.0     90.0   547.3  1232.5
  12:46:39.984  1139.1  1838.6   -180.0  1259.8   677.6
  12:46:40.031  1137.3  1838.6   -180.0  1257.8   797.6
  12:46:40.078  1137.3  1838.6   -180.0  1257.8   797.6
  12:46:40.109  1134.9  1838.6   -180.0  1255.4   977.6
  12:46:40.156  1132.5  1838.6   -180.0  1252.9  1097.6
  12:46:40.203  1130.2  1838.6   -180.0  1250.6  1097.6
  12:46:40.234  1127.9  1838.6   -180.0  1248.3  1097.6
  12:46:40.281  1125.6  1838.6   -180.0  1246.0  1127.6
  12:46:40.328  1123.2  1838.6   -180.0  1243.6  1127.6
  12:46:40.375  1120.9  1838.6   -180.0  1241.3  1137.6
  12:46:40.406  1118.6  1838.6   -180.0  1239.0  1137.6
  12:46:40.453  1118.6  1838.6   -180.0  1239.0  1127.6
  12:46:40.500  1116.1  1838.6   -180.0  1236.5  1137.6
  12:46:40.546  1113.9  1838.6   -180.0  1234.2  1137.6
  12:46:40.578  1111.5  1838.6   -180.0  1231.9  1137.6
  12:46:40.625  1109.1  1838.6   -180.0  1229.5  1137.6
  12:46:40.671  1106.8  1838.6   -180.0  1227.2  1137.6
  12:46:40.718  1104.5  1838.6   -180.0  1224.8  1137.6
  12:46:40.765  1102.2  1838.5   -180.0  1222.6  1127.6
  12:46:40.796  1099.8  1838.5   -180.0  1220.2  1127.6
  12:46:40.843  1097.4  1838.5   -180.0  1217.8  1127.6
  12:46:40.921  1095.1  1838.5   -180.0  1215.5  1127.6
  12:46:40.968  1092.7  1838.5   -180.0  1213.1  1127.6
  12:46:41.000  1090.5  1838.5   -180.0  1210.9  1127.6
  12:46:41.046  1088.2  1838.5   -180.0  1208.6  1127.6
  12:46:41.093  1085.7  1838.5   -180.0  1206.1  1127.6
  12:46:41.140  1083.4  1838.5   -180.0  1203.8  1127.6
  12:46:41.187  1081.1  1838.5   -180.0  1201.5  1137.6
  12:46:41.218  1081.1  1838.5   -180.0  1201.5  1137.6
  12:46:41.250  1078.7  1838.5   -180.0  1199.1  1137.6
  12:46:41.296  1076.4  1838.5   -180.0  1196.8  1137.6
  12:46:41.328  1074.1  1838.5   -180.0  1194.5  1137.6
  12:46:41.375  1071.7  1838.5   -180.0  1192.1  1137.6
  12:46:41.421  1069.4  1838.5   -180.0  1189.8  1137.6
  12:46:41.468  1067.1  1838.5   -180.0  1187.5  1137.6
  12:46:41.515  1067.1  1838.5   -180.0  1187.5  1137.6
  12:46:41.546  1064.6  1838.5   -180.0  1185.0  1137.6
  12:46:41.593  1062.4  1838.5   -180.0  1182.8  1137.6
  12:46:41.640  1060.0  1838.5   -180.0  1180.4  1137.6
  12:46:41.671  1057.7  1838.5   -180.0  1178.1  1137.6
  12:46:41.718  1055.4  1838.5   -180.0  1175.8  1137.6
  12:46:41.765  1053.1  1838.5   -180.0  1173.5  1137.6
  12:46:41.812  1050.3  1838.5   -180.0  1170.7  1137.6
  12:46:41.859  1048.4  1838.5   -180.0  1168.8  1137.6
  12:46:41.890  1046.1  1838.5   -180.0  1166.4  1137.6
  12:46:41.937  1046.1  1838.5   -180.0  1166.4  1137.6
  12:46:41.984  1043.7  1838.5   -180.0  1164.0  1137.6
  12:46:42.015  1040.9  1838.5   -180.0  1161.3  1137.6
  12:46:42.062  1040.9  1838.5   -180.0  1161.3  1137.6
  12:46:42.093  1038.2  1838.5   -180.0  1158.6  1137.6
  12:46:42.140  1035.9  1838.5   -180.0  1156.3  1137.6
  12:46:42.187  1033.5  1838.5   -180.0  1153.9  1137.6
  12:46:42.234  1031.2  1838.5   -180.0  1151.5  1137.6
  12:46:42.281  1028.9  1838.5   -180.0  1149.3  1137.6
  12:46:42.312  1026.5  1838.5   -180.0  1146.9  1137.6
  12:46:42.359  1024.1  1838.5   -180.0  1144.5  1137.6
  12:46:42.406  1021.7  1838.5   -180.0  1142.1  1137.6
  12:46:42.453  1019.5  1838.5   -180.0  1139.9  1137.6
  12:46:42.484  1019.5  1838.5   -180.0  1139.9  1137.6
  12:46:42.515  1017.2  1838.5   -180.0  1137.6  1137.6
  12:46:42.562  1014.8  1838.5   -180.0  1135.2  1137.6
  12:46:42.609  1012.5  1838.5   -180.0  1132.9  1137.6
  12:46:42.656  1010.1  1838.5   -180.0  1130.5  1137.6
  12:46:42.687  1007.7  1838.5   -180.0  1128.1  1137.6
  12:46:42.734  1005.4  1838.5   -180.0  1125.8  1137.6
  12:46:42.781  1003.1  1838.5   -180.0  1123.5  1137.6
  12:46:42.828  1000.8  1838.5   -180.0  1121.2  1137.6
  12:46:42.859  1000.8  1838.5   -180.0  1121.2  1137.6
  12:46:42.906   998.5  1838.5   -180.0  1118.9  1137.6
  12:46:42.953   996.2  1838.5   -180.0  1116.6  1137.6
  12:46:43.000   993.8  1838.5   -180.0  1114.1  1137.6
  12:46:43.046   991.4  1838.5   -180.0  1111.8  1137.6
  12:46:43.078   989.0  1838.5   -180.0  1109.4  1137.6
  12:46:43.125   986.8  1838.5   -180.0  1107.2  1137.6
  12:46:43.171   984.5  1838.5   -180.0  1104.9  1137.6
  12:46:43.218   982.0  1838.5   -180.0  1102.4  1137.5
  12:46:43.265   979.8  1838.5   -180.0  1100.2  1147.5
  12:46:43.296   977.4  1838.5   -180.0  1097.8  1147.5
  12:46:43.343   977.4  1838.5   -180.0  1097.8  1147.5
  12:46:43.390   975.1  1838.5   -180.0  1095.5  1147.5
  12:46:43.437   972.7  1838.5   -180.0  1093.1  1147.5
  12:46:43.468   970.4  1838.5   -180.0  1090.8  1147.5
  12:46:43.515   968.0  1838.5   -180.0  1088.4  1147.5
  12:46:43.562   965.8  1838.5   -180.0  1086.1  1147.5
  12:46:43.593   963.4  1838.5   -180.0  1083.8  1147.5
  12:46:43.640   960.9  1838.5   -180.0  1081.3  1147.5
  12:46:43.687   958.7  1838.5   -180.0  1079.1  1147.5
  12:46:43.718   958.7  1838.5   -180.0  1079.1  1147.5
  12:46:43.765   956.3  1838.5   -180.0  1076.7  1147.5
  12:46:43.812   954.0  1838.5   -180.0  1074.4  1147.5
  12:46:43.843   951.6  1838.5   -180.0  1072.0  1147.5
  12:46:43.890   949.4  1838.5   -180.0  1069.8  1147.5
  12:46:43.937   946.9  1838.5   -180.0  1067.3  1147.5
  12:46:43.984   944.6  1838.5   -180.0  1064.9  1147.5
  12:46:44.015   944.6  1838.5   -180.0  1064.9  1147.5
  12:46:44.062   942.4  1838.5   -180.0  1062.7  1147.5
  12:46:44.093   940.0  1838.5   -180.0  1060.4  1147.5
  12:46:44.140   937.6  1838.5   -180.0  1058.0  1147.5
  12:46:44.187   935.3  1838.5   -180.0  1055.6  1147.5
  12:46:44.234   932.9  1838.5   -180.0  1053.3  1147.5
  12:46:44.265   930.6  1838.5   -180.0  1051.0  1147.5
  12:46:44.312   928.3  1838.5   -180.0  1048.7  1147.5
  12:46:44.359   926.0  1838.5   -180.0  1046.4  1147.5
  12:46:44.406   923.6  1838.5   -180.0  1044.0  1147.5
  12:46:44.453   923.6  1838.5   -180.0  1044.0  1147.5
  12:46:44.484   921.0  1838.4   -180.0  1041.4  1147.5
  12:46:44.531   919.0  1838.4   -180.0  1039.3  1157.5
  12:46:44.578   916.5  1838.4   -180.0  1036.9  1157.5
  12:46:44.609   914.2  1838.4   -180.0  1034.5  1157.5
  12:46:44.656   911.4  1838.4   -180.0  1031.8  1157.5
  12:46:44.703   911.4  1838.4   -180.0  1031.8  1157.5
  12:46:44.750   908.7  1838.4   -180.0  1029.1  1157.5
  12:46:44.781   906.5  1838.4   -180.0  1026.8  1157.5
  12:46:44.828   904.1  1838.4   -180.0  1024.5  1157.5
  12:46:44.875   901.7  1838.4   -180.0  1022.1  1157.5
  12:46:44.921   899.4  1838.4   -180.0  1019.8  1157.5
  12:46:44.953   897.1  1838.4   -180.0  1017.5  1157.5
  12:46:45.000   894.8  1838.4   -180.0  1015.2  1157.5
  12:46:45.046   892.5  1838.4   -180.0  1012.9  1157.5
  12:46:45.093   890.0  1838.4   -180.0  1010.4  1157.5
  12:46:45.140   890.0  1838.4   -180.0  1010.4  1147.5
  12:46:45.171   887.7  1838.4   -180.0  1008.1  1157.5
  12:46:45.218   885.2  1838.4   -180.0  1005.6  1147.5
  12:46:45.250   882.9  1838.4   -180.0  1003.3  1157.5
  12:46:45.296   880.7  1838.4   -180.0  1001.1  1157.5
  12:46:45.343   878.4  1838.4   -180.0   998.8  1157.5
  12:46:45.390   876.0  1838.4   -180.0   996.4  1157.5
  12:46:45.437   873.7  1838.4   -180.0   994.1  1157.5
  12:46:45.468   871.4  1838.4   -180.0   991.8  1157.5
  12:46:45.515   871.4  1838.4   -180.0   991.8  1157.5
  12:46:45.562   869.0  1838.4   -180.0   989.3  1157.5
  12:46:45.593   866.8  1838.4   -180.0   987.1  1157.5
  12:46:45.640   864.4  1838.4   -180.0   984.7  1147.5
  12:46:45.687   862.0  1838.4   -180.0   982.3  1157.5
  12:46:45.718   859.6  1838.4   -180.0   980.0  1157.5
  12:46:45.765   857.4  1838.4   -180.0   977.8  1157.5
  12:46:45.812   855.0  1838.4   -180.0   975.3  1167.5
  12:46:45.828   855.0  1838.4   -180.0   975.3  1167.5
  12:46:45.875   852.4  1838.4   -180.0   972.8  1177.5
  12:46:45.906   852.4  1838.4   -180.0   972.8  1187.5
  12:46:45.953   849.6  1838.4   -180.0   970.0  1187.5
  12:46:46.000   847.2  1838.4   -180.0   967.6  1187.5
  12:46:46.046   844.9  1838.4   -180.0   965.2  1197.5
  12:46:46.078   842.4  1838.4   -180.0   962.8  1197.5
  12:46:46.125   840.1  1838.4   -180.0   960.4  1207.5
  12:46:46.171   837.8  1838.4   -180.0   958.2  1207.5
  12:46:46.203   837.8  1838.4   -180.0   958.2  1207.5
  12:46:46.250   835.5  1838.4   -180.0   955.8  1217.5
  12:46:46.265   833.1  1838.4   -180.0   953.4  1217.5
  12:46:46.312   830.8  1838.4   -180.0   951.2  1217.5
  12:46:46.359   828.4  1838.4   -180.0   948.8  1227.5
  12:46:46.406   826.2  1838.4   -180.0   946.5  1227.5
  12:46:46.437   826.2  1838.4   -180.0   946.5  1227.5
  12:46:46.484   823.6  1838.4   -180.0   943.9  1237.5
  12:46:46.515   821.5  1838.4   -180.0   941.8  1237.5
  12:46:46.562   819.2  1838.4   -180.0   939.5  1237.5
  12:46:46.593   816.8  1838.4   -180.0   937.2  1227.5
  12:46:46.640   814.4  1838.4   -180.0   934.7  1237.5
  12:46:46.687   812.1  1838.4   -180.0   932.4  1237.5
  12:46:46.734   812.1  1838.4   -180.0   932.4  1237.5
  12:46:46.781   809.8  1838.4   -180.0   930.1  1237.5
  12:46:46.812   807.4  1838.4   -180.0   927.8  1227.5
  12:46:46.859   805.1  1838.4   -180.0   925.5  1227.5
  12:46:46.906   802.7  1838.4   -180.0   923.1  1227.4
  12:46:46.953   800.5  1838.4   -180.0   920.8  1227.4
  12:46:46.984   798.1  1838.4   -180.0   918.4  1227.4
  12:46:47.031   795.7  1838.4   -180.0   916.1  1227.4
  12:46:47.078   793.4  1838.4   -180.0   913.8  1227.4
  12:46:47.125   791.1  1838.4   -180.0   911.4  1227.4
  12:46:47.156   791.1  1838.4   -180.0   911.4  1227.4
  12:46:47.203   788.7  1838.4   -180.0   909.1  1227.4
  12:46:47.234   786.3  1838.4   -180.0   906.7  1227.4
  12:46:47.281   784.0  1838.4   -180.0   904.4  1227.4
  12:46:47.328   781.6  1838.4   -180.0   902.0  1227.4
  12:46:47.359   779.3  1838.4   -180.0   899.7  1227.4
  12:46:47.406   777.0  1838.4   -180.0   897.3  1227.4
  12:46:47.453   774.7  1838.4   -180.0   895.0  1227.4
  12:46:47.500   774.7  1838.4   -180.0   895.0  1227.4
  12:46:47.531   772.3  1838.4   -180.0   892.7  1227.4
  12:46:47.578   770.0  1838.4   -180.0   890.4  1227.4
  12:46:47.625   767.6  1838.4   -180.0   888.0  1217.4
  12:46:47.671   765.4  1838.4   -180.0   885.7  1217.4
  12:46:47.703   763.0  1838.4   -180.0   883.3  1217.4
  12:46:47.750   760.6  1838.4   -180.0   881.0  1217.4
  12:46:47.796   758.2  1838.4   -180.0   878.5  1217.4
  12:46:47.843   756.0  1838.4   -180.0   876.4  1217.4
  12:46:47.890   753.7  1838.4   -180.0   874.0  1217.4
  12:46:47.921   753.7  1838.4   -180.0   874.0  1217.4
  12:46:47.968   751.4  1838.4   -180.0   871.7  1217.4
  12:46:48.015   749.0  1838.4   -180.0   869.4  1217.4
  12:46:48.062   746.7  1838.4   -180.0   867.0  1217.4
  12:46:48.093   744.2  1838.4   -180.0   864.5  1217.4
  12:46:48.140   742.0  1838.3   -180.0   862.3  1217.4
  12:46:48.187   739.7  1838.3   -180.0   860.0  1217.4
  12:46:48.234   737.2  1838.3   -180.0   857.6  1217.4
  12:46:48.281   735.0  1838.3   -180.0   855.3  1217.4
  12:46:48.312   732.6  1838.3   -180.0   853.0  1217.4
  12:46:48.359   732.6  1838.3   -180.0   853.0  1217.4
  12:46:48.390   730.2  1838.3   -180.0   850.6  1207.4
  12:46:48.437   727.9  1838.3   -180.0   848.2  1207.4
  12:46:48.468   725.6  1838.3   -180.0   845.9  1207.4
  12:46:48.515   723.2  1838.3   -180.0   843.5  1207.4
  12:46:48.562   720.9  1838.3   -180.0   841.2  1207.4
  12:46:48.609   718.5  1838.3   -180.0   838.8  1207.4
  12:46:48.625   718.5  1838.3   -180.0   838.8  1207.4
  12:46:48.671   716.2  1838.3   -180.0   836.5  1207.4
  12:46:48.718   713.8  1838.3   -180.0   834.1  1207.4
  12:46:48.765   711.6  1838.3   -180.0   831.9  1207.4
  12:46:48.812   709.2  1838.3   -180.0   829.6  1207.4
  12:46:48.843   706.8  1838.3   -180.0   827.2  1197.4
  12:46:48.890   704.4  1838.3   -180.0   824.8  1207.4
  12:46:48.937   704.4  1838.3   -180.0   824.8  1207.4
  12:46:48.968   702.1  1838.3   -180.0   822.4  1207.4
  12:46:49.015   699.8  1838.3   -180.0   820.2  1197.4
  12:46:49.062   697.6  1838.3   -180.0   817.9  1197.4
  12:46:49.093   695.1  1838.3   -180.0   815.4  1197.4
  12:46:49.140   692.7  1838.3   -180.0   813.1  1197.4
  12:46:49.187   690.4  1838.3   -180.0   810.8  1197.4
  12:46:49.234   688.1  1838.3   -180.0   808.5  1197.4
  12:46:49.265   688.1  1838.3   -180.0   808.5  1197.4
  12:46:49.312   685.8  1838.3   -180.0   806.2  1197.4
  12:46:49.359   682.8  1838.3   -180.0   803.2  1197.4
  12:46:49.390   680.4  1838.3   -180.0   800.7  1197.4
  12:46:49.437   678.1  1838.3   -180.0   798.4  1197.4
  12:46:49.515   675.7  1838.3   -180.0   796.1  1187.4
  12:46:49.531   673.4  1838.3   -180.0   793.8  1197.4
  12:46:49.578   673.4  1838.3   -180.0   793.8  1197.4
  12:46:49.625   670.9  1838.3   -180.0   791.3  1187.4
  12:46:49.656   668.7  1838.3   -180.0   789.0  1197.4
  12:46:49.703   666.3  1838.3   -180.0   786.7  1197.4
  12:46:49.750   664.0  1838.3   -180.0   784.3  1187.4
  12:46:49.796   661.6  1838.3   -180.0   782.0  1187.4
  12:46:49.828   659.3  1838.3   -180.0   779.6  1187.4
  12:46:49.875   657.0  1838.3   -180.0   777.3  1187.4
  12:46:49.921   654.6  1838.3   -180.0   775.0  1187.4
  12:46:49.968   652.2  1838.3   -180.0   772.6  1187.4
  12:46:50.000   652.2  1838.3   -180.0   772.6  1187.4
  12:46:50.046   650.0  1838.3   -180.0   770.3  1187.4
  12:46:50.093   647.6  1838.3   -180.0   768.0  1187.4
  12:46:50.140   645.3  1838.3   -180.0   765.7  1187.4
  12:46:50.171   643.0  1838.3   -180.0   763.3  1177.4
  12:46:50.218   640.6  1838.3   -180.0   760.9  1177.4
  12:46:50.250   638.1  1838.3   -180.0   758.5  1177.4
  12:46:50.312   635.9  1838.3   -180.0   756.3  1177.4
  12:46:50.343   635.9  1838.3   -180.0   756.3  1177.4
  12:46:50.375   633.6  1838.3   -180.0   754.0  1177.4
  12:46:50.421   631.2  1838.3   -180.0   751.6  1177.4
  12:46:50.468   628.8  1838.3   -180.0   749.1  1177.4
  12:46:50.500   626.6  1838.3   -180.0   747.0  1177.4
  12:46:50.546   624.1  1838.3   -180.0   744.4  1177.3
  12:46:50.578   621.9  1838.3   -180.0   742.3  1177.3
  12:46:50.625   619.5  1838.3   -180.0   739.8  1177.3
  12:46:50.671   619.5  1838.3   -180.0   739.8  1177.3
  12:46:50.718   617.1  1838.3   -180.0   737.5  1177.3
  12:46:50.750   614.4  1838.3   -180.0   734.8  1167.3
  12:46:50.796   611.7  1838.3   -180.0   732.1  1177.3
  12:46:50.843   609.3  1838.3   -180.0   729.6  1177.3
  12:46:50.890   607.0  1838.3   -180.0   727.4  1167.3
  12:46:50.937   604.7  1838.3   -180.0   725.1  1167.3
  12:46:50.984   602.4  1838.3   -180.0   722.8  1177.3
  12:46:51.015   602.4  1838.3   -180.0   722.8  1167.3
  12:46:51.046   600.0  1838.3   -180.0   720.4  1167.3
  12:46:51.093   597.6  1838.3   -180.0   718.0  1167.3
  12:46:51.140   595.3  1838.3   -180.0   715.7  1167.3
  12:46:51.171   593.0  1838.3   -180.0   713.3  1167.3
  12:46:51.218   590.6  1838.3   -180.0   711.0  1167.3
  12:46:51.265   588.3  1838.3   -180.0   708.7  1167.3
  12:46:51.328   588.3  1838.3   -180.0   708.7  1167.3
  12:46:51.359   586.0  1838.3   -180.0   706.4  1167.3
  12:46:51.390   583.6  1838.3   -180.0   704.0  1157.3
  12:46:51.437   581.3  1838.3   -180.0   701.6  1157.3
  12:46:51.484   578.9  1838.3   -180.0   699.3  1157.3
  12:46:51.531   576.6  1838.3   -180.0   697.0  1157.3
  12:46:51.578   574.4  1838.3   -180.0   694.7  1157.3
  12:46:51.609   572.0  1838.3   -180.0   692.4  1157.3
  12:46:51.656   569.6  1838.3   -180.0   690.0  1157.3
  12:46:51.703   567.3  1838.3   -180.0   687.7  1157.3
  12:46:51.750   567.3  1838.3   -180.0   687.7  1157.3
  12:46:51.781   564.9  1838.2   -180.0   685.3  1157.3
  12:46:51.828   562.6  1838.2   -180.0   683.0  1157.3
  12:46:51.875   560.2  1838.2   -180.0   680.6  1157.3
  12:46:51.906   557.9  1838.2   -180.0   678.3  1157.3
  12:46:51.953   555.6  1838.2   -180.0   676.0  1157.3
  12:46:52.000   553.2  1838.2   -180.0   673.6  1157.3
  12:46:52.046   550.8  1838.2   -180.0   671.2  1157.3
  12:46:52.078   548.6  1838.2   -180.0   669.0  1147.3
  12:46:52.125   548.6  1838.2   -180.0   669.0  1147.3
  12:46:52.171   546.2  1838.2   -180.0   666.6  1147.3
  12:46:52.218   543.8  1838.2   -180.0   664.2  1147.3
  12:46:52.265   541.5  1838.2   -180.0   661.9  1147.3
  12:46:52.296   539.1  1838.2   -180.0   659.5  1147.3
  12:46:52.343   536.8  1838.2   -180.0   657.2  1147.3
  12:46:52.390   534.6  1838.2   -180.0   654.9  1147.3
  12:46:52.437   532.1  1838.2   -180.0   652.5  1147.3
  12:46:52.468   529.8  1838.2   -180.0   650.2  1147.3
  12:46:52.515   527.6  1838.2   -180.0   648.0  1147.3
  12:46:52.578   525.2  1838.2   -180.0   645.6  1137.3
  12:46:52.609   525.2  1838.2   -180.0   645.6  1137.3
  12:46:52.640   522.0  1838.2   -180.0   642.4  1147.3
  12:46:52.687   519.7  1838.2   -180.0   640.1  1137.3
  12:46:52.734   517.3  1838.2   -180.0   637.7  1127.3
  12:46:52.781   517.3  1838.2   -180.0   637.7  1127.3
  12:46:52.828   514.6  1838.2   -180.0   635.0  1097.3
  12:46:52.859   511.8  1838.2   -180.0   632.2  1077.3
  12:46:52.906   509.6  1838.2   -180.0   630.0  1077.3
  12:46:52.953   507.2  1838.2   -180.0   627.7   857.3
  12:46:53.000   504.9  1838.2   -180.0   625.5   757.3
  12:46:53.031   504.9  1838.2   -180.0   625.5   757.3
  12:47:24.890    -0.1  1098.2    -90.0  1030.8  1219.0
  12:47:24.921    -0.1  1095.7    -90.0   910.8  1216.4
  12:47:24.968    -0.1  1093.5    -90.0   920.8  1214.2
  12:47:25.015    -0.1  1091.1    -90.0   910.8  1211.8
  12:47:25.062    -0.1  1088.9    -90.0   850.8  1209.5
  12:47:25.109    -0.1  1086.5    -90.0   860.9  1207.1
  12:47:25.140    -0.1  1084.2    -90.0   850.9  1204.8
  12:47:25.187    -0.1  1081.8    -90.0   830.9  1202.4
  12:47:25.218    -0.1  1081.8    -90.0   830.9  1202.4
  12:47:25.265    -0.1  1079.4    -90.0   820.9  1200.0
  12:47:25.312     0.0  1077.2    -90.0   820.9  1197.8
  12:47:25.359     0.0  1074.8    -90.0   820.9  1195.4
  12:47:25.390     0.0  1072.4    -90.0   820.9  1193.0
  12:47:25.437     0.0  1070.1    -90.0   800.9  1190.7
  12:47:25.484     0.0  1067.6    -90.0   800.9  1188.2
  12:47:25.515     0.0  1065.3    -90.0   780.9  1185.9
  12:47:25.562     0.0  1065.3    -90.0   780.9  1185.9
  12:47:25.593     0.0  1063.0    -90.0   780.9  1183.6
  12:47:25.640     0.0  1060.8    -90.0   770.9  1181.4
  12:47:25.687     0.0  1058.3    -90.0   770.9  1178.9
  12:47:25.734     0.0  1055.9    -90.0   770.9  1176.5
  12:47:25.781     0.0  1053.6    -90.0   760.9  1174.2
  12:47:25.812     0.0  1051.4    -90.0   750.9  1172.0
  12:47:25.859     0.0  1048.9    -90.0   750.9  1169.5
  12:47:25.906     0.0  1046.7    -90.0   750.9  1167.3
  12:47:25.937     0.0  1046.7    -90.0   740.9  1167.3
  12:47:25.984     0.0  1044.4    -90.0   740.9  1164.9
  12:47:26.031     0.0  1041.8    -90.0   720.9  1162.4
  12:47:26.078     0.0  1039.7    -90.0   720.9  1160.2
  12:47:26.125     0.0  1037.3    -90.0   720.9  1157.8
  12:47:26.156     0.0  1034.9    -90.0   720.9  1155.5
  12:47:26.203     0.0  1032.7    -90.0   700.9  1153.2
  12:47:26.250     0.0  1030.3    -90.0   700.9  1150.9
  12:47:26.281     0.0  1028.0    -90.0   700.9  1148.6
  12:47:26.328     0.0  1028.0    -90.0   700.9  1148.6
  12:47:26.375     0.0  1025.6    -90.0   700.9  1146.2
  12:47:26.421     0.0  1023.2    -90.0   680.9  1143.8
  12:47:26.468     0.0  1021.0    -90.0   680.9  1141.5
  12:47:26.500     0.0  1018.6    -90.0   680.9  1139.1
  12:47:26.546     0.0  1016.3    -90.0   670.9  1136.8
  12:47:26.593     0.0  1013.9    -90.0   670.9  1134.4
  12:47:26.640     0.0  1011.6    -90.0   670.9  1132.1
  12:47:26.671     0.0  1009.3    -90.0   660.9  1129.8
  12:47:26.718     0.0  1007.0    -90.0   650.9  1127.5
  12:47:26.765     0.0  1004.5    -90.0   650.9  1125.0
  12:47:26.796     0.0  1004.5    -90.0   650.9  1125.0
  12:47:26.843     0.0  1002.3    -90.0   640.9  1122.8
  12:47:26.890     0.0   999.9    -90.0   640.9  1120.4
  12:47:26.937     0.0   997.6    -90.0   630.9  1118.1
  12:47:26.968     0.0   995.3    -90.0   630.9  1115.8
  12:47:27.015     0.0   992.9    -90.0   630.9  1113.3
  12:47:27.062     0.0   990.5    -90.0   620.9  1111.0
  12:47:27.109     0.0   987.8    -90.0   620.9  1108.2
  12:47:27.140     0.0   987.8    -90.0   620.9  1108.2
  12:47:27.187     0.0   985.9    -90.0   620.9  1106.3
  12:47:27.234     0.0   983.5    -90.0   620.9  1104.0
  12:47:27.281     0.0   981.1    -90.0   620.9  1101.6
  12:47:27.312     0.0   978.9    -90.0   620.9  1099.3
  12:47:27.359     0.0   976.5    -90.0   620.9  1097.0
  12:47:27.406     0.0   974.1    -90.0   620.9  1094.6
  12:47:27.453     0.0   971.8    -90.0   620.9  1092.3
  12:47:27.500     0.0   969.5    -90.0   620.9  1090.0
  12:47:27.546     0.0   967.1    -90.0   620.9  1087.6
  12:47:27.578     0.0   964.8    -90.0   620.9  1085.2
  12:47:27.625     0.0   964.8    -90.0   620.9  1085.2
  12:47:27.671     0.0   962.5    -90.0   620.9  1083.0
  12:47:27.718     0.0   960.1    -90.0   620.9  1080.6
  12:47:27.750     0.0   957.7    -90.0   621.0  1078.2
  12:47:27.796     0.0   955.4    -90.0   631.0  1075.9
  12:47:27.843     0.0   953.1    -90.0   631.0  1073.6
  12:47:27.875     0.0   950.8    -90.0   621.0  1071.3
  12:47:27.921     0.1   948.1    -90.0   631.0  1068.5
  12:47:27.968     0.1   946.2    -90.0   631.0  1066.6
  12:47:28.015     0.1   943.7    -90.0   631.0  1064.2
  12:47:28.046     0.1   943.7    -90.0   631.0  1064.2
  12:47:28.109     0.1   941.3    -90.0   631.0  1061.8
  12:47:28.140     0.1   938.4    -90.0   631.0  1058.9
  12:47:28.187     0.1   935.9    -90.0   631.0  1056.4
  12:47:28.234     0.1   933.7    -90.0   631.0  1054.2
  12:47:28.265     0.1   931.3    -90.0   631.0  1051.8
  12:47:28.312     0.1   929.0    -90.0   631.0  1049.5
  12:47:28.359     0.1   929.0    -90.0   631.0  1049.5
  12:47:28.390     0.1   926.6    -90.0   631.0  1047.1
  12:47:28.453     0.1   924.3    -90.0   631.0  1044.8
  12:47:28.484     0.1   921.9    -90.0   631.0  1042.4
  12:47:28.531     0.1   919.6    -90.0   631.0  1040.1
  12:47:28.578     0.1   917.2    -90.0   631.0  1037.7
  12:47:28.609     0.1   914.9    -90.0   641.0  1035.4
  12:47:28.656     0.1   912.5    -90.0   641.0  1033.0
  12:47:28.703     0.1   910.3    -90.0   641.0  1030.8
  12:47:28.750     0.1   908.0    -90.0   641.0  1028.5
  12:47:28.796     0.1   905.6    -90.0   641.0  1026.1
  12:47:28.828     0.1   905.6    -90.0   641.0  1026.1
  12:47:28.875     0.1   903.2    -90.0   641.0  1023.7
  12:47:28.921     0.1   900.9    -90.0   641.0  1021.4
  12:47:28.968     0.1   898.5    -90.0   641.0  1019.0
  12:47:29.000     0.1   896.2    -90.0   641.0  1016.7
  12:47:29.046     0.1   893.8    -90.0   641.0  1014.3
  12:47:29.093     0.1   891.5    -90.0   641.0  1012.0
  12:47:29.140     0.1   889.3    -90.0   641.0  1009.8
  12:47:29.171     0.1   886.9    -90.0   641.0  1007.4
  12:47:29.218     0.1   886.9    -90.0   641.0  1007.4
  12:47:29.265     0.1   884.5    -90.0   641.0  1005.0
  12:47:29.312     0.1   882.2    -90.0   641.0  1002.7
  12:47:29.343     0.1   879.4    -90.0   651.0   999.9
  12:47:29.390     0.1   876.7    -90.0   651.0   997.2
  12:47:29.437     0.1   874.4    -90.0   651.0   994.9
  12:47:29.484     0.1   872.1    -90.0   651.0   992.6
  12:47:29.515     0.1   872.1    -90.0   651.0   992.6
  12:47:29.562     0.1   869.7    -90.0   651.0   990.2
  12:47:29.609     0.1   867.4    -90.0   651.0   987.9
  12:47:29.656     0.1   865.0    -90.0   651.0   985.5
  12:47:29.687     0.1   862.7    -90.0   651.0   983.2
  12:47:29.734     0.1   860.3    -90.0   651.0   980.8
  12:47:29.781     0.1   858.0    -90.0   651.0   978.5
  12:47:29.828     0.1   855.5    -90.0   651.0   976.0
  12:47:29.859     0.1   853.3    -90.0   661.0   973.8
  12:47:29.906     0.1   850.9    -90.0   651.0   971.4
  12:47:29.953     0.1   850.9    -90.0   651.0   971.4
  12:47:30.000     0.1   848.7    -90.0   661.0   969.2
  12:47:30.031     0.1   846.2    -90.0   661.0   966.7
  12:47:30.078     0.1   843.8    -90.0   661.0   964.3
  12:47:30.125     0.1   841.6    -90.0   661.0   962.2
  12:47:30.171     0.1   839.2    -90.0   661.0   959.7
  12:47:30.203     0.1   836.9    -90.0   661.0   957.4
  12:47:30.250     0.1   834.7    -90.0   671.0   955.2
  12:47:30.296     0.1   832.2    -90.0   661.0   952.8
  12:47:30.343     0.1   829.9    -90.0   661.0   950.4
  12:47:30.375     0.1   829.9    -90.0   671.0   950.4
  12:47:30.421     0.1   827.5    -90.0   671.1   948.0
  12:47:30.468     0.1   825.2    -90.0   671.1   945.7
  12:47:30.515     0.1   822.8    -90.0   671.1   943.3
  12:47:30.562     0.1   820.5    -90.0   671.1   941.0
  12:47:30.593     0.2   818.2    -90.0   671.1   938.7
  12:47:30.640     0.2   815.8    -90.0   671.1   936.3
  12:47:30.687     0.2   813.5    -90.0   671.1   934.1
  12:47:30.718     0.2   811.2    -90.0   671.1   931.7
  12:47:30.781     0.2   808.9    -90.0   671.1   929.4
  12:47:30.812     0.2   808.9    -90.0   671.1   929.4
  12:47:30.859     0.2   806.4    -90.0   671.1   926.9
  12:47:30.906     0.2   804.3    -90.0   681.1   924.8
  12:47:30.906     0.2   804.3    -90.0   671.1   924.8
  12:47:30.953     0.2   801.9    -90.0   671.1   922.4
  12:47:31.000     0.2   799.5    -90.0   681.1   920.0
  12:47:31.046     0.2   797.2    -90.0   681.1   917.7
  12:47:31.078     0.2   794.9    -90.0   681.1   915.4
  12:47:31.125     0.2   792.4    -90.0   681.1   912.9
  12:47:31.171     0.2   790.1    -90.0   681.1   910.7
  12:47:31.218     0.2   787.9    -90.0   681.1   908.4
  12:47:31.250     0.2   785.5    -90.0   681.1   906.0
  12:47:31.296     0.2   783.2    -90.0   681.1   903.7
  12:47:31.359     0.2   783.2    -90.0   681.1   903.7
  12:47:31.390     0.2   780.8    -90.0   681.1   901.3
  12:47:31.437     0.2   777.7    -90.0   681.1   898.2
  12:47:31.468     0.2   775.3    -90.0   681.1   895.8
  12:47:31.515     0.2   773.1    -90.0   691.1   893.6
  12:47:31.562     0.2   770.7    -90.0   691.1   891.2
  12:47:31.609     0.2   768.3    -90.0   691.1   888.8
  12:47:31.656     0.2   768.3    -90.0   691.1   888.8
  12:47:31.687     0.2   765.9    -90.0   691.1   886.5
  12:47:31.734     0.2   763.6    -90.0   691.1   884.1
  12:47:31.781     0.2   761.3    -90.0   701.1   881.8
  12:47:31.812     0.2   759.0    -90.0   691.1   879.5
  12:47:31.859     0.2   756.6    -90.0   691.1   877.1
  12:47:31.906     0.2   754.2    -90.0   701.1   874.8
  12:47:31.937     0.2   752.0    -90.0   701.1   872.5
  12:47:31.984     0.2   752.0    -90.0   701.1   872.5
  12:47:32.031     0.2   749.6    -90.0   701.1   870.2
  12:47:32.062     0.2   747.3    -90.0   701.1   867.8
  12:47:32.109     0.2   745.0    -90.0   691.1   865.5
  12:47:32.156     0.2   742.6    -90.0   701.1   863.1
  12:47:32.203     0.2   740.2    -90.0   701.1   860.7
  12:47:32.250     0.2   738.0    -90.0   701.1   858.5
  12:47:32.281     0.2   735.5    -90.0   701.1   856.1
  12:47:32.328     0.2   733.2    -90.0   701.1   853.7
  12:47:32.390     0.2   730.9    -90.0   701.1   851.4
  12:47:32.421     0.2   730.9    -90.0   701.1   851.4
  12:47:32.468     0.2   727.8    -90.0   701.1   848.4
  12:47:32.500     0.2   725.5    -90.0   701.1   846.0
  12:47:32.546     0.2   723.1    -90.0   701.1   843.7
  12:47:32.593     0.2   720.0    -90.0   711.1   840.5
  12:47:32.640     0.2   720.0    -90.0   701.1   840.5
  12:47:32.687     0.2   717.5    -90.0   711.1   838.1
  12:47:32.718     0.2   715.3    -90.0   711.1   835.9
  12:47:32.765     0.2   713.0    -90.0   711.1   833.6
  12:47:32.812     0.2   710.6    -90.0   711.1   831.1
  12:47:32.843     0.2   708.3    -90.0   711.1   828.9
  12:47:32.890     0.2   706.0    -90.0   711.1   826.6
  12:47:32.937     0.2   703.6    -90.0   711.1   824.2
  12:47:32.984     0.2   701.3    -90.0   711.1   821.9
  12:47:33.031     0.2   698.9    -90.0   711.1   819.5
  12:47:33.062     0.2   698.9    -90.0   711.1   819.5
  12:47:33.109     0.2   696.5    -90.0   721.2   817.1
  12:47:33.156     0.2   694.3    -90.0   721.2   814.9
  12:47:33.187     0.2   692.0    -90.0   721.2   812.5
  12:47:33.234     0.2   689.6    -90.0   721.2   810.2
  12:47:33.265     0.3   687.2    -90.0   721.2   807.8
  12:47:33.312     0.3   684.8    -90.0   721.2   805.4
  12:47:33.359     0.3   684.8    -90.0   721.2   805.4
  12:47:33.406     0.3   682.5    -90.0   721.2   803.1
  12:47:33.437     0.3   680.2    -90.0   721.2   800.7
  12:47:33.484     0.3   677.8    -90.0   711.2   798.3
  12:47:33.515     0.3   675.5    -90.0   711.2   796.1
  12:47:33.562     0.3   673.2    -90.0   721.2   793.8
  12:47:33.609     0.3   670.9    -90.0   721.2   791.5
  12:47:33.656     0.3   668.6    -90.0   721.2   789.1
  12:47:33.687     0.3   668.6    -90.0   721.2   789.1
  12:47:33.734     0.3   666.1    -90.0   721.2   786.7
  12:47:33.781     0.3   663.7    -90.0   721.2   784.3
  12:47:33.828     0.3   661.4    -90.0   731.2   782.0
  12:47:33.859     0.3   659.1    -90.0   721.2   779.6
  12:47:33.906     0.3   656.9    -90.0   721.2   777.4
  12:47:33.953     0.3   654.5    -90.0   721.2   775.1
  12:47:33.984     0.3   654.5    -90.0   731.2   775.1
  12:47:34.031     0.3   651.4    -90.0   731.2   771.9
  12:47:34.078     0.3   649.0    -90.0   731.2   769.5
  12:47:34.125     0.3   646.7    -90.0   731.2   767.3
  12:47:34.171     0.3   644.4    -90.0   731.2   764.9
  12:47:34.203     0.3   641.9    -90.0   731.2   762.4
  12:47:34.250     0.3   639.6    -90.0   741.2   760.2
  12:47:34.296     0.3   637.2    -90.0   741.2   757.8
  12:47:34.328     0.3   635.0    -90.0   741.2   755.6
  12:47:34.375     0.3   632.7    -90.0   741.2   753.2
  12:47:34.421     0.3   632.7    -90.0   741.2   753.2
  12:47:34.468     0.3   630.4    -90.0   741.2   751.0
  12:47:34.515     0.3   628.0    -90.0   741.2   748.6
  12:47:34.562     0.3   625.7    -90.0   741.2   746.3
  12:47:34.593     0.3   623.2    -90.0   741.2   743.8
  12:47:34.640     0.3   620.7    -90.0   741.2   741.2
  12:47:34.687     0.3   618.6    -90.0   741.2   739.2
  12:47:34.734     0.3   616.3    -90.0   741.2   736.9
  12:47:34.781     0.3   614.0    -90.0   741.2   734.6
  12:47:34.812     0.3   611.7    -90.0   741.2   732.2
  12:47:34.859     0.3   611.7    -90.0   741.2   732.2
  12:47:34.906     0.3   609.3    -90.0   741.2   729.9
  12:47:34.937     0.3   606.9    -90.0   741.2   727.5
  12:47:34.984     0.3   604.6    -90.0   751.2   725.1
  12:47:35.031     0.3   602.3    -90.0   751.2   722.8
  12:47:35.078     0.3   599.9    -90.0   751.2   720.5
  12:47:35.109     0.3   597.6    -90.0   751.2   718.2
  12:47:35.156     0.3   595.3    -90.0   751.2   715.8
  12:47:35.203     0.3   592.8    -90.0   751.2   713.3
  12:47:35.250     0.3   590.6    -90.0   761.2   711.2
  12:47:35.281     0.3   590.6    -90.0   761.2   711.2
  12:47:35.328     0.3   588.2    -90.0   761.2   708.8
  12:47:35.375     0.3   585.9    -90.0   761.2   706.4
  12:47:35.421     0.3   583.6    -90.0   761.2   704.2
  12:47:35.453     0.3   581.2    -90.0   761.2   701.8
  12:47:35.500     0.3   578.9    -90.0   761.2   699.5
  12:47:35.546     0.3   576.5    -90.0   761.2   697.0
  12:47:35.593     0.3   574.1    -90.0   761.2   694.7
  12:47:35.625     0.3   571.9    -90.0   761.2   692.5
  12:47:35.671     0.3   571.9    -90.0   761.2   692.5
  12:47:35.718     0.3   569.5    -90.0   761.2   690.1
  12:47:35.765     0.3   567.2    -90.0   761.3   687.8
  12:47:35.796     0.3   564.9    -90.0   761.3   685.5
  12:47:35.843     0.3   562.5    -90.0   761.3   683.1
  12:47:35.890     0.3   560.2    -90.0   761.3   680.8
  12:47:35.937     0.4   557.7    -90.0   761.3   678.3
  12:47:35.968     0.4   555.5    -90.0   761.3   676.1
  12:47:36.031     0.4   553.2    -90.0   761.3   673.8
  12:47:36.046     0.4   553.2    -90.0   771.3   673.8
  12:47:36.093     0.4   550.7    -90.0   771.3   671.3
  12:47:36.140     0.4   548.4    -90.0   771.3   669.0
  12:47:36.187     0.4   546.0    -90.0   781.3   666.6
  12:47:36.234     0.4   543.7    -90.0   771.3   664.3
  12:47:36.265     0.4   541.4    -90.0   781.3   662.0
  12:47:36.312     0.4   539.1    -90.0   771.3   659.7
  12:47:36.343     0.4   536.8    -90.0   771.3   657.4
  12:47:36.390     0.4   536.8    -90.0   781.3   657.4
  12:47:36.437     0.4   534.4    -90.0   781.3   655.0
  12:47:36.484     0.4   531.8    -90.0   771.3   652.4
  12:47:36.515     0.4   528.9    -90.0   781.3   649.5
  12:47:36.562     0.4   526.6    -90.0   791.3   647.2
  12:47:36.609     0.4   524.3    -90.0   791.3   644.9
  12:47:36.656     0.4   521.6    -90.0   801.3   642.2
  12:47:36.687     0.4   521.6    -90.0   821.3   642.3
  12:47:36.734     0.4   519.5    -90.0   821.3   640.2
  12:47:36.781     0.4   517.3    -90.0   931.3   638.0
  12:47:36.828     0.4   515.0    -90.0  1021.3   635.7
  12:47:36.859     0.4   512.0    -90.0  1021.3   632.8
  12:47:36.906     0.4   509.4    -90.0  1031.3   630.2
  12:47:36.953     0.4   507.2    -90.0  1231.3   628.1
  12:47:37.000     0.4   507.2    -90.0  1231.3   628.1
