Лабораторная работа 1. Анализ сенсорных данных об объекте

Маршрут: квадрат
Направление движения: против часовой стрелки
Скорость движения: 50.0 мм/с
Рабочий дальномер: левый (Rf_L)

Выходная информация: положение робота, координаты точек объекта

          Time   X_rob   Y_rob  Ang_rob   X_obj   Y_obj
  чч:мм:сс.ссс      мм      мм     град      мм      мм
  13:00:42.375   824.1     2.1     -0.1   706.0  1013.4
  13:00:42.406   826.9     2.1     -0.1   708.8  1013.4
  13:00:42.468   829.2     2.1     -0.1   711.0   973.3
  13:00:42.500   831.7     2.1     -0.1   713.5   973.3
  13:00:42.546   833.9     2.1     -0.1   715.7   973.3
  13:00:42.593   836.2     2.1     -0.1   717.8   833.3
  13:00:42.640   838.5     2.1     -0.1   720.1   813.3
  13:00:42.671   840.9     2.1     -0.1   722.5   813.3
  13:00:42.734   843.3     2.1     -0.1   724.7   773.3
  13:00:42.765   845.6     2.1     -0.1   727.0   773.3
  13:00:42.812   845.6     2.1     -0.1   727.0   773.3
  13:00:42.859   848.0     2.1     -0.1   729.4   763.3
  13:00:42.890   850.3     2.1     -0.1   731.7   763.3
  13:00:42.937   852.6     2.1     -0.1   734.0   763.3
  13:00:42.984   854.9     2.1     -0.1   736.3   743.3
  13:00:43.015   857.3     2.1     -0.1   738.7   733.3
  13:00:43.062   859.7     2.1     -0.1   741.1   743.3
  13:00:43.109   861.9     2.1     -0.1   743.3   733.3
  13:00:43.156   864.3     2.1     -0.1   745.6   713.3
  13:00:43.187   866.8     2.1     -0.1   748.1   713.3
  13:00:43.234   869.0     2.1     -0.1   750.3   703.3
  13:00:43.281   869.0     2.1     -0.1   750.3   703.3
  13:00:43.328   871.2     2.0     -0.1   752.5   703.3
  13:00:43.375   873.5     2.0     -0.1   754.8   683.3
  13:00:43.406   876.0     2.0     -0.1   757.2   683.3
  13:00:43.453   878.3     2.0     -0.1   759.6   683.3
  13:00:43.500   880.6     2.0     -0.1   761.8   673.3
  13:00:43.546   880.6     2.0     -0.1   761.8   673.3
  13:00:43.593   883.2     2.0     -0.1   764.5   673.2
  13:00:43.625   886.0     2.0     -0.1   767.2   653.2
  13:00:43.671   888.4     2.0     -0.1   769.6   643.2
  13:00:43.718   890.8     2.0     -0.1   772.0   643.2
  13:00:43.750   893.3     2.0     -0.1   774.5   643.2
  13:00:43.796   895.4     2.0     -0.1   776.6   633.2
  13:00:43.843   897.8     2.0     -0.1   778.9   633.2
  13:00:43.890   900.1     2.0     -0.1   781.2   633.2
  13:00:43.921   902.5     2.0     -0.1   783.7   623.2
  13:00:43.968   902.5     2.0     -0.1   783.7   623.2
  13:00:44.015   904.7     2.0     -0.1   785.9   603.2
  13:00:44.062   907.2     2.0     -0.1   788.3   603.2
  13:00:44.093   909.5     2.0     -0.1   790.6   603.2
  13:00:44.140   911.8     2.0     -0.1   792.9   593.2
  13:00:44.187   914.1     2.0     -0.1   795.2   593.2
  13:00:44.234   916.5     2.0     -0.1   797.6   593.2
  13:00:44.265   918.9     2.0     -0.1   800.0   573.2
  13:00:44.312   921.1     2.0     -0.1   802.2   573.2
  13:00:44.359   921.1     2.0     -0.1   802.2   573.2
  13:00:44.390   923.5     2.0     -0.1   804.6   573.2
  13:00:44.437   925.8     1.9     -0.1   806.9   573.2
  13:00:44.468   928.2     1.9     -0.1   809.3   573.2
  13:00:44.515   930.5     1.9     -0.1   811.6   573.2
  13:00:44.562   932.9     1.9     -0.1   813.9   573.2
  13:00:44.609   935.3     1.9     -0.1   816.3   573.2
  13:00:44.656   937.6     1.9     -0.1   818.7   573.1
  13:00:44.687   937.6     1.9     -0.1   818.7   573.1
  13:00:44.734   939.9     1.9     -0.1   821.0   573.1
  13:00:44.781   942.2     1.9     -0.1   823.2   573.1
  13:00:44.828   944.5     1.9     -0.1   825.6   573.1
  13:00:44.875   946.9     1.9     -0.1   828.0   573.1
  13:00:44.906   949.3     1.9     -0.1   830.4   573.1
  13:00:44.968   951.6     1.9     -0.1   832.7   573.1
  13:00:45.000   954.0     1.9     -0.1   835.1   573.1
  13:00:45.031   956.3     1.9     -0.1   837.4   573.1
  13:00:45.078   958.6     1.9     -0.1   839.7   573.1
  13:00:45.109   958.6     1.9     -0.1   839.7   573.1
  13:00:45.156   960.9     1.9     -0.1   842.0   573.1
  13:00:45.203   963.3     1.9     -0.1   844.3   573.1
  13:00:45.234   965.6     1.9     -0.1   846.7   583.1
  13:00:45.281   968.0     1.9     -0.1   849.1   583.1
  13:00:45.328   970.3     1.9     -0.1   851.4   583.1
  13:00:45.375   972.7     1.9     -0.1   853.8   583.1
  13:00:45.406   974.9     1.9     -0.1   856.0   583.1
  13:00:45.453   974.9     1.9     -0.1   856.0   583.1
  13:00:45.500   977.3     1.9     -0.1   858.4   583.1
  13:00:45.546   979.7     1.8     -0.1   860.8   583.1
  13:00:45.578   982.0     1.8     -0.1   863.0   583.1
  13:00:45.625   984.3     1.8     -0.1   865.4   583.1
  13:00:45.671   986.7     1.8     -0.1   867.8   583.1
  13:00:45.718   989.1     1.8     -0.1   870.1   583.1
  13:00:45.781   991.3     1.8     -0.1   872.4   583.0
  13:00:45.796   993.6     1.8     -0.1   874.7   583.0
  13:00:45.843   996.1     1.8     -0.1   877.2   583.0
  13:00:45.890   996.1     1.8     -0.1   877.2   583.0
  13:00:45.921   998.4     1.8     -0.1   879.5   583.0
  13:00:45.953  1000.8     1.8     -0.1   881.8   583.0
  13:00:46.000  1003.0     1.8     -0.1   884.1   583.0
  13:00:46.046  1005.4     1.8     -0.1   886.5   593.0
  13:00:46.093  1007.7     1.8     -0.1   888.8   593.0
  13:00:46.140  1010.1     1.8     -0.1   891.2   593.0
  13:00:46.187  1012.4     1.8     -0.1   893.5   593.0
  13:00:46.218  1012.4     1.8     -0.1   893.5   593.0
  13:00:46.265  1014.8     1.8     -0.1   895.9   593.0
  13:00:46.296  1017.1     1.8     -0.1   898.2   593.0
  13:00:46.343  1019.5     1.8     -0.1   900.6   593.0
  13:00:46.390  1021.7     1.8     -0.1   902.8   593.0
  13:00:46.421  1024.1     1.8     -0.1   905.2   593.0
  13:00:46.468  1024.1     1.8     -0.1   905.2   593.0
  13:00:46.515  1026.4     1.8     -0.1   907.5   593.0
  13:00:46.546  1028.8     1.8     -0.1   909.9   593.0
  13:00:46.593  1031.2     1.7     -0.1   912.3   593.0
  13:00:46.640  1033.4     1.7     -0.1   914.5   593.0
  13:00:46.687  1035.7     1.7     -0.1   916.8   593.0
  13:00:46.718  1038.2     1.7     -0.1   919.3   593.0
  13:00:46.765  1040.5     1.7     -0.1   921.6   593.0
  13:00:46.812  1042.9     1.7     -0.1   924.0   593.0
  13:00:46.843  1045.1     1.7     -0.1   926.2   592.9
  13:00:46.890  1045.1     1.7     -0.1   926.2   592.9
  13:00:46.921  1047.4     1.7     -0.1   928.5   602.9
  13:00:46.984  1049.9     1.7     -0.1   931.1   602.9
  13:00:47.015  1052.2     1.7     -0.1   933.3   602.9
  13:00:47.062  1054.5     1.7     -0.1   935.6   602.9
  13:00:47.109  1056.9     1.7     -0.1   938.0   592.9
  13:00:47.140  1059.2     1.7     -0.1   940.3   602.9
  13:00:47.187  1059.2     1.7     -0.1   940.3   602.9
  13:00:47.234  1062.1     1.7     -0.1   943.2   602.9
  13:00:47.265  1064.7     1.7     -0.1   945.9   602.9
  13:00:47.312  1067.0     1.7     -0.1   948.2   602.9
  13:00:47.359  1069.3     1.7     -0.1   950.4   602.9
  13:00:47.406  1071.7     1.7     -0.1   952.8   602.9
  13:00:47.437  1074.1     1.7     -0.1   955.3   612.9
  13:00:47.484  1074.1     1.7     -0.1   955.3   602.9
  13:00:47.531  1076.4     1.7     -0.1   957.5   602.9
  13:00:47.578  1078.8     1.7     -0.1   959.9   602.9
  13:00:47.625  1081.0     1.7     -0.1   962.1   602.9
  13:00:47.656  1083.4     1.7     -0.1   964.6   612.9
  13:00:47.703  1085.7     1.6     -0.1   966.8   612.9
  13:00:47.750  1088.2     1.6     -0.1   969.3   612.9
  13:00:47.781  1090.4     1.6     -0.1   971.5   612.9
  13:00:47.843  1092.8     1.6     -0.1   973.9   612.9
  13:00:47.875  1095.1     1.6     -0.1   976.3   612.9
  13:00:47.921  1097.5     1.6     -0.1   978.6   612.8
  13:00:47.968  1097.5     1.6     -0.1   978.6   612.8
  13:00:48.000  1099.7     1.6     -0.1   980.8   612.8
  13:00:48.046  1102.1     1.6     -0.1   983.2   612.8
  13:00:48.093  1104.4     1.6     -0.1   985.5   612.8
  13:00:48.140  1106.8     1.6     -0.1   987.9   612.8
  13:00:48.171  1109.1     1.6     -0.1   990.3   612.8
  13:00:48.218  1111.5     1.6     -0.1   992.7   612.8
  13:00:48.265  1113.9     1.6     -0.1   995.0   612.8
  13:00:48.312  1116.1     1.6     -0.1   997.3   612.8
  13:00:48.343  1116.1     1.6     -0.1   997.3   612.8
  13:00:48.390  1118.4     1.6     -0.1   999.6   612.8
  13:00:48.437  1120.8     1.6     -0.1  1002.0   622.8
  13:00:48.484  1123.1     1.6     -0.1  1004.3   622.8
  13:00:48.515  1125.5     1.6     -0.1  1006.7   622.8
  13:00:48.562  1127.7     1.6     -0.1  1008.9   622.8
  13:00:48.609  1130.1     1.6     -0.1  1011.2   622.8
  13:00:48.656  1132.4     1.6     -0.1  1013.6   622.8
  13:00:48.687  1134.9     1.6     -0.1  1016.0   622.8
  13:00:48.734  1137.2     1.6     -0.1  1018.3   622.8
  13:00:48.781  1137.2     1.6     -0.1  1018.3   622.8
  13:00:48.828  1139.4     1.5     -0.1  1020.6   622.8
  13:00:48.859  1141.9     1.5     -0.1  1023.0   622.8
  13:00:48.906  1144.2     1.5     -0.1  1025.3   622.8
  13:00:48.953  1146.6     1.5     -0.1  1027.7   622.8
  13:00:49.000  1148.8     1.5     -0.1  1030.0   622.8
  13:00:49.046  1151.3     1.5     -0.1  1032.4   622.7
  13:00:49.078  1154.3     1.5     -0.1  1035.5   622.7
  13:00:49.125  1154.3     1.5     -0.1  1035.5   632.7
  13:00:49.171  1156.6     1.5     -0.1  1037.8   632.7
  13:00:49.218  1159.0     1.5     -0.1  1040.2   632.7
  13:00:49.250  1161.4     1.5     -0.1  1042.6   632.7
  13:00:49.296  1163.7     1.5     -0.1  1044.9   632.7
  13:00:49.343  1166.0     1.5     -0.1  1047.2   632.7
  13:00:49.390  1168.4     1.5     -0.1  1049.6   632.7
  13:00:49.421  1170.7     1.5     -0.1  1051.9   632.7
  13:00:49.468  1173.1     1.5     -0.1  1054.3   632.7
  13:00:49.515  1173.1     1.5     -0.1  1054.3   632.7
  13:00:49.562  1175.3     1.5     -0.1  1056.5   632.7
  13:00:49.593  1177.8     1.5     -0.1  1058.9   632.7
  13:00:49.640  1180.0     1.5     -0.1  1061.2   632.7
  13:00:49.687  1183.1     1.5     -0.1  1064.3   632.7
  13:00:49.734  1185.6     1.5     -0.1  1066.7   632.7
  13:00:49.781  1187.8     1.5     -0.1  1069.0   632.7
  13:00:49.828  1190.2     1.5     -0.1  1071.3   632.7
  13:00:49.859  1190.2     1.5     -0.1  1071.3   632.7
  13:00:49.906  1192.6     1.4     -0.1  1073.7   632.7
  13:00:49.953  1194.8     1.4     -0.1  1076.0   632.7
  13:00:49.984  1197.3     1.4     -0.1  1078.5   632.7
  13:00:50.031  1199.6     1.4     -0.1  1080.7   632.7
  13:00:50.078  1202.4     1.4     -0.1  1083.6   632.7
  13:00:50.125  1202.4     1.4     -0.1  1083.6   632.7
  13:00:50.171  1205.0     1.4     -0.1  1086.2   642.6
  13:00:50.203  1207.3     1.4     -0.1  1088.5   642.6
  13:00:50.250  1209.6     1.4     -0.1  1090.8   642.6
  13:00:50.296  1212.1     1.4     -0.1  1093.3   642.6
  13:00:50.328  1214.5     1.4     -0.1  1095.7   642.6
  13:00:50.375  1216.8     1.4     -0.1  1098.0   642.6
  13:00:50.437  1219.0     1.4     -0.1  1100.2   642.6
  13:00:50.453  1219.0     1.4     -0.1  1100.2   642.6
  13:00:50.500  1221.6     1.4     -0.1  1102.8   642.6
  13:00:50.546  1223.8     1.4     -0.1  1105.0   642.6
  13:00:50.578  1226.1     1.4     -0.1  1107.3   642.6
  13:00:50.625  1228.4     1.4     -0.1  1109.6   642.6
  13:00:50.671  1230.8     1.4     -0.1  1112.0   642.6
  13:00:50.703  1233.1     1.4     -0.1  1114.3   642.6
  13:00:50.750  1235.5     1.4     -0.1  1116.7   642.6
  13:00:50.796  1237.8     1.4     -0.1  1118.9   642.6
  13:00:50.859  1240.2     1.4     -0.1  1121.4   642.6
  13:00:50.875  1240.2     1.4     -0.1  1121.4   642.6
  13:00:50.921  1243.3     1.4     -0.1  1124.5   642.6
  13:00:50.968  1245.7     1.4     -0.1  1126.9   642.6
  13:00:51.000  1247.9     1.3     -0.1  1129.1   652.6
  13:00:51.046  1250.6     1.3     -0.1  1131.8   652.6
  13:00:51.093  1250.6     1.3     -0.1  1131.8   652.6
  13:00:51.140  1252.5     1.3     -0.1  1133.7   652.6
  13:00:51.187  1254.8     1.3     -0.1  1136.0   652.6
  13:00:51.218  1257.3     1.3     -0.1  1138.5   652.6
  13:00:51.265  1259.7     1.3     -0.1  1140.9   652.5
  13:00:51.312  1262.0     1.3     -0.1  1143.2   652.5
  13:00:51.359  1264.3     1.3     -0.1  1145.5   652.5
  13:00:51.390  1266.8     1.3     -0.1  1148.0   652.5
  13:00:51.437  1269.0     1.3     -0.1  1150.2   652.5
  13:00:51.484  1271.2     1.3     -0.1  1152.4   652.5
  13:00:51.531  1271.2     1.3     -0.1  1152.4   652.5
  13:00:51.562  1273.7     1.3     -0.1  1154.9   652.5
  13:00:51.609  1276.0     1.3     -0.1  1157.2   652.5
  13:00:51.656  1278.3     1.3     -0.1  1159.5   652.5
  13:00:51.703  1280.7     1.3     -0.1  1161.9   652.5
  13:00:51.734  1283.0     1.3     -0.1  1164.2   652.5
  13:00:51.781  1285.3     1.3     -0.1  1166.5   662.5
  13:00:51.828  1287.6     1.3     -0.1  1168.8   662.5
  13:00:51.875  1290.2     1.3     -0.1  1171.4   652.5
  13:00:51.921  1292.3     1.3     -0.1  1173.5   662.5
  13:00:51.953  1292.3     1.3     -0.1  1173.5   662.5
  13:00:52.000  1294.7     1.3     -0.1  1175.9   662.5
  13:00:52.046  1297.0     1.3     -0.1  1178.2   662.5
  13:00:52.093  1299.4     1.3     -0.1  1180.6   662.5
  13:00:52.140  1301.8     1.2     -0.1  1183.0   662.5
  13:00:52.171  1304.0     1.2     -0.1  1185.2   672.5
  13:00:52.218  1306.4     1.2     -0.1  1187.6   662.5
  13:00:52.265  1308.8     1.2     -0.1  1190.0   662.5
  13:00:52.312  1311.0     1.2     -0.1  1192.2   662.5
  13:00:52.343  1313.4     1.2     -0.1  1194.6   672.4
  13:00:52.390  1315.7     1.2     -0.1  1196.9   672.4
  13:00:52.437  1315.7     1.2     -0.1  1196.9   672.4
  13:00:52.484  1318.1     1.2     -0.1  1199.4   672.4
  13:00:52.515  1320.4     1.2     -0.1  1201.7   672.4
  13:00:52.562  1322.7     1.2     -0.1  1203.9   672.4
  13:00:52.609  1325.2     1.2     -0.1  1206.4   672.4
  13:00:52.656  1327.4     1.2     -0.1  1208.6   672.4
  13:00:52.703  1329.8     1.2     -0.1  1211.0   672.4
  13:00:52.734  1332.1     1.2     -0.1  1213.3   672.4
  13:00:52.781  1334.4     1.2     -0.1  1215.7   672.4
  13:00:52.828  1336.8     1.2     -0.1  1218.1   672.4
  13:00:52.875  1336.8     1.2     -0.1  1218.1   672.4
  13:00:52.906  1339.1     1.2     -0.1  1220.3   672.4
  13:00:52.953  1341.4     1.2     -0.1  1222.7   682.4
  13:00:53.000  1343.8     1.2     -0.1  1225.0   682.4
  13:00:53.046  1346.1     1.2     -0.1  1227.4   682.4
  13:00:53.078  1348.5     1.2     -0.1  1229.8   682.4
  13:00:53.125  1350.8     1.2     -0.1  1232.1   682.4
  13:00:53.171  1353.1     1.2     -0.1  1234.4   682.4
  13:00:53.203  1355.5     1.1     -0.1  1236.8   682.4
  13:00:53.250  1357.8     1.1     -0.1  1239.1   682.4
  13:00:53.296  1357.8     1.1     -0.1  1239.1   682.4
  13:00:53.343  1360.2     1.1     -0.1  1241.4   682.4
  13:00:53.375  1362.5     1.1     -0.1  1243.8   682.4
  13:00:53.421  1364.9     1.1     -0.1  1246.2   682.4
  13:00:53.468  1367.2     1.1     -0.1  1248.4   682.3
  13:00:53.515  1369.5     1.1     -0.1  1250.8   682.3
  13:00:53.531  1369.5     1.1     -0.1  1250.8   682.3
  13:00:53.578  1371.9     1.1     -0.1  1253.2   682.3
  13:00:53.625  1374.2     1.1     -0.1  1255.5   692.3
  13:00:53.671  1376.6     1.1     -0.1  1257.8   692.3
  13:00:53.718  1378.9     1.1     -0.1  1260.2   692.3
  13:00:53.750  1381.1     1.1     -0.1  1262.4   692.3
  13:00:53.796  1383.6     1.1     -0.1  1264.9   692.3
  13:00:53.843  1386.0     1.1     -0.1  1267.2   692.3
  13:00:53.890  1388.2     1.1     -0.1  1269.5   702.3
  13:00:53.921  1390.6     1.1     -0.1  1271.9   702.3
  13:00:53.968  1390.6     1.1     -0.1  1271.9   702.3
  13:00:54.015  1392.9     1.1     -0.1  1274.2   712.3
  13:00:54.062  1395.3     1.1     -0.1  1276.6   712.3
  13:00:54.109  1397.7     1.1     -0.1  1279.0   732.3
  13:00:54.140  1400.1     1.1     -0.1  1281.7   832.3
  13:00:54.187  1402.3     1.1     -0.1  1283.8   832.3
  13:00:54.234  1404.6     1.1     -0.1  1286.7  1112.3
  13:01:24.578  1838.5   705.0     90.0   737.5   584.6
  13:01:24.609  1838.5   705.0     90.0   737.5   584.6
  13:01:24.656  1838.5   707.3     90.0   817.5   586.9
  13:01:24.687  1838.5   709.7     90.0   817.5   589.3
  13:01:24.718  1838.5   711.9     90.0   817.5   591.6
  13:01:24.765  1838.5   714.4     90.0   827.5   594.1
  13:01:24.812  1838.5   716.7     90.0   907.5   596.4
  13:01:24.859  1838.5   719.0     90.0   907.5   598.6
  13:01:24.890  1838.5   719.0     90.0   907.5   598.6
  13:01:24.937  1838.5   721.3     90.0   907.5   601.0
  13:01:24.984  1838.5   723.6     90.0   907.5   603.3
  13:01:25.015  1838.5   726.1     90.0   967.5   605.7
  13:01:25.062  1838.5   728.3     90.0   967.5   608.0
  13:01:25.109  1838.5   730.6     90.0   967.5   610.3
  13:01:25.140  1838.5   733.0     90.0   987.5   612.7
  13:01:25.187  1838.5   735.4     90.0   987.5   615.1
  13:01:25.234  1838.5   735.4     90.0   987.5   615.1
  13:01:25.281  1838.5   737.7     90.0   987.5   617.4
  13:01:25.312  1838.5   740.1     90.0   987.5   619.8
  13:01:25.359  1838.5   742.4     90.0   987.5   622.1
  13:01:25.453  1838.5   747.8     90.0  1027.5   627.5
  13:01:25.484  1838.5   747.8     90.0  1037.5   627.5
  13:01:25.531  1838.5   750.2     90.0  1037.5   629.9
  13:01:25.578  1838.5   752.5     90.0  1047.5   632.2
  13:01:25.609  1838.5   754.9     90.0  1057.5   634.6
  13:01:25.656  1838.5   757.2     90.0  1057.5   637.0
  13:01:25.703  1838.5   759.6     90.0  1067.5   639.3
  13:01:25.734  1838.5   759.6     90.0  1077.5   639.3
  13:01:25.765  1838.5   761.9     90.0  1077.5   641.6
  13:01:25.812  1838.5   764.2     90.0  1067.5   643.9
  13:01:25.859  1838.5   766.7     90.0  1087.5   646.4
  13:01:25.890  1838.5   768.8     90.0  1087.5   648.6
  13:01:25.937  1838.5   771.3     90.0  1107.5   651.0
  13:01:25.984  1838.5   773.5     90.0  1107.5   653.2
  13:01:26.015  1838.4   776.0     90.0  1107.5   655.8
  13:01:26.062  1838.4   776.0     90.0  1117.5   655.8
  13:01:26.109  1838.4   778.2     90.0  1127.5   658.0
  13:01:26.156  1838.4   780.6     90.0  1127.5   660.3
  13:01:26.187  1838.4   782.9     90.0  1137.5   662.7
  13:01:26.234  1838.4   785.2     90.0  1147.5   665.0
  13:01:26.281  1838.4   787.7     90.0  1147.5   667.4
  13:01:26.328  1838.4   789.9     90.0  1147.5   669.6
  13:01:26.359  1838.4   792.2     90.0  1157.5   672.0
  13:01:26.406  1838.4   794.5     90.0  1157.5   674.3
  13:01:26.453  1838.4   794.5     90.0  1167.5   674.3
  13:01:26.484  1838.4   796.9     90.0  1177.5   676.7
  13:01:26.531  1838.4   799.3     90.0  1177.5   679.0
  13:01:26.578  1838.4   801.7     90.0  1187.5   681.5
  13:01:26.656  1838.4   806.4     90.0  1197.5   686.2
  13:01:26.671  1838.4   806.4     90.0  1197.5   686.2
  13:01:26.718  1838.4   808.7     90.0  1207.5   688.5
  13:01:26.765  1838.4   811.0     90.0  1207.5   690.8
  13:01:26.796  1838.4   813.3     90.0  1207.5   693.1
  13:01:26.843  1838.4   815.7     90.0  1217.5   695.5
  13:01:26.890  1838.4   817.9     90.0  1227.5   697.7
  13:01:26.937  1838.4   820.4     90.0  1227.5   700.2
  13:01:26.968  1838.4   820.4     90.0  1237.5   700.2
  13:01:27.015  1838.4   822.7     90.0  1237.5   702.5
  13:01:27.062  1838.4   825.0     90.0  1237.5   704.8
  13:01:27.109  1838.4   827.3     90.0  1247.5   707.1
  13:01:27.156  1838.4   829.8     90.0  1257.5   709.6
  13:01:27.187  1838.4   832.0     90.0  1257.5   711.8
  13:01:27.234  1838.4   834.5     90.0  1267.5   714.3
  13:01:27.281  1838.4   836.7     90.0  1277.5   716.5
  13:01:27.328  1838.4   839.1     90.0  1277.5   718.9
  13:01:27.375  1838.4   841.5     90.0  1287.5   721.3
  13:01:27.406  1838.4   843.8     90.0  1287.5   723.6
  13:01:27.453  1838.4   843.8     90.0  1287.5   723.6
  13:01:27.500  1838.4   846.0     90.0  1287.5   725.8
  13:01:27.531  1838.4   848.5     90.0  1287.5   728.3
  13:01:27.578  1838.4   850.8     90.0  1287.5   730.6
  13:01:27.625  1838.4   853.1     90.0  1287.5   732.9
  13:01:27.671  1838.4   855.5     90.0  1287.5   735.3
  13:01:27.703  1838.4   857.9     90.0  1287.5   737.7
  13:01:27.750  1838.4   860.1     90.0  1287.5   739.9
  13:01:27.796  1838.4   862.5     90.0  1287.5   742.3
  13:01:27.843  1838.4   864.9     90.0  1287.5   744.7
  13:01:27.875  1838.4   864.9     90.0  1287.5   744.7
  13:01:27.921  1838.4   867.1     90.0  1287.5   747.0
  13:01:27.968  1838.4   869.4     90.0  1287.5   749.2
  13:01:28.015  1838.4   871.9     90.0  1287.5   751.7
  13:01:28.062  1838.4   874.8     90.0  1287.5   754.6
  13:01:28.093  1838.4   877.3     90.0  1287.5   757.1
  13:01:28.140  1838.4   879.6     90.0  1277.5   759.4
  13:01:28.187  1838.4   879.6     90.0  1277.5   759.4
  13:01:28.234  1838.4   882.0     90.0  1277.5   761.8
  13:01:28.265  1838.4   884.5     90.0  1277.5   764.3
  13:01:28.312  1838.4   886.6     90.0  1277.5   766.4
  13:01:28.359  1838.4   889.0     90.0  1277.5   768.8
  13:01:28.406  1838.4   891.4     90.0  1277.5   771.2
  13:01:28.437  1838.4   893.7     90.0  1277.4   773.5
  13:01:28.484  1838.4   896.0     90.0  1277.4   775.8
  13:01:28.531  1838.4   898.3     90.0  1277.4   778.1
  13:01:28.578  1838.4   898.3     90.0  1277.4   778.1
  13:01:28.609  1838.4   900.6     90.0  1277.4   780.4
  13:01:28.656  1838.4   903.0     90.0  1277.4   782.8
  13:01:28.703  1838.4   905.4     90.0  1277.4   785.2
  13:01:28.750  1838.4   907.8     90.0  1277.4   787.6
  13:01:28.781  1838.4   910.0     90.0  1277.4   789.8
  13:01:28.843  1838.4   912.4     90.0  1277.4   792.2
  13:01:28.875  1838.4   914.7     90.0  1277.4   794.5
  13:01:28.906  1838.4   917.2     90.0  1277.4   797.0
  13:01:28.953  1838.4   919.4     90.0  1277.4   799.2
  13:01:29.000  1838.4   921.8     90.0  1277.4   801.6
  13:01:29.046  1838.4   921.8     90.0  1267.4   801.6
  13:01:29.093  1838.4   924.9     90.0  1267.4   804.7
  13:01:29.140  1838.4   927.1     90.0  1267.4   806.9
  13:01:29.171  1838.4   929.5     90.0  1267.4   809.3
  13:01:29.218  1838.4   931.8     90.0  1267.4   811.6
  13:01:29.265  1838.4   934.2     90.0  1267.4   814.0
  13:01:29.312  1838.4   936.6     90.0  1267.4   816.4
  13:01:29.359  1838.4   936.6     90.0  1267.4   816.4
  13:01:29.390  1838.4   938.9     90.0  1267.4   818.7
  13:01:29.453  1838.4   941.3     90.0  1267.4   821.1
  13:01:29.484  1838.4   944.1     90.0  1267.4   823.9
  13:01:29.531  1838.4   946.7     90.0  1267.4   826.5
  13:01:29.562  1838.4   949.0     90.0  1267.4   828.8
  13:01:29.609  1838.4   951.4     90.0  1267.4   831.2
  13:01:29.656  1838.4   951.4     90.0  1267.4   831.2
  13:01:29.703  1838.4   954.5     90.0  1267.4   834.3
  13:01:29.734  1838.4   956.8     90.0  1267.4   836.6
  13:01:29.781  1838.4   959.3     90.0  1267.4   839.1
  13:01:29.828  1838.4   961.5     90.0  1267.4   841.3
  13:01:29.875  1838.4   963.8     90.0  1267.4   843.6
  13:01:29.906  1838.4   963.8     90.0  1267.4   843.6
  13:01:29.953  1838.4   966.2     90.0  1267.4   846.0
  13:01:30.000  1838.4   968.6     90.0  1267.4   848.4
  13:01:30.046  1838.4   970.9     90.0  1257.4   850.7
  13:01:30.078  1838.4   973.2     90.0  1257.4   853.0
  13:01:30.125  1838.4   975.5     90.0  1257.4   855.3
  13:01:30.156  1838.4   977.8     90.0  1257.4   857.6
  13:01:30.203  1838.4   980.1     90.0  1257.4   859.9
  13:01:30.250  1838.4   980.1     90.0  1257.4   859.9
  13:01:30.296  1838.4   983.4     90.0  1257.4   863.2
  13:01:30.343  1838.4   985.7     90.0  1257.4   865.4
  13:01:30.375  1838.4   988.0     90.0  1257.4   867.8
  13:01:30.421  1838.4   990.2     90.0  1257.4   870.0
  13:01:30.468  1838.4   992.7     90.0  1257.4   872.5
  13:01:30.515  1838.4   995.0     90.0  1257.4   874.8
  13:01:30.546  1838.4   995.0     90.0  1257.4   874.8
  13:01:30.578  1838.4   997.4     90.0  1257.4   877.2
  13:01:30.625  1838.4   999.7     90.0  1257.4   879.5
  13:01:30.671  1838.4  1002.1     90.0  1257.4   881.9
  13:01:30.718  1838.4  1004.7     90.0  1257.4   884.5
  13:01:30.734  1838.4  1004.7     90.0  1257.4   884.5
  13:01:30.781  1838.4  1006.6     90.0  1257.4   886.4
  13:01:30.828  1838.4  1009.1     90.0  1257.4   888.9
  13:01:30.875  1838.4  1011.4     90.0  1257.4   891.2
  13:01:30.906  1838.4  1014.5     90.0  1247.4   894.3
  13:01:30.953  1838.4  1016.8     90.0  1257.4   896.6
  13:01:31.000  1838.4  1016.8     90.0  1257.4   896.6
  13:01:31.031  1838.4  1019.1     90.0  1247.4   898.9
  13:01:31.078  1838.4  1021.5     90.0  1247.4   901.3
  13:01:31.125  1838.4  1023.8     90.0  1247.4   903.6
  13:01:31.171  1838.4  1026.2     90.0  1247.4   906.0
  13:01:31.203  1838.4  1028.6     90.0  1247.4   908.4
  13:01:31.250  1838.4  1030.8     90.0  1247.4   910.6
  13:01:31.296  1838.4  1033.2     90.0  1247.4   913.0
  13:01:31.328  1838.4  1033.2     90.0  1247.4   913.0
  13:01:31.375  1838.4  1035.6     90.0  1247.4   915.4
  13:01:31.421  1838.4  1037.9     90.0  1247.4   917.7
  13:01:31.468  1838.4  1040.3     90.0  1247.4   920.1
  13:01:31.500  1838.4  1042.6     90.0  1247.4   922.4
  13:01:31.546  1838.4  1045.0     90.0  1247.4   924.8
  13:01:31.593  1838.4  1047.2     90.0  1247.4   927.0
  13:01:31.640  1838.4  1049.7     90.0  1247.4   929.4
  13:01:31.687  1838.3  1051.9     90.0  1247.4   931.7
  13:01:31.718  1838.3  1051.9     90.0  1237.4   931.7
  13:01:31.765  1838.3  1055.1     90.0  1237.4   934.9
  13:01:31.812  1838.3  1057.4     90.0  1237.4   937.2
  13:01:31.843  1838.3  1059.7     90.0  1237.4   939.5
  13:01:31.890  1838.3  1062.1     90.0  1237.4   941.9
  13:01:31.937  1838.3  1064.5     90.0  1237.4   944.3
  13:01:31.984  1838.3  1066.8     90.0  1237.4   946.6
  13:01:32.015  1838.3  1066.8     90.0  1237.4   946.6
  13:01:32.062  1838.3  1069.1     90.0  1237.4   948.9
  13:01:32.109  1838.3  1071.4     90.0  1237.4   951.2
  13:01:32.156  1838.3  1073.7     90.0  1237.4   953.5
  13:01:32.203  1838.3  1076.0     90.0  1237.4   955.8
  13:01:32.234  1838.3  1078.4     90.0  1237.4   958.2
  13:01:32.296  1838.3  1080.7     90.0  1237.4   960.5
  13:01:32.328  1838.3  1083.1     90.0  1237.4   962.9
  13:01:32.375  1838.3  1085.5     90.0  1237.4   965.3
  13:01:32.406  1838.3  1087.8     90.0  1237.4   967.6
  13:01:32.453  1838.3  1090.0     90.0  1237.4   969.8
  13:01:32.500  1838.3  1090.0     90.0  1237.4   969.8
  13:01:32.546  1838.3  1092.5     90.0  1237.4   972.3
  13:01:32.578  1838.3  1094.7     90.0  1237.4   974.5
  13:01:32.625  1838.3  1097.2     90.0  1237.4   977.0
  13:01:32.671  1838.3  1099.5     90.0  1237.4   979.3
  13:01:32.718  1838.3  1101.9     90.0  1237.4   981.6
  13:01:32.765  1838.3  1104.9     90.0  1237.4   984.7
  13:01:32.796  1838.3  1104.9     90.0  1237.4   984.7
  13:01:32.843  1838.3  1107.3     90.0  1227.4   987.0
  13:01:32.890  1838.3  1109.6     90.0  1227.4   989.4
  13:01:32.921  1838.3  1112.0     90.0  1227.4   991.8
  13:01:32.968  1838.3  1114.4     90.0  1227.4   994.2
  13:01:33.015  1838.3  1116.7     90.0  1227.4   996.4
  13:01:33.062  1838.3  1119.0     90.0  1227.4   998.8
  13:01:33.093  1838.3  1121.6     90.0  1227.4  1001.3
  13:01:33.140  1838.3  1121.6     90.0  1227.4  1001.3
  13:01:33.171  1838.3  1123.7     90.0  1227.4  1003.4
  13:01:33.218  1838.3  1126.0     90.0  1227.4  1005.8
  13:01:33.265  1838.3  1128.3     90.0  1227.4  1008.1
  13:01:33.312  1838.3  1130.7     90.0  1227.4  1010.5
  13:01:33.343  1838.3  1133.0     90.0  1217.4  1012.7
  13:01:33.390  1838.3  1135.3     90.0  1217.4  1015.1
  13:01:33.437  1838.3  1137.8     90.0  1227.4  1017.6
  13:01:33.468  1838.3  1140.0     90.0  1217.4  1019.8
  13:01:33.515  1838.3  1140.0     90.0  1217.4  1019.8
  13:01:33.562  1838.3  1142.5     90.0  1217.4  1022.3
  13:01:33.609  1838.3  1144.7     90.0  1217.4  1024.4
  13:01:33.640  1838.3  1147.0     90.0  1217.4  1026.8
  13:01:33.703  1838.3  1149.4     90.0  1217.4  1029.2
  13:01:33.734  1838.3  1149.4     90.0  1217.4  1029.2
  13:01:33.781  1838.3  1152.5     90.0  1217.4  1032.3
  13:01:33.812  1838.3  1154.9     90.0  1217.4  1034.6
  13:01:33.859  1838.3  1157.2     90.0  1207.4  1037.0
  13:01:33.906  1838.3  1159.6     90.0  1187.4  1039.3
  13:01:33.953  1838.3  1161.8     90.0  1187.4  1041.6
  13:01:33.984  1838.3  1164.2     90.0  1137.4  1044.0
  13:01:34.031  1838.3  1166.6     90.0  1107.4  1046.3
  13:01:34.078  1838.3  1168.8     90.0  1107.4  1048.6
  13:01:34.125  1838.3  1171.2     90.0  1097.3  1051.0
  13:01:34.171  1838.3  1173.6     90.0  1097.3  1053.3
  13:01:34.203  1838.3  1173.6     90.0  1097.3  1053.3
  13:01:34.250  1838.3  1175.9     90.0  1087.3  1055.6
  13:01:34.312  1838.3  1178.2     90.0  1097.3  1057.9
  13:01:34.343  1838.3  1181.0     90.0  1097.3  1060.8
  13:01:34.390  1838.3  1183.7     90.0  1087.3  1063.5
  13:01:34.421  1838.3  1186.1     90.0  1077.3  1065.8
  13:01:34.468  1838.3  1188.4     90.0  1087.3  1068.1
  13:01:34.515  1838.3  1188.4     90.0  1087.3  1068.1
  13:01:34.546  1838.3  1191.1     90.0  1077.3  1070.8
  13:01:34.593  1838.3  1193.0     90.0  1087.3  1072.7
  13:01:34.640  1838.3  1195.4     90.0  1087.3  1075.2
  13:01:34.687  1838.3  1197.8     90.0  1087.3  1077.5
  13:01:34.734  1838.3  1200.1     90.0  1087.3  1079.8
  13:01:34.765  1838.3  1202.4     90.0  1087.3  1082.1
  13:01:34.812  1838.3  1204.7     90.0  1087.3  1084.4
  13:01:34.859  1838.3  1207.1     90.0  1087.3  1086.9
  13:01:34.906  1838.3  1209.4     90.0  1087.3  1089.2
  13:01:34.937  1838.3  1209.4     90.0  1087.3  1089.2
  13:01:34.984  1838.3  1212.0     90.0  1087.3  1091.7
  13:01:35.031  1838.3  1214.1     90.0  1077.3  1093.8
  13:01:35.078  1838.3  1216.4     90.0  1077.3  1096.2
  13:01:35.125  1838.3  1218.7     90.0  1077.3  1098.4
  13:01:35.156  1838.3  1221.1     90.0  1077.3  1100.9
  13:01:35.203  1838.3  1223.4     90.0  1077.3  1103.1
  13:01:35.250  1838.3  1225.9     90.0  1087.3  1105.6
  13:01:35.296  1838.3  1228.2     90.0  1077.3  1107.9
  13:01:35.328  1838.3  1230.5     90.0  1077.3  1110.2
  13:01:35.375  1838.3  1230.5     90.0  1077.3  1110.2
  13:01:35.421  1838.3  1232.8     90.0  1077.3  1112.5
  13:01:35.468  1838.3  1235.2     90.0  1077.3  1114.9
  13:01:35.500  1838.3  1237.5     90.0  1077.3  1117.3
  13:01:35.562  1838.3  1239.8     90.0  1067.3  1119.5
  13:01:35.593  1838.3  1242.5     90.0  1067.3  1122.2
  13:01:35.640  1838.3  1244.5     90.0  1077.3  1124.2
  13:01:35.687  1838.3  1246.8     90.0  1077.3  1126.5
  13:01:35.718  1838.3  1249.1     90.0  1067.3  1128.9
  13:01:35.765  1838.3  1249.1     90.0  1067.3  1128.9
  13:01:35.812  1838.3  1252.1     90.0  1067.3  1131.8
  13:01:35.843  1838.3  1254.6     90.0  1067.3  1134.3
  13:01:35.890  1838.3  1257.1     90.0  1077.3  1136.8
  13:01:35.937  1838.3  1259.4     90.0  1067.3  1139.2
  13:01:35.968  1838.3  1261.6     90.0  1067.3  1141.4
  13:01:36.015  1838.3  1263.9     90.0  1067.3  1143.6
  13:01:36.062  1838.3  1263.9     90.0  1067.3  1143.6
  13:01:36.109  1838.3  1266.3     90.0  1067.3  1146.1
  13:01:36.156  1838.3  1268.7     90.0  1067.3  1148.5
  13:01:36.187  1838.3  1271.0     90.0  1067.3  1150.7
  13:01:36.234  1838.3  1273.4     90.0  1067.3  1153.1
  13:01:36.281  1838.3  1275.7     90.0  1067.3  1155.4
  13:01:36.312  1838.3  1278.2     90.0  1067.3  1157.9
  13:01:36.359  1838.3  1280.4     90.0  1057.3  1160.1
  13:01:36.406  1838.3  1282.7     90.0  1057.3  1162.4
  13:01:36.453  1838.3  1285.1     90.0  1057.3  1164.8
  13:01:36.500  1838.3  1287.5     90.0  1067.3  1167.2
  13:01:36.531  1838.3  1287.5     90.0  1067.3  1167.2
  13:01:36.578  1838.3  1289.8     90.0  1057.3  1169.5
  13:01:36.625  1838.3  1292.0     90.0  1057.3  1171.8
  13:01:36.656  1838.3  1294.4     90.0  1057.3  1174.2
  13:01:36.718  1838.3  1296.7     90.0  1057.3  1176.4
  13:01:36.750  1838.3  1299.1     90.0  1057.3  1178.8
  13:01:36.796  1838.3  1301.5     90.0  1057.3  1181.3
  13:01:36.843  1838.3  1303.8     90.0  1057.3  1183.5
  13:01:36.875  1838.3  1306.2     90.0  1057.3  1185.9
  13:01:36.921  1838.3  1306.2     90.0  1057.3  1185.9
  13:01:36.968  1838.3  1308.4     90.0  1057.3  1188.1
  13:01:37.015  1838.3  1310.9     90.0  1057.3  1190.6
  13:01:37.046  1838.3  1313.2     90.0  1057.3  1192.9
  13:01:37.093  1838.3  1315.5     90.0  1057.3  1195.2
  13:01:37.156  1838.3  1317.9     90.0  1057.3  1197.6
  13:01:37.187  1838.3  1320.6     90.0  1057.3  1200.3
  13:01:37.218  1838.3  1320.6     90.0  1047.3  1200.3
  13:01:37.265  1838.3  1323.3     90.0  1047.3  1203.0
  13:01:37.312  1838.3  1325.6     90.0  1057.3  1205.3
  13:01:37.359  1838.3  1327.9     90.0  1047.3  1207.6
  13:01:37.390  1838.2  1330.3     90.0  1047.3  1210.1
  13:01:37.437  1838.2  1332.8     90.0  1047.3  1212.5
  13:01:37.484  1838.2  1334.9     90.0  1047.3  1214.6
  13:01:37.531  1838.2  1337.3     90.0  1057.3  1217.0
  13:01:37.578  1838.2  1339.7     90.0  1057.3  1219.4
  13:01:37.609  1838.2  1339.7     90.0  1037.3  1219.4
  13:01:37.656  1838.2  1342.8     90.0  1037.3  1222.5
  13:01:37.703  1838.2  1345.1     90.0  1047.3  1224.8
  13:01:37.750  1838.2  1347.4     90.0  1047.3  1227.1
  13:01:37.781  1838.2  1347.4     90.0  1037.3  1227.1
  13:01:37.828  1838.2  1350.2     90.0  1037.3  1229.9
  13:01:37.875  1838.2  1352.8     90.0  1037.3  1232.6
  13:01:37.921  1838.2  1355.3     90.0  1037.3  1235.0
  13:01:37.968  1838.2  1357.5     90.0  1047.3  1237.2
  13:01:38.000  1838.2  1359.9     90.0  1037.3  1239.6
  13:01:38.046  1838.2  1362.3     90.0  1047.3  1242.1
  13:01:38.093  1838.2  1364.6     90.0  1047.3  1244.3
  13:01:38.140  1838.2  1367.0     90.0  1037.3  1246.7
  13:01:38.187  1838.2  1369.2     90.0  1047.3  1248.9
  13:01:38.234  1838.2  1371.6     90.0  1047.3  1251.3
  13:01:38.265  1838.2  1374.0     90.0  1047.3  1253.7
  13:01:38.312  1838.2  1374.0     90.0  1037.3  1253.7
  13:01:38.375  1838.2  1378.6     90.0  1037.3  1258.3
  13:01:38.406  1838.2  1378.6     90.0  1027.3  1258.3
  13:01:38.437  1838.2  1381.0     90.0  1017.3  1260.7
  13:01:38.484  1838.2  1383.3     90.0  1017.3  1263.0
  13:01:38.531  1838.2  1385.6     90.0   957.3  1265.3
  13:01:38.578  1838.2  1388.0     90.0   897.3  1267.7
  13:01:38.609  1838.2  1390.3     90.0   897.3  1270.0
  13:01:38.656  1838.2  1392.6     90.0   717.3  1272.2
  13:01:38.703  1838.2  1395.0     90.0   497.3  1274.5
  13:01:38.750  1838.2  1397.3     90.0   497.3  1276.8
  13:02:08.500  1166.0  1838.6   -180.0  1286.8   517.7
  13:02:08.515  1163.8  1838.6   -180.0  1284.5   517.7
  13:02:08.562  1161.3  1838.6   -180.0  1282.0   517.7
  13:02:08.656  1159.0  1838.6   -180.0  1279.7   557.7
  13:02:08.687  1156.7  1838.6   -180.0  1277.4   557.6
  13:02:08.734  1154.3  1838.6   -180.0  1274.9   747.6
  13:02:08.781  1151.9  1838.6   -180.0  1272.5   787.6
  13:02:08.812  1149.6  1838.6   -180.0  1270.2   787.6
  13:02:08.859  1146.9  1838.6   -180.0  1267.5   807.6
  13:02:08.906  1145.0  1838.6   -180.0  1265.6   827.6
  13:02:08.953  1142.7  1838.6   -180.0  1263.3   827.6
  13:02:08.984  1140.4  1838.6   -180.0  1260.9   887.6
  13:02:09.031  1140.4  1838.6   -180.0  1260.9   917.6
  13:02:09.078  1137.9  1838.6   -180.0  1258.5   917.6
  13:02:09.125  1135.6  1838.6   -180.0  1256.2   887.6
  13:02:09.156  1133.3  1838.6   -180.0  1253.9   917.6
  13:02:09.203  1130.8  1838.6   -180.0  1251.3   907.6
  13:02:09.250  1128.6  1838.6   -180.0  1249.1   917.6
  13:02:09.296  1126.3  1838.6   -180.0  1246.8   957.6
  13:02:09.343  1123.9  1838.6   -180.0  1244.4   957.6
  13:02:09.375  1121.6  1838.6   -180.0  1242.0   977.6
  13:02:09.421  1119.2  1838.6   -180.0  1239.7   977.6
  13:02:09.468  1119.2  1838.6   -180.0  1239.7   977.6
  13:02:09.515  1116.9  1838.6   -180.0  1237.4   977.6
  13:02:09.546  1114.5  1838.6   -180.0  1235.0  1007.6
  13:02:09.593  1112.3  1838.6   -180.0  1232.7  1007.6
  13:02:09.640  1109.9  1838.6   -180.0  1230.4  1017.6
  13:02:09.687  1107.6  1838.6   -180.0  1228.1  1017.6
  13:02:09.718  1105.2  1838.6   -180.0  1225.7  1017.6
  13:02:09.765  1102.8  1838.6   -180.0  1223.2  1017.6
  13:02:09.812  1100.5  1838.5   -180.0  1220.9  1027.6
  13:02:09.859  1098.2  1838.5   -180.0  1218.7  1027.6
  13:02:09.906  1095.9  1838.5   -180.0  1216.4  1037.6
  13:02:09.937  1095.9  1838.5   -180.0  1216.4  1047.6
  13:02:09.984  1093.5  1838.5   -180.0  1214.0  1047.6
  13:02:10.031  1091.2  1838.5   -180.0  1211.6  1067.6
  13:02:10.078  1088.9  1838.5   -180.0  1209.3  1067.6
  13:02:10.109  1086.4  1838.5   -180.0  1206.9  1067.6
  13:02:10.156  1084.2  1838.5   -180.0  1204.6  1067.6
  13:02:10.203  1081.9  1838.5   -180.0  1202.3  1077.6
  13:02:10.234  1079.5  1838.5   -180.0  1199.9  1077.6
  13:02:10.250  1079.5  1838.5   -180.0  1199.9  1077.6
  13:02:10.296  1079.5  1838.5   -180.0  1199.9  1077.6
  13:02:10.328  1076.6  1838.5   -180.0  1197.0  1077.6
  13:02:10.375  1074.0  1838.5   -180.0  1194.4  1077.6
  13:02:10.421  1071.8  1838.5   -180.0  1192.2  1077.6
  13:02:10.468  1069.4  1838.5   -180.0  1189.8  1077.6
  13:02:10.500  1067.0  1838.5   -180.0  1187.5  1077.6
  13:02:10.546  1064.6  1838.5   -180.0  1185.1  1077.6
  13:02:10.593  1062.4  1838.5   -180.0  1182.8  1077.6
  13:02:10.640  1060.1  1838.5   -180.0  1180.5  1077.6
  13:02:10.687  1057.6  1838.5   -180.0  1178.0  1077.6
  13:02:10.718  1057.6  1838.5   -180.0  1178.0  1077.6
  13:02:10.765  1055.4  1838.5   -180.0  1175.8  1077.6
  13:02:10.812  1053.0  1838.5   -180.0  1173.4  1077.6
  13:02:10.843  1050.6  1838.5   -180.0  1171.1  1077.6
  13:02:10.890  1048.3  1838.5   -180.0  1168.7  1077.6
  13:02:10.937  1045.2  1838.5   -180.0  1165.6  1077.6
  13:02:10.984  1045.2  1838.5   -180.0  1165.6  1077.6
  13:02:11.015  1042.9  1838.5   -180.0  1163.3  1077.6
  13:02:11.078  1037.7  1838.5   -180.0  1158.2  1077.6
  13:02:11.109  1037.7  1838.5   -180.0  1158.2  1077.6
  13:02:11.156  1035.9  1838.5   -180.0  1156.3  1067.6
  13:02:11.203  1033.5  1838.5   -180.0  1153.9  1067.6
  13:02:11.234  1031.1  1838.5   -180.0  1151.6  1067.6
  13:02:11.250  1031.1  1838.5   -180.0  1151.6  1067.6
  13:02:11.296  1028.8  1838.5   -180.0  1149.2  1067.6
  13:02:11.343  1026.5  1838.5   -180.0  1146.9  1067.6
  13:02:11.390  1024.1  1838.5   -180.0  1144.6  1067.6
  13:02:11.437  1021.8  1838.5   -180.0  1142.2  1067.6
  13:02:11.468  1019.4  1838.5   -180.0  1139.9  1067.6
  13:02:11.515  1019.4  1838.5   -180.0  1139.9  1067.6
  13:02:11.562  1016.4  1838.5   -180.0  1136.8  1067.6
  13:02:11.609  1014.0  1838.5   -180.0  1134.4  1067.6
  13:02:11.640  1011.6  1838.5   -180.0  1132.0  1067.6
  13:02:11.687  1009.4  1838.5   -180.0  1129.8  1067.6
  13:02:11.734  1007.0  1838.5   -180.0  1127.4  1067.6
  13:02:11.781  1004.6  1838.5   -180.0  1125.1  1067.6
  13:02:11.812  1002.3  1838.5   -180.0  1122.7  1067.6
  13:02:11.859  1002.3  1838.5   -180.0  1122.7  1067.6
  13:02:11.906  1000.0  1838.5   -180.0  1120.4  1067.6
  13:02:11.953   997.6  1838.5   -180.0  1118.1  1067.6
  13:02:11.984   995.3  1838.5   -180.0  1115.8  1067.6
  13:02:12.031   992.8  1838.5   -180.0  1113.3  1057.6
  13:02:12.078   990.6  1838.5   -180.0  1111.1  1067.6
  13:02:12.109   988.2  1838.5   -180.0  1108.6  1067.6
  13:02:12.156   985.9  1838.5   -180.0  1106.4  1057.6
  13:02:12.203   983.6  1838.5   -180.0  1104.0  1067.6
  13:02:12.250   981.2  1838.5   -180.0  1101.7  1067.5
  13:02:12.296   981.2  1838.5   -180.0  1101.7  1067.5
  13:02:12.328   978.1  1838.5   -180.0  1098.5  1067.5
  13:02:12.375   975.7  1838.5   -180.0  1096.2  1057.5
  13:02:12.421   973.5  1838.5   -180.0  1093.9  1057.5
  13:02:12.468   971.1  1838.5   -180.0  1091.6  1067.5
  13:02:12.500   968.6  1838.5   -180.0  1089.1  1057.5
  13:02:12.546   966.4  1838.5   -180.0  1086.8  1057.5
  13:02:12.593   966.4  1838.5   -180.0  1086.8  1057.5
  13:02:12.640   964.1  1838.5   -180.0  1084.6  1057.5
  13:02:12.671   961.8  1838.5   -180.0  1082.2  1057.5
  13:02:12.718   959.4  1838.5   -180.0  1079.9  1057.5
  13:02:12.765   957.1  1838.5   -180.0  1077.6  1047.5
  13:02:12.812   954.8  1838.5   -180.0  1075.2  1057.5
  13:02:12.843   952.3  1838.5   -180.0  1072.8  1057.5
  13:02:12.906   950.0  1838.5   -180.0  1070.4  1057.5
  13:02:12.937   950.0  1838.5   -180.0  1070.4  1057.5
  13:02:12.968   946.9  1838.5   -180.0  1067.3  1057.5
  13:02:13.015   944.6  1838.5   -180.0  1065.1  1057.5
  13:02:13.062   942.3  1838.5   -180.0  1062.7  1057.5
  13:02:13.093   939.9  1838.5   -180.0  1060.3  1067.5
  13:02:13.140   939.9  1838.5   -180.0  1060.3  1067.5
  13:02:13.171   937.5  1838.5   -180.0  1058.0  1077.5
  13:02:13.218   935.2  1838.5   -180.0  1055.6  1087.5
  13:02:13.265   932.9  1838.5   -180.0  1053.3  1087.5
  13:02:13.312   930.5  1838.5   -180.0  1050.9  1107.5
  13:02:13.359   928.2  1838.5   -180.0  1048.6  1117.5
  13:02:13.406   925.8  1838.4   -180.0  1046.2  1117.5
  13:02:13.437   923.6  1838.4   -180.0  1044.0  1127.5
  13:02:13.484   921.2  1838.4   -180.0  1041.6  1127.5
  13:02:13.531   918.9  1838.4   -180.0  1039.3  1127.5
  13:02:13.593   916.6  1838.4   -180.0  1037.0  1157.5
  13:02:13.640   914.2  1838.4   -180.0  1034.6  1157.5
  13:02:13.687   911.9  1838.4   -180.0  1032.3  1157.5
  13:02:13.734   909.4  1838.4   -180.0  1029.8  1167.5
  13:02:13.765   907.2  1838.4   -180.0  1027.6  1167.5
  13:02:13.812   907.2  1838.4   -180.0  1027.6  1167.5
  13:02:13.843   904.8  1838.4   -180.0  1025.2  1177.5
  13:02:13.890   902.5  1838.4   -180.0  1022.9  1187.5
  13:02:13.937   900.1  1838.4   -180.0  1020.5  1187.5
  13:02:13.968   897.8  1838.4   -180.0  1018.2  1197.5
  13:02:14.015   895.5  1838.4   -180.0  1015.8  1207.5
  13:02:14.062   893.1  1838.4   -180.0  1013.4  1207.5
  13:02:14.093   893.1  1838.4   -180.0  1013.4  1207.5
  13:02:14.156   888.2  1838.4   -180.0  1008.6  1217.5
  13:02:14.187   888.2  1838.4   -180.0  1008.6  1217.5
  13:02:14.218   886.2  1838.4   -180.0  1006.5  1227.5
  13:02:14.265   883.8  1838.4   -180.0  1004.1  1237.5
  13:02:14.296   881.5  1838.4   -180.0  1001.8  1237.5
  13:02:14.343   879.1  1838.4   -180.0   999.5  1237.5
  13:02:14.390   876.8  1838.4   -180.0   997.1  1247.5
  13:02:14.437   876.8  1838.4   -180.0   997.1  1247.5
  13:02:14.468   874.4  1838.4   -180.0   994.7  1267.5
  13:02:14.500   872.1  1838.4   -180.0   992.4  1267.5
  13:02:14.546   869.8  1838.4   -180.0   990.1  1267.5
  13:02:14.578   869.8  1838.4   -180.0   990.1  1277.5
  13:02:14.609   867.5  1838.4   -180.0   987.8  1277.5
  13:02:14.656   865.1  1838.4   -180.0   985.4  1277.5
  13:02:14.703   862.7  1838.4   -180.0   983.0  1277.5
  13:02:14.734   860.4  1838.4   -180.0   980.7  1277.5
  13:02:14.781   857.8  1838.4   -180.0   978.1  1277.5
  13:02:14.828   855.6  1838.4   -180.0   975.9  1267.5
  13:02:14.859   853.4  1838.4   -180.0   973.7  1267.5
  13:02:14.906   853.4  1838.4   -180.0   973.7  1267.5
  13:02:14.953   851.1  1838.4   -180.0   971.4  1267.5
  13:02:15.000   848.7  1838.4   -180.0   969.1  1267.5
  13:02:15.046   846.3  1838.4   -180.0   966.6  1267.5
  13:02:15.078   844.1  1838.4   -180.0   964.4  1267.5
  13:02:15.140   841.6  1838.4   -180.0   962.0  1267.5
  13:02:15.203   837.0  1838.4   -180.0   957.3  1267.5
  13:02:15.234   837.0  1838.4   -180.0   957.3  1267.5
  13:02:15.296   834.6  1838.4   -180.0   954.9  1267.5
  13:02:15.312   832.3  1838.4   -180.0   952.6  1267.5
  13:02:15.359   829.9  1838.4   -180.0   950.2  1267.5
  13:02:15.406   829.9  1838.4   -180.0   950.2  1267.5
  13:02:15.453   826.9  1838.4   -180.0   947.2  1267.5
  13:02:15.484   824.5  1838.4   -180.0   944.8  1267.5
  13:02:15.531   822.2  1838.4   -180.0   942.5  1267.5
  13:02:15.562   819.7  1838.4   -180.0   940.1  1267.5
  13:02:15.609   817.5  1838.4   -180.0   937.8  1257.5
  13:02:15.656   815.2  1838.4   -180.0   935.5  1267.5
  13:02:15.703   812.8  1838.4   -180.0   933.1  1257.5
  13:02:15.734   812.8  1838.4   -180.0   933.1  1257.5
  13:02:15.781   810.4  1838.4   -180.0   930.8  1257.5
  13:02:15.828   808.2  1838.4   -180.0   928.5  1257.5
  13:02:15.859   805.8  1838.4   -180.0   926.1  1257.4
  13:02:15.906   803.4  1838.4   -180.0   923.8  1257.4
  13:02:15.937   803.4  1838.4   -180.0   923.8  1257.4
  13:02:15.984   798.8  1838.4   -180.0   919.1  1257.4
  13:02:16.031   796.5  1838.4   -180.0   916.9  1257.4
  13:02:16.078   796.5  1838.4   -180.0   916.9  1257.4
  13:02:16.109   794.2  1838.4   -180.0   914.5  1257.4
  13:02:16.171   791.8  1838.4   -180.0   912.1  1257.4
  13:02:16.203   789.0  1838.4   -180.0   909.3  1247.4
  13:02:16.250   787.0  1838.4   -180.0   907.4  1257.4
  13:02:16.265   787.0  1838.4   -180.0   907.4  1257.4
  13:02:16.296   784.7  1838.4   -180.0   905.0  1257.4
  13:02:16.359   782.4  1838.4   -180.0   902.7  1247.4
  13:02:16.375   779.9  1838.4   -180.0   900.2  1247.4
  13:02:16.421   777.7  1838.4   -180.0   898.1  1247.4
  13:02:16.468   775.4  1838.4   -180.0   895.7  1247.4
  13:02:16.500   775.4  1838.4   -180.0   895.7  1247.4
  13:02:16.546   773.0  1838.4   -180.0   893.3  1247.4
  13:02:16.593   770.7  1838.4   -180.0   891.1  1247.4
  13:02:16.640   768.3  1838.4   -180.0   888.7  1247.4
  13:02:16.687   766.0  1838.4   -180.0   886.3  1247.4
  13:02:16.718   763.7  1838.4   -180.0   884.0  1247.4
  13:02:16.765   761.4  1838.4   -180.0   881.8  1247.4
  13:02:16.812   759.0  1838.4   -180.0   879.4  1247.4
  13:02:16.859   756.7  1838.4   -180.0   877.0  1247.4
  13:02:16.890   754.3  1838.4   -180.0   874.6  1247.4
  13:02:16.937   754.3  1838.4   -180.0   874.6  1247.4
  13:02:16.984   752.0  1838.3   -180.0   872.3  1237.4
  13:02:17.031   749.5  1838.3   -180.0   869.9  1237.4
  13:02:17.062   747.3  1838.3   -180.0   867.6  1237.4
  13:02:17.109   744.9  1838.3   -180.0   865.3  1237.4
  13:02:17.156   742.6  1838.3   -180.0   862.9  1237.4
  13:02:17.187   740.3  1838.3   -180.0   860.7  1237.4
  13:02:17.234   737.9  1838.3   -180.0   858.3  1237.4
  13:02:17.281   735.5  1838.3   -180.0   855.9  1237.4
  13:02:17.328   733.3  1838.3   -180.0   853.7  1237.4
  13:02:17.375   733.3  1838.3   -180.0   853.7  1237.4
  13:02:17.406   730.9  1838.3   -180.0   851.2  1237.4
  13:02:17.453   728.6  1838.3   -180.0   848.9  1237.4
  13:02:17.500   726.2  1838.3   -180.0   846.5  1237.4
  13:02:17.546   724.0  1838.3   -180.0   844.3  1237.4
  13:02:17.593   721.6  1838.3   -180.0   842.0  1237.4
  13:02:17.625   719.2  1838.3   -180.0   839.5  1237.4
  13:02:17.671   717.0  1838.3   -180.0   837.3  1237.4
  13:02:17.718   714.6  1838.3   -180.0   834.9  1227.4
  13:02:17.765   712.3  1838.3   -180.0   832.6  1237.4
  13:02:17.796   712.3  1838.3   -180.0   832.6  1237.4
  13:02:17.843   709.8  1838.3   -180.0   830.2  1227.4
  13:02:17.890   707.6  1838.3   -180.0   827.9  1227.4
  13:02:17.921   705.2  1838.3   -180.0   825.6  1227.4
  13:02:17.953   702.9  1838.3   -180.0   823.3  1227.4
  13:02:18.015   700.4  1838.3   -180.0   820.8  1227.4
  13:02:18.046   698.3  1838.3   -180.0   818.6  1227.4
  13:02:18.093   695.9  1838.3   -180.0   816.2  1227.4
  13:02:18.140   695.9  1838.3   -180.0   816.2  1227.4
  13:02:18.171   693.5  1838.3   -180.0   813.8  1227.4
  13:02:18.218   691.2  1838.3   -180.0   811.5  1227.4
  13:02:18.265   688.8  1838.3   -180.0   809.2  1217.4
  13:02:18.296   686.4  1838.3   -180.0   806.8  1217.4
  13:02:18.343   684.2  1838.3   -180.0   804.5  1217.4
  13:02:18.390   681.9  1838.3   -180.0   802.2  1217.4
  13:02:18.437   679.5  1838.3   -180.0   799.8  1217.4
  13:02:18.468   679.5  1838.3   -180.0   799.8  1217.4
  13:02:18.515   677.1  1838.3   -180.0   797.4  1217.4
  13:02:18.562   674.8  1838.3   -180.0   795.2  1217.4
  13:02:18.593   672.4  1838.3   -180.0   792.8  1217.4
  13:02:18.640   670.1  1838.3   -180.0   790.5  1217.4
  13:02:18.687   667.9  1838.3   -180.0   788.2  1217.4
  13:02:18.718   665.4  1838.3   -180.0   785.8  1217.4
  13:02:18.765   663.2  1838.3   -180.0   783.5  1217.4
  13:02:18.796   663.2  1838.3   -180.0   783.5  1217.4
  13:02:18.843   660.8  1838.3   -180.0   781.2  1217.4
  13:02:18.875   657.7  1838.3   -180.0   778.0  1217.4
  13:02:18.921   657.7  1838.3   -180.0   778.0  1217.4
  13:02:18.953   655.3  1838.3   -180.0   775.7  1207.4
  13:02:19.015   652.9  1838.3   -180.0   773.2  1207.4
  13:02:19.046   650.1  1838.3   -180.0   770.4  1217.4
  13:02:19.093   647.6  1838.3   -180.0   767.9  1207.4
  13:02:19.125   645.2  1838.3   -180.0   765.5  1207.4
  13:02:19.171   645.2  1838.3   -180.0   765.5  1207.4
  13:02:19.218   642.9  1838.3   -180.0   763.3  1207.4
  13:02:19.250   639.7  1838.3   -180.0   760.0  1207.4
  13:02:19.281   639.7  1838.3   -180.0   760.0  1207.4
  13:02:19.328   637.3  1838.3   -180.0   757.7  1207.4
  13:02:19.359   635.0  1838.3   -180.0   755.4  1207.4
  13:02:19.406   632.7  1838.3   -180.0   753.0  1207.4
  13:02:19.453   630.0  1838.3   -180.0   750.4  1187.3
  13:02:19.500   628.1  1838.3   -180.0   748.5  1167.3
  13:02:19.531   625.7  1838.3   -180.0   746.0  1167.3
  13:02:19.578   623.2  1838.3   -180.0   743.6  1107.3
  13:02:19.625   623.2  1838.3   -180.0   743.7  1057.3
  13:02:19.671   620.2  1838.3   -180.0   740.7  1057.3
  13:02:19.703   617.9  1838.3   -180.0   738.4   997.3
  13:02:19.750   615.5  1838.3   -180.0   736.0   987.3
  13:02:19.796   613.2  1838.3   -180.0   733.7   987.3
  13:02:19.843   610.8  1838.3   -180.0   731.3   957.3
  13:02:19.890   608.5  1838.3   -180.0   729.0   947.3
  13:02:19.921   606.2  1838.3   -180.0   726.7   957.3
  13:02:19.968   606.2  1838.3   -180.0   726.7   947.3
  13:02:20.015   603.8  1838.3   -180.0   724.3   947.3
  13:02:20.062   601.5  1838.3   -180.0   722.0   947.3
  13:02:20.093   599.2  1838.3   -180.0   719.7   917.3
  13:02:20.140   596.8  1838.3   -180.0   717.4   917.3
  13:02:20.187   594.5  1838.3   -180.0   715.1   917.3
  13:02:20.234   592.2  1838.3   -180.0   712.8   807.3
  13:02:20.265   589.9  1838.3   -180.0   710.5   797.3
  13:02:20.312   587.4  1838.3   -180.0   708.0   797.3
  13:02:53.359    -0.1  1150.3    -90.0  1200.8  1271.2
  13:02:53.437    -0.1  1148.0    -90.0  1200.8  1268.9
  13:02:53.484    -0.1  1145.6    -90.0  1070.8  1266.5
  13:02:53.546    -0.1  1143.4    -90.0  1070.8  1264.2
  13:02:53.578    -0.1  1140.5    -90.0   920.8  1261.2
  13:02:53.609    -0.1  1137.8    -90.0   900.8  1258.5
  13:02:53.656    -0.1  1135.5    -90.0   900.8  1256.3
  13:02:53.703    -0.1  1135.5    -90.0   890.8  1256.2
  13:02:53.734    -0.1  1133.1    -90.0   880.8  1253.7
  13:02:53.781    -0.1  1130.6    -90.0   890.8  1251.3
  13:02:53.828    -0.1  1128.5    -90.0   880.8  1249.2
  13:02:53.875    -0.1  1126.2    -90.0   870.8  1246.9
  13:02:53.906    -0.1  1123.8    -90.0   880.8  1244.5
  13:02:53.953    -0.1  1121.6    -90.0   870.8  1242.2
  13:02:54.000    -0.1  1118.3    -90.0   850.8  1239.0
  13:02:54.046    -0.1  1118.3    -90.0   850.8  1239.0
  13:02:54.078    -0.1  1116.0    -90.0   830.8  1236.6
  13:02:54.140    -0.1  1113.7    -90.0   830.8  1234.4
  13:02:54.171    -0.1  1111.2    -90.0   830.8  1231.8
  13:02:54.218    -0.1  1108.9    -90.0   830.8  1229.6
  13:02:54.250    -0.1  1106.6    -90.0   820.8  1227.2
  13:02:54.296    -0.1  1104.2    -90.0   820.8  1224.9
  13:02:54.343    -0.1  1104.2    -90.0   810.8  1224.9
  13:02:54.390    -0.1  1101.2    -90.0   800.8  1221.8
  13:02:54.421    -0.1  1098.8    -90.0   800.8  1219.5
  13:02:54.468    -0.1  1096.6    -90.0   800.8  1217.2
  13:02:54.515    -0.1  1094.2    -90.0   790.8  1214.9
  13:02:54.562    -0.1  1091.7    -90.0   790.8  1212.3
  13:02:54.609    -0.1  1089.5    -90.0   780.8  1210.1
  13:02:54.640    -0.1  1087.2    -90.0   770.8  1207.8
  13:02:54.687    -0.1  1084.8    -90.0   770.8  1205.4
  13:02:54.734    -0.1  1084.8    -90.0   760.8  1205.4
  13:02:54.781    -0.1  1082.5    -90.0   750.8  1203.1
  13:02:54.828    -0.1  1080.2    -90.0   750.8  1200.8
  13:02:54.859    -0.1  1077.8    -90.0   740.8  1198.3
  13:02:54.906    -0.1  1075.4    -90.0   740.8  1196.0
  13:02:54.953    -0.1  1073.1    -90.0   740.8  1193.7
  13:02:54.984    -0.1  1070.8    -90.0   720.8  1191.4
  13:02:55.031    -0.1  1068.5    -90.0   720.9  1189.0
  13:02:55.078    -0.1  1066.2    -90.0   720.9  1186.8
  13:02:55.125    -0.1  1063.8    -90.0   720.9  1184.4
  13:02:55.156    -0.1  1063.8    -90.0   720.9  1184.4
  13:02:55.203     0.0  1061.4    -90.0   720.9  1182.0
  13:02:55.250     0.0  1059.1    -90.0   720.9  1179.7
  13:02:55.281     0.0  1056.7    -90.0   720.9  1177.3
  13:02:55.328     0.0  1054.5    -90.0   720.9  1175.0
  13:02:55.390     0.0  1052.1    -90.0   720.9  1172.7
  13:02:55.421     0.0  1049.7    -90.0   720.9  1170.3
  13:02:55.468     0.0  1047.4    -90.0   720.9  1168.0
  13:02:55.515     0.0  1045.1    -90.0   720.9  1165.7
  13:02:55.546     0.0  1042.7    -90.0   720.9  1163.2
  13:02:55.593     0.0  1042.7    -90.0   720.9  1163.2
  13:02:55.640     0.0  1040.4    -90.0   720.9  1161.0
  13:02:55.687     0.0  1038.1    -90.0   720.9  1158.6
  13:02:55.718     0.0  1035.7    -90.0   720.9  1156.3
  13:02:55.812     0.0  1031.0    -90.0   730.9  1151.6
  13:02:55.859     0.0  1028.7    -90.0   730.9  1149.3
  13:02:55.890     0.0  1026.4    -90.0   730.9  1147.0
  13:02:55.937     0.0  1023.9    -90.0   730.9  1144.5
  13:02:56.000     0.0  1021.7    -90.0   730.9  1142.3
  13:02:56.031     0.0  1021.7    -90.0   730.9  1142.3
  13:02:56.062     0.0  1019.3    -90.0   730.9  1139.9
  13:02:56.109     0.0  1017.0    -90.0   730.9  1137.6
  13:02:56.156     0.0  1014.6    -90.0   730.9  1135.2
  13:02:56.203     0.0  1012.3    -90.0   730.9  1132.9
  13:02:56.250     0.0  1009.9    -90.0   730.9  1130.5
  13:02:56.281     0.0  1007.7    -90.0   730.9  1128.3
  13:02:56.328     0.0  1005.3    -90.0   730.9  1125.9
  13:02:56.375     0.0  1002.9    -90.0   730.9  1123.5
  13:02:56.406     0.0  1002.9    -90.0   730.9  1123.5
  13:02:56.453     0.0  1000.5    -90.0   730.9  1121.1
  13:02:56.468     0.0   998.2    -90.0   730.9  1118.8
  13:02:56.515     0.0   996.0    -90.0   730.9  1116.5
  13:02:56.562     0.0   993.6    -90.0   730.9  1114.1
  13:02:56.609     0.0   991.3    -90.0   730.9  1111.9
  13:02:56.640     0.0   991.3    -90.0   730.9  1111.9
  13:02:56.687     0.0   988.9    -90.0   730.9  1109.4
  13:02:56.734     0.0   986.6    -90.0   730.9  1107.2
  13:02:56.781     0.0   984.2    -90.0   740.9  1104.8
  13:02:56.828     0.0   981.7    -90.0   730.9  1102.2
  13:02:56.875     0.0   979.5    -90.0   730.9  1100.1
  13:02:56.937     0.0   974.9    -90.0   730.9  1095.4
  13:02:56.984     0.0   974.9    -90.0   740.9  1095.4
  13:02:57.031     0.0   972.5    -90.0   740.9  1093.1
  13:02:57.078     0.0   970.2    -90.0   740.9  1090.8
  13:02:57.109     0.0   967.9    -90.0   740.9  1088.5
  13:02:57.156     0.0   965.5    -90.0   740.9  1086.1
  13:02:57.187     0.0   963.2    -90.0   740.9  1083.7
  13:02:57.234     0.0   960.8    -90.0   740.9  1081.4
  13:02:57.281     0.0   958.5    -90.0   740.9  1079.1
  13:02:57.328     0.0   958.5    -90.0   740.9  1079.1
  13:02:57.359     0.0   956.2    -90.0   750.9  1076.8
  13:02:57.406     0.0   953.8    -90.0   740.9  1074.3
  13:02:57.453     0.0   951.1    -90.0   750.9  1071.7
  13:02:57.500     0.0   949.1    -90.0   750.9  1069.7
  13:02:57.546     0.0   946.8    -90.0   750.9  1067.4
  13:02:57.593     0.0   944.5    -90.0   750.9  1065.1
  13:02:57.625     0.0   944.5    -90.0   750.9  1065.1
  13:02:57.671     0.0   941.7    -90.0   741.0  1062.3
  13:02:57.718     0.0   939.0    -90.0   751.0  1059.6
  13:02:57.750     0.0   936.7    -90.0   751.0  1057.2
  13:02:57.796     0.1   934.4    -90.0   751.0  1055.0
  13:02:57.843     0.1   932.0    -90.0   751.0  1052.6
  13:02:57.890     0.1   929.7    -90.0   751.0  1050.3
  13:02:57.921     0.1   927.4    -90.0   751.0  1048.0
  13:02:57.968     0.1   925.0    -90.0   751.0  1045.6
  13:02:58.015     0.1   922.6    -90.0   751.0  1043.2
  13:02:58.046     0.1   922.6    -90.0   751.0  1043.2
  13:02:58.093     0.1   920.3    -90.0   751.0  1040.9
  13:02:58.140     0.1   918.0    -90.0   761.0  1038.6
  13:02:58.187     0.1   915.6    -90.0   761.0  1036.2
  13:02:58.218     0.1   913.3    -90.0   761.0  1033.9
  13:02:58.265     0.1   910.9    -90.0   761.0  1031.5
  13:02:58.312     0.1   908.6    -90.0   761.0  1029.2
  13:02:58.359     0.1   906.2    -90.0   761.0  1026.8
  13:02:58.406     0.1   903.8    -90.0   761.0  1024.4
  13:02:58.437     0.1   903.8    -90.0   761.0  1024.4
  13:02:58.484     0.1   899.3    -90.0   761.0  1019.9
  13:02:58.531     0.1   899.3    -90.0   761.0  1019.9
  13:02:58.578     0.1   897.0    -90.0   761.0  1017.6
  13:02:58.625     0.1   894.6    -90.0   761.0  1015.2
  13:02:58.656     0.1   892.2    -90.0   761.0  1012.8
  13:02:58.703     0.1   889.9    -90.0   761.0  1010.5
  13:02:58.750     0.1   887.5    -90.0   771.0  1008.1
  13:02:58.796     0.1   885.2    -90.0   771.0  1005.8
  13:02:58.828     0.1   882.7    -90.0   771.0  1003.3
  13:02:58.875     0.1   880.6    -90.0   771.0  1001.2
  13:02:58.921     0.1   878.2    -90.0   771.0   998.8
  13:02:58.968     0.1   878.2    -90.0   771.0   998.8
  13:02:59.015     0.1   875.9    -90.0   771.0   996.5
  13:02:59.046     0.1   873.2    -90.0   771.0   993.8
  13:02:59.093     0.1   871.2    -90.0   761.0   991.8
  13:02:59.140     0.1   868.9    -90.0   771.0   989.5
  13:02:59.171     0.1   866.5    -90.0   771.0   987.1
  13:02:59.218     0.1   864.2    -90.0   771.0   984.8
  13:02:59.265     0.1   861.8    -90.0   771.0   982.4
  13:02:59.312     0.1   859.4    -90.0   771.0   980.0
  13:02:59.343     0.1   859.4    -90.0   771.0   980.0
  13:02:59.390     0.1   857.1    -90.0   781.0   977.7
  13:02:59.437     0.1   854.7    -90.0   781.0   975.3
  13:02:59.484     0.1   852.5    -90.0   771.0   973.1
  13:02:59.515     0.1   850.1    -90.0   771.0   970.7
  13:02:59.562     0.1   847.9    -90.0   771.0   968.5
  13:02:59.625     0.1   845.4    -90.0   771.0   966.0
  13:02:59.656     0.1   843.1    -90.0   771.0   963.7
  13:02:59.703     0.1   840.7    -90.0   781.0   961.3
  13:02:59.750     0.1   838.4    -90.0   771.0   959.1
  13:02:59.781     0.1   836.1    -90.0   781.0   956.7
  13:02:59.828     0.1   836.1    -90.0   771.0   956.7
  13:02:59.875     0.1   833.7    -90.0   771.0   954.3
  13:02:59.906     0.1   831.4    -90.0   781.0   952.0
  13:02:59.953     0.1   829.1    -90.0   781.0   949.7
  13:03:00.000     0.1   826.7    -90.0   781.0   947.3
  13:03:00.046     0.1   824.3    -90.0   781.0   944.9
  13:03:00.078     0.1   822.0    -90.0   791.0   942.7
  13:03:00.125     0.1   819.6    -90.0   791.0   940.3
  13:03:00.171     0.1   817.4    -90.0   791.0   938.0
  13:03:00.218     0.1   815.0    -90.0   791.1   935.6
  13:03:00.265     0.1   815.0    -90.0   781.1   935.6
  13:03:00.296     0.1   812.6    -90.0   781.1   933.2
  13:03:00.343     0.1   810.3    -90.0   781.1   930.9
  13:03:00.390     0.2   808.1    -90.0   771.1   928.7
  13:03:00.437     0.2   805.6    -90.0   771.1   926.2
  13:03:00.468     0.2   803.3    -90.0   761.1   923.9
  13:03:00.515     0.2   803.3    -90.0   751.1   923.9
  13:03:00.562     0.2   800.2    -90.0   751.1   920.8
  13:03:00.609     0.2   797.9    -90.0   751.1   918.5
  13:03:00.640     0.2   795.6    -90.0   731.1   916.1
  13:03:00.687     0.2   793.1    -90.0   731.1   913.7
  13:03:00.734     0.2   790.9    -90.0   721.1   911.5
  13:03:00.781     0.2   788.5    -90.0   711.1   909.0
  13:03:00.828     0.2   786.2    -90.0   711.1   906.7
  13:03:00.875     0.2   783.9    -90.0   701.1   904.4
  13:03:00.906     0.2   783.9    -90.0   701.1   904.4
  13:03:00.953     0.2   780.8    -90.0   701.1   901.3
  13:03:01.000     0.2   778.3    -90.0   691.1   898.9
  13:03:01.031     0.2   775.9    -90.0   691.1   896.4
  13:03:01.078     0.2   772.7    -90.0   691.1   893.2
  13:03:01.125     0.2   772.7    -90.0   691.1   893.2
  13:03:01.171     0.2   770.7    -90.0   691.1   891.2
  13:03:01.203     0.2   768.2    -90.0   691.1   888.8
  13:03:01.250     0.2   765.9    -90.0   691.1   886.5
  13:03:01.296     0.2   763.5    -90.0   691.1   884.1
  13:03:01.343     0.2   761.2    -90.0   691.1   881.8
  13:03:01.375     0.2   758.9    -90.0   691.1   879.4
  13:03:01.421     0.2   756.6    -90.0   691.1   877.1
  13:03:01.484     0.2   754.2    -90.0   701.1   874.7
  13:03:01.515     0.2   751.9    -90.0   701.1   872.5
  13:03:01.562     0.2   749.5    -90.0   701.1   870.0
  13:03:01.609     0.2   749.5    -90.0   701.1   870.0
  13:03:01.640     0.2   747.1    -90.0   701.1   867.7
  13:03:01.687     0.2   744.8    -90.0   701.1   865.4
  13:03:01.734     0.2   741.7    -90.0   701.1   862.3
  13:03:01.781     0.2   739.5    -90.0   701.1   860.0
  13:03:01.812     0.2   737.0    -90.0   701.1   857.5
  13:03:01.859     0.2   737.0    -90.0   701.1   857.5
  13:03:01.906     0.2   734.0    -90.0   691.1   854.5
  13:03:01.953     0.2   731.6    -90.0   691.1   852.1
  13:03:01.984     0.2   729.2    -90.0   701.1   849.7
  13:03:02.031     0.2   726.9    -90.0   701.1   847.4
  13:03:02.078     0.2   724.5    -90.0   691.1   845.1
  13:03:02.125     0.2   722.2    -90.0   701.1   842.7
  13:03:02.156     0.2   719.9    -90.0   701.1   840.5
  13:03:02.203     0.2   719.9    -90.0   701.1   840.5
  13:03:02.250     0.2   717.6    -90.0   701.1   838.1
  13:03:02.296     0.2   715.3    -90.0   701.1   835.9
  13:03:02.328     0.2   712.8    -90.0   701.1   833.4
  13:03:02.375     0.2   710.6    -90.0   701.1   831.1
  13:03:02.421     0.2   708.2    -90.0   701.1   828.8
  13:03:02.468     0.2   705.9    -90.0   701.1   826.4
  13:03:02.500     0.2   703.4    -90.0   701.1   824.0
  13:03:02.546     0.2   701.1    -90.0   701.1   821.7
  13:03:02.593     0.2   698.7    -90.0   701.1   819.3
  13:03:02.640     0.2   698.7    -90.0   701.1   819.3
  13:03:02.687     0.2   696.5    -90.0   701.1   817.0
  13:03:02.718     0.2   694.1    -90.0   701.1   814.7
  13:03:02.765     0.2   691.8    -90.0   701.1   812.3
  13:03:02.812     0.2   689.5    -90.0   711.1   810.1
  13:03:02.859     0.2   687.1    -90.0   711.2   807.7
  13:03:02.890     0.2   684.6    -90.0   711.2   805.2
  13:03:02.937     0.2   682.4    -90.0   711.2   803.0
  13:03:02.984     0.3   680.1    -90.0   711.2   800.6
  13:03:03.031     0.3   677.7    -90.0   711.2   798.3
  13:03:03.078     0.3   677.7    -90.0   711.2   798.3
  13:03:03.109     0.3   675.2    -90.0   711.2   795.7
  13:03:03.156     0.3   672.3    -90.0   711.2   792.8
  13:03:03.203     0.3   670.0    -90.0   711.2   790.5
  13:03:03.234     0.3   667.7    -90.0   711.2   788.2
  13:03:03.281     0.3   665.3    -90.0   711.2   785.9
  13:03:03.312     0.3   665.3    -90.0   711.2   785.9
  13:03:03.343     0.3   663.0    -90.0   711.2   783.6
  13:03:03.390     0.3   660.7    -90.0   711.2   781.2
  13:03:03.437     0.3   658.3    -90.0   711.2   778.9
  13:03:03.484     0.3   656.0    -90.0   711.2   776.5
  13:03:03.531     0.3   653.7    -90.0   711.2   774.2
  13:03:03.562     0.3   651.2    -90.0   721.2   771.8
  13:03:03.609     0.3   651.2    -90.0   711.2   771.8
  13:03:03.656     0.3   648.9    -90.0   721.2   769.5
  13:03:03.687     0.3   646.7    -90.0   721.2   767.2
  13:03:03.734     0.3   644.3    -90.0   721.2   764.9
  13:03:03.781     0.3   641.9    -90.0   721.2   762.5
  13:03:03.828     0.3   639.6    -90.0   721.2   760.2
  13:03:03.859     0.3   637.3    -90.0   721.2   757.9
  13:03:03.906     0.3   634.9    -90.0   721.2   755.4
  13:03:03.953     0.3   632.5    -90.0   721.2   753.1
  13:03:04.000     0.3   632.5    -90.0   721.2   753.1
  13:03:04.031     0.3   630.2    -90.0   721.2   750.8
  13:03:04.078     0.3   627.9    -90.0   721.2   748.5
  13:03:04.125     0.3   625.6    -90.0   721.2   746.1
  13:03:04.171     0.3   623.2    -90.0   731.2   743.8
  13:03:04.203     0.3   620.8    -90.0   721.2   741.4
  13:03:04.250     0.3   618.5    -90.0   721.2   739.1
  13:03:04.296     0.3   616.2    -90.0   721.2   736.8
  13:03:04.343     0.3   613.9    -90.0   721.2   734.5
  13:03:04.375     0.3   611.5    -90.0   721.2   732.1
  13:03:04.421     0.3   611.5    -90.0   731.2   732.1
  13:03:04.468     0.3   609.3    -90.0   731.2   729.8
  13:03:04.515     0.3   606.8    -90.0   721.2   727.3
  13:03:04.562     0.3   604.4    -90.0   721.2   725.0
  13:03:04.593     0.3   602.2    -90.0   731.2   722.7
  13:03:04.718     0.3   595.2    -90.0   731.2   715.8
  13:03:04.765     0.3   595.2    -90.0   731.2   715.8
  13:03:04.796     0.3   592.9    -90.0   731.2   713.4
  13:03:04.843     0.3   590.5    -90.0   731.2   711.1
  13:03:04.875     0.3   588.1    -90.0   731.2   708.7
  13:03:04.937     0.3   585.8    -90.0   731.2   706.4
  13:03:04.968     0.3   583.5    -90.0   731.2   704.0
  13:03:05.015     0.3   581.1    -90.0   731.2   701.6
  13:03:05.062     0.3   578.8    -90.0   731.2   699.4
  13:03:05.093     0.3   578.8    -90.0   731.2   699.4
  13:03:05.140     0.3   576.4    -90.0   731.2   697.0
  13:03:05.187     0.3   574.0    -90.0   731.2   694.6
  13:03:05.218     0.3   571.8    -90.0   731.2   692.4
  13:03:05.281     0.3   569.3    -90.0   741.2   689.9
  13:03:05.296     0.3   569.3    -90.0   741.2   689.9
  13:03:05.328     0.3   567.0    -90.0   731.2   687.6
  13:03:05.375     0.3   564.7    -90.0   741.2   685.3
  13:03:05.421     0.3   562.4    -90.0   741.2   683.0
  13:03:05.468     0.3   560.0    -90.0   741.3   680.6
  13:03:05.500     0.3   557.7    -90.0   741.3   678.2
  13:03:05.546     0.3   555.4    -90.0   741.3   676.0
  13:03:05.593     0.4   553.0    -90.0   741.3   673.6
  13:03:05.640     0.4   550.8    -90.0   741.3   671.3
  13:03:05.687     0.4   548.4    -90.0   741.3   669.0
  13:03:05.765     0.4   546.0    -90.0   741.3   666.6
  13:03:05.796     0.4   543.7    -90.0   741.3   664.2
  13:03:05.843     0.4   541.4    -90.0   741.3   662.0
  13:03:05.890     0.4   539.0    -90.0   741.3   659.5
  13:03:05.937     0.4   536.7    -90.0   751.3   657.2
  13:03:05.968     0.4   534.3    -90.0   751.3   654.8
  13:03:06.015     0.4   532.0    -90.0   751.3   652.6
  13:03:06.062     0.4   529.6    -90.0   751.3   650.2
  13:03:06.109     0.4   529.6    -90.0   751.3   650.2
  13:03:06.140     0.4   527.2    -90.0   751.3   647.8
  13:03:06.187     0.4   524.7    -90.0   751.3   645.3
  13:03:06.218     0.4   522.6    -90.0   751.3   643.2
  13:03:06.265     0.4   520.3    -90.0   751.3   640.9
  13:03:06.312     0.4   517.9    -90.0   751.3   638.5
  13:03:06.359     0.4   515.5    -90.0   751.3   636.1
  13:03:06.390     0.4   513.3    -90.0   751.3   633.8
  13:03:06.437     0.4   513.3    -90.0   751.3   633.8
  13:03:06.484     0.4   511.0    -90.0   751.3   631.6
  13:03:06.531     0.4   508.5    -90.0   751.3   629.1
  13:03:06.578     0.4   506.2    -90.0   761.3   626.8
  13:03:06.609     0.4   504.0    -90.0   761.3   624.6
  13:03:06.656     0.4   501.6    -90.0   761.3   622.2
  13:03:06.703     0.4   499.3    -90.0   761.3   619.9
  13:03:06.750     0.4   496.8    -90.0   761.3   617.4
  13:03:06.781     0.4   494.5    -90.0   761.3   615.1
  13:03:06.812     0.4   494.5    -90.0   761.3   615.1
  13:03:06.843     0.4   492.2    -90.0   761.3   612.8
  13:03:06.890     0.4   489.8    -90.0   761.3   610.4
  13:03:06.953     0.4   487.5    -90.0   761.3   608.1
  13:03:06.984     0.4   485.2    -90.0   761.3   605.8
  13:03:07.015     0.4   482.9    -90.0   761.3   603.5
  13:03:07.062     0.4   480.5    -90.0   761.3   601.1
  13:03:07.109     0.4   480.5    -90.0   771.3   601.1
  13:03:07.156     0.4   478.1    -90.0   771.3   598.7
  13:03:07.203     0.4   475.8    -90.0   771.3   596.4
  13:03:07.234     0.4   473.5    -90.0   761.3   594.1
  13:03:07.281     0.4   471.2    -90.0   761.3   591.8
  13:03:07.328     0.4   468.8    -90.0   771.3   589.4
  13:03:07.375     0.4   466.5    -90.0   781.3   587.1
  13:03:07.406     0.4   464.0    -90.0   781.3   584.6
  13:03:07.453     0.4   461.7    -90.0   791.3   582.3
  13:03:07.500     0.4   459.4    -90.0   831.3   580.1
  13:03:07.546     0.4   457.1    -90.0   831.3   577.8
  13:03:07.593     0.4   457.1    -90.0   921.3   577.9
  13:03:07.625     0.4   454.8    -90.0  1111.3   575.7
  13:03:07.671     0.4   452.5    -90.0  1111.3   573.3
  13:03:07.718     0.4   450.0    -90.0  1311.3   571.1
