Лабораторная работа 1. Анализ сенсорных данных об объекте

Маршрут: квадрат
Направление движения: против часовой стрелки
Скорость движения: 50.0 мм/с
Рабочий дальномер: левый (Rf_L)

Выходная информация: положение робота, координаты точек объекта

          Time   X_rob   Y_rob  Ang_rob   X_obj   Y_obj
  чч:мм:сс.ссс      мм      мм     град      мм      мм
  13:06:57.421   102.0    18.0     -0.6    -4.4  1360.1
  13:07:10.406   735.8    11.5     -0.6   629.2  1323.7
  13:07:10.453   738.2    11.5     -0.6   630.5  1223.6
  13:07:10.515   740.6    11.5     -0.6   632.9  1223.6
  13:07:10.531   742.8    11.4     -0.6   636.2  1323.6
  13:07:10.578   745.3    11.4     -0.6   637.3  1193.6
  13:07:10.625   747.5    11.4     -0.6   639.5  1193.5
  13:07:10.671   749.9    11.4     -0.6   640.1  1013.5
  13:07:10.703   749.9    11.4     -0.6   639.7   973.5
  13:07:10.734   752.2    11.3     -0.6   642.2   993.5
  13:07:10.781   754.6    11.3     -0.6   644.4   973.5
  13:07:10.828   756.8    11.3     -0.6   646.5   963.5
  13:07:10.875   759.2    11.3     -0.6   648.9   963.4
  13:07:10.906   761.5    11.2     -0.6   651.0   943.4
  13:07:10.937   763.9    11.2     -0.6   653.4   943.4
  13:07:10.984   763.9    11.2     -0.6   653.4   943.4
  13:07:11.031   766.2    11.2     -0.6   655.5   923.4
  13:07:11.078   768.5    11.2     -0.6   657.8   923.3
  13:07:11.109   770.9    11.1     -0.6   660.2   923.3
  13:07:11.156   773.2    11.1     -0.6   662.5   923.3
  13:07:11.203   775.6    11.1     -0.6   664.5   883.3
  13:07:11.250   778.0    11.1     -0.6   666.8   883.2
  13:07:11.296   780.2    11.0     -0.6   669.4   913.2
  13:07:11.328   783.0    11.0     -0.6   671.8   883.2
  13:07:11.375   784.9    11.0     -0.6   673.9   893.2
  13:07:11.421   784.9    11.0     -0.6   673.8   883.2
  13:07:11.453   787.3    11.0     -0.6   676.0   873.2
  13:07:11.500   789.6    11.0     -0.6   678.4   873.1
  13:07:11.531   791.9    10.9     -0.6   680.6   863.1
  13:07:11.562   791.9    10.9     -0.6   680.6   863.1
  13:07:11.609   795.1    10.9     -0.6   683.8   863.1
  13:07:11.640   797.5    10.9     -0.6   686.1   863.0
  13:07:11.687   799.8    10.8     -0.6   688.2   843.0
  13:07:11.734   799.8    10.8     -0.6   688.3   853.0
  13:07:11.781   802.7    10.8     -0.6   691.2   843.0
  13:07:11.812   805.2    10.8     -0.6   693.5   833.0
  13:07:11.859   807.6    10.8     -0.6   696.0   832.9
  13:07:11.921   809.8    10.7     -0.6   698.2   832.9
  13:07:11.953   812.3    10.7     -0.6   700.3   802.9
  13:07:12.000   814.5    10.7     -0.6   702.8   822.9
  13:07:12.046   817.0    10.7     -0.6   705.1   812.9
  13:07:12.078   819.2    10.6     -0.6   707.4   812.8
  13:07:12.125   822.0    10.6     -0.6   710.1   812.8
  13:07:12.171   822.0    10.6     -0.6   710.1   812.8
  13:07:12.218   823.9    10.6     -0.6   712.0   802.8
  13:07:12.250   826.2    10.6     -0.6   714.3   802.8
  13:07:12.296   828.6    10.6     -0.6   716.6   792.7
  13:07:12.343   831.0    10.5     -0.6   718.7   772.7
  13:07:12.390   833.2    10.5     -0.6   721.0   772.7
  13:07:12.421   835.6    10.5     -0.6   723.2   762.7
  13:07:12.468   837.9    10.5     -0.6   725.6   762.6
  13:07:12.531   840.3    10.4     -0.6   727.9   762.6
  13:07:12.562   842.7    10.4     -0.6   730.4   762.6
  13:07:12.593   842.7    10.4     -0.6   730.3   752.6
  13:07:12.640   845.0    10.4     -0.6   732.6   752.6
  13:07:12.687   847.4    10.4     -0.6   734.8   742.5
  13:07:12.734   849.7    10.3     -0.6   737.2   742.5
  13:07:12.765   852.0    10.3     -0.6   739.4   742.5
  13:07:12.812   854.4    10.3     -0.6   741.7   732.5
  13:07:12.859   856.7    10.3     -0.6   744.0   722.5
  13:07:12.906   859.0    10.2     -0.6   746.3   722.4
  13:07:12.953   861.4    10.2     -0.6   748.5   712.4
  13:07:12.984   863.7    10.2     -0.6   750.9   712.4
  13:07:13.031   866.0    10.2     -0.6   753.1   712.4
  13:07:13.078   866.0    10.2     -0.6   753.0   702.4
  13:07:13.125   868.5    10.1     -0.6   755.5   702.3
  13:07:13.156   870.7    10.1     -0.6   757.7   702.3
  13:07:13.203   873.0    10.1     -0.6   760.0   692.3
  13:07:13.250   875.3    10.1     -0.6   762.3   692.3
  13:07:13.296   877.7    10.1     -0.6   764.7   692.2
  13:07:13.328   880.0    10.0     -0.6   766.8   682.2
  13:07:13.375   882.3    10.0     -0.6   769.2   682.2
  13:07:13.421   884.8    10.0     -0.6   771.7   682.2
  13:07:13.468   884.8    10.0     -0.6   771.4   662.2
  13:07:13.500   887.1    10.0     -0.6   773.7   662.1
  13:07:13.546   889.4     9.9     -0.6   776.0   662.1
  13:07:13.593   891.8     9.9     -0.6   778.4   662.1
  13:07:13.640   894.1     9.9     -0.6   780.7   652.1
  13:07:13.671   896.5     9.9     -0.6   783.1   652.1
  13:07:13.718   898.7     9.8     -0.6   785.2   642.0
  13:07:13.765   901.1     9.8     -0.6   787.5   642.0
  13:07:13.812   903.5     9.8     -0.6   789.9   642.0
  13:07:13.843   905.8     9.8     -0.6   792.1   632.0
  13:07:13.890   905.8     9.8     -0.6   792.0   622.0
  13:07:13.937   908.1     9.7     -0.6   794.4   621.9
  13:07:13.984   910.6     9.7     -0.6   796.8   621.9
  13:07:14.062   915.2     9.7     -0.6   801.3   611.9
  13:07:14.093   917.5     9.6     -0.6   803.7   611.8
  13:07:14.140   920.1     9.6     -0.6   806.2   611.8
  13:07:14.187   922.3     9.6     -0.6   808.4   611.8
  13:07:14.234   922.3     9.6     -0.6   808.4   611.8
  13:07:14.265   924.4     9.6     -0.6   810.6   611.8
  13:07:14.312   926.9     9.6     -0.6   813.0   611.7
  13:07:14.359   929.1     9.5     -0.6   815.3   611.7
  13:07:14.390   931.6     9.5     -0.6   817.7   611.7
  13:07:14.437   933.9     9.5     -0.6   820.0   611.7
  13:07:14.484   936.3     9.5     -0.6   822.4   611.6
  13:07:14.531   938.6     9.4     -0.6   824.7   611.6
  13:07:14.578   940.9     9.4     -0.6   827.0   611.6
  13:07:14.609   940.9     9.4     -0.6   827.0   611.6
  13:07:14.656   943.3     9.4     -0.6   829.4   611.6
  13:07:14.703   945.6     9.4     -0.6   831.7   611.6
  13:07:14.750   947.9     9.3     -0.6   834.0   611.5
  13:07:14.781   950.3     9.3     -0.6   836.4   611.5
  13:07:14.828   952.6     9.3     -0.6   838.7   611.5
  13:07:14.875   954.9     9.3     -0.6   841.0   611.5
  13:07:14.921   957.2     9.2     -0.6   843.4   611.4
  13:07:14.968   959.6     9.2     -0.6   845.8   611.4
  13:07:15.000   962.0     9.2     -0.6   848.1   611.4
  13:07:15.046   964.3     9.2     -0.6   850.5   611.4
  13:07:15.093   964.3     9.2     -0.6   850.5   611.4
  13:07:15.140   966.6     9.1     -0.6   852.8   621.3
  13:07:15.187   969.0     9.1     -0.6   855.1   611.3
  13:07:15.218   971.4     9.1     -0.6   857.5   611.3
  13:07:15.265   973.6     9.1     -0.6   859.8   621.3
  13:07:15.312   976.0     9.1     -0.6   862.2   621.2
  13:07:15.343   978.2     9.0     -0.6   864.5   621.2
  13:07:15.390   980.8     9.0     -0.6   867.1   621.2
  13:07:15.437   982.9     9.0     -0.6   869.2   621.2
  13:07:15.484   985.3     9.0     -0.6   871.6   621.1
  13:07:15.515   985.3     9.0     -0.6   871.6   621.1
  13:07:15.562   987.7     8.9     -0.6   873.9   621.1
  13:07:15.609   990.1     8.9     -0.6   876.3   621.1
  13:07:15.656   992.4     8.9     -0.6   878.7   621.1
  13:07:15.687   994.8     8.9     -0.6   881.0   621.1
  13:07:15.734   997.1     8.8     -0.6   883.3   621.0
  13:07:15.781   999.3     8.8     -0.6   885.6   621.0
  13:07:15.812  1001.8     8.8     -0.6   888.1   631.0
  13:07:15.859  1004.0     8.8     -0.6   890.3   631.0
  13:07:15.906  1004.0     8.8     -0.6   890.3   631.0
  13:07:15.953  1006.4     8.7     -0.6   892.7   630.9
  13:07:16.000  1008.8     8.7     -0.6   895.1   630.9
  13:07:16.046  1011.0     8.7     -0.6   897.3   630.9
  13:07:16.078  1013.5     8.7     -0.6   899.8   630.9
  13:07:16.125  1015.8     8.6     -0.6   902.1   630.8
  13:07:16.171  1018.1     8.6     -0.6   904.5   630.8
  13:07:16.218  1020.4     8.6     -0.6   906.8   630.8
  13:07:16.265  1022.8     8.6     -0.6   909.1   630.8
  13:07:16.296  1025.2     8.6     -0.6   911.5   630.7
  13:07:16.343  1027.5     8.5     -0.6   913.9   630.7
  13:07:16.390  1029.7     8.5     -0.6   916.1   630.7
  13:07:16.421  1029.7     8.5     -0.6   916.1   630.7
  13:07:16.468  1032.1     8.5     -0.6   918.4   630.7
  13:07:16.515  1034.5     8.5     -0.6   920.8   630.6
  13:07:16.562  1036.9     8.4     -0.6   923.3   640.6
  13:07:16.593  1039.1     8.4     -0.6   925.6   640.6
  13:07:16.640  1041.4     8.4     -0.6   927.8   630.6
  13:07:16.687  1043.9     8.4     -0.6   930.3   640.6
  13:07:16.734  1046.2     8.3     -0.6   932.7   640.5
  13:07:16.781  1048.6     8.3     -0.6   935.0   640.5
  13:07:16.812  1048.6     8.3     -0.6   935.0   640.5
  13:07:16.859  1050.8     8.3     -0.6   937.3   640.5
  13:07:16.906  1053.2     8.3     -0.6   939.6   640.5
  13:07:16.953  1055.5     8.2     -0.6   942.0   640.4
  13:07:16.984  1057.8     8.2     -0.6   944.3   640.4
  13:07:17.031  1060.2     8.2     -0.6   946.7   640.4
  13:07:17.078  1062.5     8.2     -0.6   948.9   640.4
  13:07:17.109  1064.8     8.1     -0.6   951.2   640.3
  13:07:17.156  1064.8     8.1     -0.6   951.2   640.3
  13:07:17.203  1069.5     8.1     -0.6   956.0   640.3
  13:07:17.234  1069.5     8.1     -0.6   956.1   650.3
  13:07:17.281  1071.8     8.1     -0.6   958.4   650.3
  13:07:17.328  1074.3     8.1     -0.6   960.8   650.2
  13:07:17.375  1076.6     8.0     -0.6   963.1   650.2
  13:07:17.406  1079.2     8.0     -0.6   965.8   650.2
  13:07:17.453  1081.2     8.0     -0.6   967.8   650.2
  13:07:17.500  1083.7     8.0     -0.6   970.2   650.1
  13:07:17.531  1083.7     8.0     -0.6   970.1   640.1
  13:07:17.578  1086.0     7.9     -0.6   972.6   650.1
  13:07:17.625  1088.3     7.9     -0.6   974.8   650.1
  13:07:17.656  1090.6     7.9     -0.6   977.2   650.1
  13:07:17.703  1093.0     7.9     -0.6   979.5   650.0
  13:07:17.734  1095.3     7.8     -0.6   981.9   650.0
  13:07:17.781  1097.7     7.8     -0.6   984.3   650.0
  13:07:17.828  1099.9     7.8     -0.6   986.4   650.0
  13:07:17.875  1099.9     7.8     -0.6   986.4   650.0
  13:07:17.906  1102.2     7.8     -0.6   988.8   650.0
  13:07:17.953  1104.6     7.7     -0.6   991.1   649.9
  13:07:18.000  1107.0     7.7     -0.6   993.7   659.9
  13:07:18.031  1109.3     7.7     -0.6   996.0   659.9
  13:07:18.078  1111.7     7.7     -0.6   998.4   659.9
  13:07:18.109  1114.0     7.6     -0.6  1000.7   659.8
  13:07:18.156  1114.0     7.6     -0.6  1000.7   659.8
  13:07:18.203  1118.7     7.6     -0.6  1005.3   659.8
  13:07:18.250  1118.7     7.6     -0.6  1005.3   659.8
  13:07:18.296  1121.1     7.6     -0.6  1007.7   659.8
  13:07:18.328  1123.3     7.6     -0.6  1010.0   659.7
  13:07:18.375  1125.6     7.5     -0.6  1012.3   659.7
  13:07:18.421  1128.0     7.5     -0.6  1014.6   659.7
  13:07:18.468  1130.3     7.5     -0.6  1016.9   659.7
  13:07:18.500  1132.6     7.5     -0.6  1019.3   659.6
  13:07:18.546  1135.0     7.4     -0.6  1021.7   659.6
  13:07:18.593  1137.4     7.4     -0.6  1024.0   659.6
  13:07:18.625  1137.4     7.4     -0.6  1024.0   659.6
  13:07:18.671  1139.7     7.4     -0.6  1026.3   659.6
  13:07:18.718  1142.1     7.4     -0.6  1028.9   669.5
  13:07:18.765  1144.5     7.3     -0.6  1031.2   659.5
  13:07:18.812  1146.8     7.3     -0.6  1033.5   659.5
  13:07:18.859  1149.1     7.3     -0.6  1035.9   669.5
  13:07:18.890  1151.4     7.3     -0.6  1038.2   669.5
  13:07:18.937  1153.7     7.2     -0.6  1040.4   669.4
  13:07:18.984  1156.0     7.2     -0.6  1042.7   669.4
  13:07:19.015  1158.5     7.2     -0.6  1045.2   669.4
  13:07:19.062  1158.5     7.2     -0.6  1045.2   669.4
  13:07:19.109  1160.7     7.2     -0.6  1047.5   679.4
  13:07:19.156  1163.2     7.1     -0.6  1050.0   679.3
  13:07:19.203  1165.4     7.1     -0.6  1052.2   679.3
  13:07:19.234  1167.8     7.1     -0.6  1054.6   679.3
  13:07:19.281  1170.2     7.1     -0.6  1057.0   679.3
  13:07:19.328  1172.4     7.1     -0.6  1059.3   679.2
  13:07:19.375  1174.8     7.0     -0.6  1061.6   679.2
  13:07:19.406  1177.1     7.0     -0.6  1064.0   679.2
  13:07:19.453  1179.5     7.0     -0.6  1066.3   679.2
  13:07:19.500  1179.5     7.0     -0.6  1066.3   679.2
  13:07:19.546  1181.8     7.0     -0.6  1068.7   679.1
  13:07:19.578  1184.1     6.9     -0.6  1071.0   679.1
  13:07:19.625  1186.5     6.9     -0.6  1073.3   679.1
  13:07:19.671  1188.9     6.9     -0.6  1075.7   679.1
  13:07:19.718  1191.2     6.9     -0.6  1078.0   679.0
  13:07:19.750  1193.5     6.8     -0.6  1080.3   679.0
  13:07:19.796  1195.9     6.8     -0.6  1082.8   689.0
  13:07:19.843  1198.2     6.8     -0.6  1085.0   679.0
  13:07:19.890  1200.6     6.8     -0.6  1087.6   689.0
  13:07:19.921  1200.6     6.8     -0.6  1087.6   689.0
  13:07:19.968  1202.9     6.7     -0.6  1089.8   688.9
  13:07:20.015  1205.3     6.7     -0.6  1092.2   688.9
  13:07:20.062  1207.5     6.7     -0.6  1094.5   688.9
  13:07:20.109  1209.8     6.7     -0.6  1096.8   688.9
  13:07:20.140  1212.2     6.6     -0.6  1099.2   688.8
  13:07:20.187  1214.6     6.6     -0.6  1101.5   688.8
  13:07:20.234  1216.8     6.6     -0.6  1103.8   688.8
  13:07:20.281  1219.3     6.6     -0.6  1106.2   688.8
  13:07:20.312  1221.6     6.6     -0.6  1108.7   698.7
  13:07:20.359  1221.6     6.6     -0.6  1108.7   698.7
  13:07:20.406  1223.9     6.5     -0.6  1111.2   718.7
  13:07:20.468  1226.3     6.5     -0.6  1113.7   738.7
  13:07:20.484  1229.1     6.5     -0.6  1116.5   738.7
  13:07:20.531  1231.6     6.4     -0.6  1119.7   798.6
  13:07:20.578  1234.0     6.4     -0.6  1122.7   858.6
  13:07:20.625  1236.4     6.4     -0.6  1125.1   858.6
  13:07:20.656  1236.4     6.4     -0.6  1125.8   928.6
  13:07:20.703  1239.0     6.4     -0.6  1128.1   898.5
  13:07:20.750  1241.1     6.4     -0.6  1130.1   898.5
  13:07:20.796  1243.4     6.3     -0.6  1132.7   928.5
  13:07:20.812  1245.8     6.3     -0.6  1135.2   928.5
  13:07:20.859  1248.3     6.3     -0.6  1137.7   928.5
  13:07:20.906  1250.4     6.3     -0.6  1139.8   928.4
  13:07:20.953  1250.4     6.3     -0.6  1139.8   928.4
  13:07:21.000  1252.8     6.2     -0.6  1142.2   928.4
  13:07:21.046  1255.0     6.2     -0.6  1144.4   928.4
  13:07:21.078  1257.8     6.2     -0.6  1147.2   928.4
  13:07:21.125  1259.8     6.2     -0.6  1149.2   928.3
  13:07:21.171  1262.1     6.1     -0.6  1151.6   938.3
  13:07:21.218  1264.5     6.1     -0.6  1153.9   928.3
  13:07:21.265  1266.9     6.1     -0.6  1156.3   928.3
  13:07:21.281  1266.9     6.1     -0.6  1156.3   928.3
  13:07:21.328  1269.1     6.1     -0.6  1158.7   948.2
  13:07:21.359  1271.6     6.0     -0.6  1161.0   938.2
  13:07:21.406  1273.8     6.0     -0.6  1163.3   938.2
  13:07:21.453  1276.2     6.0     -0.6  1165.8   948.2
  13:07:21.484  1278.5     6.0     -0.6  1168.1   948.1
  13:07:21.531  1280.9     5.9     -0.6  1170.5   948.1
  13:07:21.578  1283.2     5.9     -0.6  1172.8   948.1
  13:07:21.625  1283.2     5.9     -0.6  1172.6   928.1
  13:07:21.671  1285.5     5.9     -0.6  1175.1   948.1
  13:07:21.703  1287.9     5.9     -0.6  1177.5   948.0
  13:07:21.750  1290.2     5.9     -0.6  1179.8   948.0
  13:07:21.796  1292.5     5.8     -0.6  1182.1   948.0
  13:07:21.843  1294.8     5.8     -0.6  1184.4   948.0
  13:07:21.875  1297.2     5.8     -0.6  1186.8   948.0
  13:07:21.921  1299.5     5.8     -0.6  1189.1   947.9
  13:07:21.953  1299.5     5.8     -0.6  1189.1   947.9
  13:07:22.000  1301.9     5.7     -0.6  1191.5   947.9
  13:07:22.046  1304.3     5.7     -0.6  1193.8   947.9
  13:07:22.093  1306.6     5.7     -0.6  1196.2   947.9
  13:07:22.125  1308.8     5.7     -0.6  1198.4   947.8
  13:07:22.171  1311.2     5.6     -0.6  1200.8   947.8
  13:07:22.218  1313.6     5.6     -0.6  1203.3   957.8
  13:07:22.250  1315.9     5.6     -0.6  1205.5   947.8
  13:07:22.296  1318.3     5.6     -0.6  1208.0   957.7
  13:07:22.343  1318.3     5.6     -0.6  1208.0   957.7
  13:07:22.390  1322.9     5.5     -0.6  1212.6   957.7
  13:07:22.437  1325.3     5.5     -0.6  1215.0   957.7
  13:07:22.484  1325.3     5.5     -0.6  1215.0   957.7
  13:07:22.531  1327.7     5.5     -0.6  1217.4   957.6
  13:07:22.562  1330.0     5.4     -0.6  1219.8   967.6
  13:07:22.609  1332.4     5.4     -0.6  1222.1   957.6
  13:07:22.656  1334.6     5.4     -0.6  1224.3   957.6
  13:07:22.703  1337.0     5.4     -0.6  1226.7   957.5
  13:07:22.734  1339.3     5.4     -0.6  1229.0   957.5
  13:07:22.781  1341.7     5.3     -0.6  1231.4   957.5
  13:07:22.812  1341.7     5.3     -0.6  1231.5   967.5
  13:07:22.859  1344.1     5.3     -0.6  1233.8   957.5
  13:07:22.906  1346.3     5.3     -0.6  1236.0   957.5
  13:07:22.937  1348.7     5.3     -0.6  1238.5   967.4
  13:07:22.984  1351.1     5.2     -0.6  1240.9   977.4
  13:07:23.031  1353.4     5.2     -0.6  1243.3   977.4
  13:07:23.078  1355.7     5.2     -0.6  1245.6   977.4
  13:07:23.125  1358.0     5.2     -0.6  1247.9   977.3
  13:07:23.156  1360.3     5.1     -0.6  1250.2   977.3
  13:07:23.203  1362.7     5.1     -0.6  1252.6   977.3
  13:07:23.250  1362.7     5.1     -0.6  1252.5   967.3
  13:07:23.296  1365.2     5.1     -0.6  1255.0   967.3
  13:07:23.328  1367.3     5.1     -0.6  1257.3   987.2
  13:07:23.375  1369.7     5.0     -0.6  1259.7   987.2
  13:07:23.421  1372.1     5.0     -0.6  1262.1   987.2
  13:07:23.468  1374.5     5.0     -0.6  1264.5   987.2
  13:07:23.500  1376.7     5.0     -0.6  1266.6   977.1
  13:07:23.546  1379.1     4.9     -0.6  1269.0   977.1
  13:07:23.593  1381.4     4.9     -0.6  1271.4   987.1
  13:07:23.640  1381.4     4.9     -0.6  1271.4   987.1
  13:07:23.671  1383.7     4.9     -0.6  1273.7   987.1
  13:07:23.718  1386.1     4.9     -0.6  1276.1   987.0
  13:07:23.765  1388.5     4.9     -0.6  1278.5   987.0
  13:07:23.812  1390.7     4.8     -0.6  1280.7   987.0
  13:07:23.859  1393.1     4.8     -0.6  1285.3  1197.0
  13:07:23.890  1395.5     4.8     -0.6  1287.2  1156.9
  13:07:23.921  1395.5     4.8     -0.6  1286.4  1076.9
  13:07:23.953  1397.9     4.8     -0.6  1289.6  1156.9
  13:07:54.734  1838.5   737.8     90.0   517.5   617.3
  13:07:54.781  1838.5   740.1     90.0   517.5   619.6
  13:07:54.812  1838.5   742.5     90.0   827.5   622.1
  13:07:54.843  1838.5   744.9     90.0   827.5   624.5
  13:07:54.890  1838.5   747.2     90.0   827.5   626.9
  13:07:54.937  1838.5   747.2     90.0   917.5   626.9
  13:07:54.984  1838.5   749.5     90.0   917.5   629.2
  13:07:55.015  1838.5   751.8     90.0   917.5   631.5
  13:07:55.062  1838.5   754.1     90.0   927.5   633.8
  13:07:55.109  1838.5   756.5     90.0   937.5   636.2
  13:07:55.140  1838.5   758.9     90.0   937.5   638.6
  13:07:55.187  1838.5   761.2     90.0   927.5   640.9
  13:07:55.218  1838.5   763.6     90.0   927.5   643.3
  13:07:55.265  1838.5   765.9     90.0   927.5   645.6
  13:07:55.312  1838.5   765.9     90.0   977.5   645.6
  13:07:55.375  1838.5   770.5     90.0   987.5   650.2
  13:07:55.406  1838.5   770.5     90.0   987.5   650.2
  13:07:55.437  1838.5   772.9     90.0   987.5   652.6
  13:07:55.484  1838.5   775.2     90.0   987.5   654.9
  13:07:55.531  1838.4   777.6     90.0   987.5   657.3
  13:07:55.578  1838.4   780.0     90.0   987.5   659.6
  13:07:55.609  1838.4   782.2     90.0  1007.5   661.9
  13:07:55.656  1838.4   784.6     90.0  1007.5   664.3
  13:07:55.703  1838.4   784.6     90.0  1017.5   664.3
  13:07:55.734  1838.4   786.9     90.0  1017.5   666.6
  13:07:55.781  1838.4   789.3     90.0  1017.5   669.1
  13:07:55.828  1838.4   792.3     90.0  1037.5   672.0
  13:07:55.859  1838.4   794.6     90.0  1047.5   674.4
  13:07:55.906  1838.4   794.6     90.0  1047.5   674.4
  13:07:55.953  1838.4   797.0     90.0  1047.5   676.7
  13:07:56.000  1838.4   799.3     90.0  1057.5   679.1
  13:07:56.031  1838.4   802.6     90.0  1057.5   682.3
  13:07:56.078  1838.4   804.9     90.0  1067.5   684.6
  13:07:56.109  1838.4   804.9     90.0  1067.5   684.6
  13:07:56.156  1838.4   807.2     90.0  1067.5   686.9
  13:07:56.203  1838.4   809.6     90.0  1077.5   689.3
  13:07:56.234  1838.4   812.0     90.0  1077.5   691.7
  13:07:56.281  1838.4   814.2     90.0  1077.5   694.0
  13:07:56.328  1838.4   816.6     90.0  1077.5   696.3
  13:07:56.359  1838.4   818.9     90.0  1087.5   698.6
  13:07:56.406  1838.4   821.2     90.0  1087.5   700.9
  13:07:56.453  1838.4   823.6     90.0  1107.5   703.4
  13:07:56.500  1838.4   823.6     90.0  1107.5   703.4
  13:07:56.531  1838.4   826.0     90.0  1107.5   705.7
  13:07:56.593  1838.4   828.3     90.0  1107.5   708.0
  13:07:56.625  1838.4   831.0     90.0  1117.5   710.8
  13:07:56.656  1838.4   833.0     90.0  1117.5   712.7
  13:07:56.703  1838.4   835.3     90.0  1127.5   715.0
  13:07:56.750  1838.4   837.7     90.0  1127.5   717.4
  13:07:56.781  1838.4   837.7     90.0  1127.5   717.4
  13:07:56.828  1838.4   840.0     90.0  1137.5   719.7
  13:07:56.875  1838.4   842.3     90.0  1137.5   722.0
  13:07:56.906  1838.4   844.6     90.0  1137.5   724.4
  13:07:56.953  1838.4   847.0     90.0  1137.5   726.7
  13:07:57.000  1838.4   849.3     90.0  1137.5   729.1
  13:07:57.031  1838.4   849.3     90.0  1137.5   729.1
  13:07:57.062  1838.4   851.6     90.0  1137.5   731.3
  13:07:57.109  1838.4   854.0     90.0  1137.5   733.8
  13:07:57.140  1838.4   856.4     90.0  1137.5   736.1
  13:07:57.187  1838.4   858.7     90.0  1137.5   738.4
  13:07:57.234  1838.4   861.0     90.0  1137.5   740.7
  13:07:57.281  1838.4   863.4     90.0  1137.5   743.1
  13:07:57.328  1838.4   865.7     90.0  1137.5   745.4
  13:07:57.359  1838.4   868.0     90.0  1137.5   747.8
  13:07:57.406  1838.4   870.4     90.0  1137.5   750.2
  13:07:57.453  1838.4   870.4     90.0  1137.5   750.2
  13:07:57.500  1838.4   872.6     90.0  1137.5   752.4
  13:07:57.546  1838.4   875.0     90.0  1137.5   754.7
  13:07:57.578  1838.4   877.3     90.0  1137.5   757.1
  13:07:57.625  1838.4   879.7     90.0  1137.5   759.5
  13:07:57.671  1838.4   882.1     90.0  1137.5   761.9
  13:07:57.718  1838.4   884.3     90.0  1137.5   764.1
  13:07:57.750  1838.4   886.7     90.0  1137.5   766.5
  13:07:57.796  1838.4   889.2     90.0  1137.5   768.9
  13:07:57.843  1838.4   891.9     90.0  1137.5   771.6
  13:07:57.875  1838.4   891.9     90.0  1137.5   771.6
  13:07:57.921  1838.4   893.8     90.0  1137.5   773.5
  13:07:57.968  1838.4   896.1     90.0  1127.4   775.9
  13:07:58.031  1838.4   898.5     90.0  1127.4   778.2
  13:07:58.062  1838.4   901.4     90.0  1127.4   781.1
  13:07:58.093  1838.4   903.8     90.0  1137.4   783.6
  13:07:58.140  1838.4   906.2     90.0  1137.4   786.0
  13:07:58.187  1838.4   906.2     90.0  1127.4   786.0
  13:07:58.234  1838.4   908.6     90.0  1127.4   788.3
  13:07:58.281  1838.4   911.1     90.0  1127.4   790.8
  13:07:58.312  1838.4   913.2     90.0  1127.4   793.0
  13:07:58.359  1838.4   915.7     90.0  1127.4   795.4
  13:07:58.406  1838.4   918.0     90.0  1127.4   797.8
  13:07:58.453  1838.4   920.5     90.0  1127.4   800.2
  13:07:58.484  1838.4   922.7     90.0  1127.4   802.4
  13:07:58.515  1838.4   922.7     90.0  1127.4   802.4
  13:07:58.562  1838.4   925.0     90.0  1127.4   804.7
  13:07:58.609  1838.4   927.3     90.0  1117.4   807.0
  13:07:58.656  1838.4   929.6     90.0  1117.4   809.3
  13:07:58.687  1838.4   932.7     90.0  1117.4   812.5
  13:07:58.734  1838.4   935.0     90.0  1117.4   814.8
  13:07:58.781  1838.4   935.0     90.0  1117.4   814.8
  13:07:58.828  1838.4   937.4     90.0  1117.4   817.2
  13:07:58.859  1838.4   940.4     90.0  1117.4   820.1
  13:07:58.906  1838.4   943.0     90.0  1117.4   822.7
  13:07:58.953  1838.4   945.2     90.0  1117.4   825.0
  13:07:59.000  1838.4   947.5     90.0  1117.4   827.3
  13:07:59.046  1838.4   949.8     90.0  1117.4   829.6
  13:07:59.078  1838.4   949.8     90.0  1117.4   829.6
  13:07:59.125  1838.4   952.2     90.0  1107.4   831.9
  13:07:59.171  1838.4   954.7     90.0  1117.4   834.4
  13:07:59.203  1838.4   957.0     90.0  1107.4   836.7
  13:07:59.265  1838.4   959.3     90.0  1117.4   839.1
  13:07:59.296  1838.4   961.7     90.0  1117.4   841.4
  13:07:59.343  1838.4   964.0     90.0  1117.4   843.7
  13:07:59.390  1838.4   966.3     90.0  1117.4   846.1
  13:07:59.437  1838.4   968.6     90.0  1117.4   848.3
  13:07:59.468  1838.4   968.6     90.0  1117.4   848.3
  13:07:59.500  1838.4   970.9     90.0  1107.4   850.6
  13:07:59.546  1838.4   973.2     90.0  1107.4   853.0
  13:07:59.578  1838.4   975.7     90.0  1107.4   855.4
  13:07:59.625  1838.4   977.9     90.0  1107.4   857.7
  13:07:59.671  1838.4   980.2     90.0  1107.4   860.0
  13:07:59.703  1838.4   980.2     90.0  1107.4   860.0
  13:07:59.750  1838.4   982.6     90.0  1107.4   862.3
  13:07:59.796  1838.4   985.0     90.0  1107.4   864.7
  13:07:59.859  1838.4   987.4     90.0  1107.4   867.1
  13:07:59.875  1838.4   990.7     90.0  1107.4   870.5
  13:07:59.921  1838.4   992.7     90.0  1107.4   872.4
  13:07:59.953  1838.4   992.7     90.0  1097.4   872.4
  13:08:00.000  1838.4   995.1     90.0  1097.4   874.9
  13:08:00.046  1838.4   997.4     90.0  1097.4   877.1
  13:08:00.078  1838.4  1000.5     90.0  1097.4   880.2
  13:08:00.125  1838.4  1003.0     90.0  1097.4   882.7
  13:08:00.171  1838.4  1003.0     90.0  1097.4   882.7
  13:08:00.218  1838.4  1005.2     90.0  1097.4   884.9
  13:08:00.250  1838.4  1007.6     90.0  1097.4   887.3
  13:08:00.296  1838.4  1009.9     90.0  1097.4   889.6
  13:08:00.343  1838.4  1012.3     90.0  1097.4   892.0
  13:08:00.359  1838.4  1014.6     90.0  1097.4   894.4
  13:08:00.406  1838.4  1014.6     90.0  1097.4   894.4
  13:08:00.453  1838.4  1016.9     90.0  1097.4   896.6
  13:08:00.484  1838.4  1019.3     90.0  1097.4   899.0
  13:08:00.531  1838.4  1021.7     90.0  1097.4   901.4
  13:08:00.578  1838.4  1024.0     90.0  1097.4   903.7
  13:08:00.609  1838.4  1026.4     90.0  1087.4   906.1
  13:08:00.656  1838.4  1028.9     90.0  1087.4   908.6
  13:08:00.703  1838.4  1031.0     90.0  1087.4   910.8
  13:08:00.750  1838.4  1031.0     90.0  1087.4   910.8
  13:08:00.781  1838.4  1033.4     90.0  1087.4   913.1
  13:08:00.828  1838.4  1035.7     90.0  1087.4   915.5
  13:08:00.875  1838.4  1038.0     90.0  1087.4   917.7
  13:08:00.921  1838.4  1040.4     90.0  1087.4   920.1
  13:08:00.953  1838.4  1042.7     90.0  1087.4   922.4
  13:08:01.000  1838.4  1045.0     90.0  1087.4   924.7
  13:08:01.031  1838.4  1047.3     90.0  1087.4   927.1
  13:08:01.078  1838.4  1047.3     90.0  1077.4   927.1
  13:08:01.109  1838.4  1049.6     90.0  1077.4   929.4
  13:08:01.156  1838.3  1052.1     90.0  1077.4   931.8
  13:08:01.203  1838.3  1054.4     90.0  1077.4   934.2
  13:08:01.250  1838.3  1056.7     90.0  1087.4   936.4
  13:08:01.296  1838.3  1059.1     90.0  1087.4   938.9
  13:08:01.328  1838.3  1061.4     90.0  1077.4   941.1
  13:08:01.375  1838.3  1063.7     90.0  1077.4   943.4
  13:08:01.421  1838.3  1066.1     90.0  1077.4   945.8
  13:08:01.468  1838.3  1068.5     90.0  1077.4   948.3
  13:08:01.515  1838.3  1068.5     90.0  1077.4   948.3
  13:08:01.546  1838.3  1070.7     90.0  1077.4   950.4
  13:08:01.593  1838.3  1073.0     90.0  1077.4   952.8
  13:08:01.640  1838.3  1075.4     90.0  1067.4   955.1
  13:08:01.671  1838.3  1077.7     90.0  1077.4   957.4
  13:08:01.718  1838.3  1080.1     90.0  1067.4   959.8
  13:08:01.765  1838.3  1082.5     90.0  1077.4   962.2
  13:08:01.812  1838.3  1084.7     90.0  1077.4   964.5
  13:08:01.843  1838.3  1087.1     90.0  1067.4   966.8
  13:08:01.890  1838.3  1087.1     90.0  1077.4   966.8
  13:08:01.937  1838.3  1089.5     90.0  1077.4   969.2
  13:08:01.984  1838.3  1091.9     90.0  1077.4   971.6
  13:08:02.015  1838.3  1094.2     90.0  1087.4   973.9
  13:08:02.062  1838.3  1096.5     90.0  1097.4   976.3
  13:08:02.109  1838.3  1098.9     90.0  1097.4   978.6
  13:08:02.156  1838.3  1101.2     90.0  1117.4   980.9
  13:08:02.187  1838.3  1103.6     90.0  1117.4   983.3
  13:08:02.218  1838.3  1103.6     90.0  1117.4   983.3
  13:08:02.265  1838.3  1105.9     90.0  1127.4   985.6
  13:08:02.312  1838.3  1108.1     90.0  1127.4   987.9
  13:08:02.343  1838.3  1110.6     90.0  1127.4   990.4
  13:08:02.390  1838.3  1112.8     90.0  1157.4   992.6
  13:08:02.437  1838.3  1115.2     90.0  1157.4   995.0
  13:08:02.468  1838.3  1117.5     90.0  1157.4   997.2
  13:08:02.515  1838.3  1120.3     90.0  1157.4  1000.0
  13:08:02.531  1838.3  1120.3     90.0  1157.4  1000.0
  13:08:02.578  1838.3  1122.2     90.0  1157.4  1001.9
  13:08:02.609  1838.3  1122.2     90.0  1167.4  1001.9
  13:08:02.656  1838.3  1124.5     90.0  1167.4  1004.3
  13:08:02.703  1838.3  1126.8     90.0  1167.4  1006.6
  13:08:02.750  1838.3  1129.4     90.0  1187.4  1009.2
  13:08:02.781  1838.3  1131.5     90.0  1197.4  1011.3
  13:08:02.828  1838.3  1133.9     90.0  1197.4  1013.6
  13:08:02.875  1838.3  1136.3     90.0  1197.4  1016.1
  13:08:02.921  1838.3  1139.0     90.0  1207.4  1018.8
  13:08:02.953  1838.3  1141.0     90.0  1207.4  1020.7
  13:08:03.000  1838.3  1143.3     90.0  1207.4  1023.1
  13:08:03.046  1838.3  1145.5     90.0  1217.4  1025.3
  13:08:03.093  1838.3  1145.5     90.0  1217.4  1025.3
  13:08:03.140  1838.3  1147.9     90.0  1227.4  1027.7
  13:08:03.171  1838.3  1150.2     90.0  1237.4  1030.0
  13:08:03.218  1838.3  1152.6     90.0  1237.4  1032.4
  13:08:03.265  1838.3  1155.0     90.0  1237.4  1034.7
  13:08:03.312  1838.3  1157.3     90.0  1247.4  1037.1
  13:08:03.343  1838.3  1159.7     90.0  1247.4  1039.5
  13:08:03.390  1838.3  1162.0     90.0  1257.4  1041.8
  13:08:03.437  1838.3  1164.3     90.0  1267.4  1044.1
  13:08:03.484  1838.3  1166.7     90.0  1267.4  1046.5
  13:08:03.515  1838.3  1166.7     90.0  1277.4  1046.5
  13:08:03.562  1838.3  1169.0     90.0  1277.4  1048.8
  13:08:03.609  1838.3  1171.4     90.0  1277.3  1051.2
  13:08:03.656  1838.3  1173.6     90.0  1287.3  1053.4
  13:08:03.687  1838.3  1176.0     90.0  1287.3  1055.8
  13:08:03.734  1838.3  1178.3     90.0  1287.3  1058.1
  13:08:03.781  1838.3  1180.7     90.0  1287.3  1060.5
  13:08:03.828  1838.3  1183.1     90.0  1287.3  1062.9
  13:08:03.859  1838.3  1185.3     90.0  1287.3  1065.1
  13:08:03.906  1838.3  1187.7     90.0  1287.3  1067.5
  13:08:03.953  1838.3  1187.7     90.0  1287.3  1067.5
  13:08:04.000  1838.3  1190.0     90.0  1287.3  1069.8
  13:08:04.046  1838.3  1192.5     90.0  1287.3  1072.3
  13:08:04.078  1838.3  1194.6     90.0  1287.3  1074.4
  13:08:04.125  1838.3  1197.0     90.0  1277.3  1076.8
  13:08:04.171  1838.3  1199.4     90.0  1277.3  1079.2
  13:08:04.218  1838.3  1201.8     90.0  1287.3  1081.6
  13:08:04.250  1838.3  1204.2     90.0  1277.3  1084.0
  13:08:04.296  1838.3  1206.4     90.0  1277.3  1086.2
  13:08:04.343  1838.3  1208.8     90.0  1277.3  1088.6
  13:08:04.390  1838.3  1211.1     90.0  1277.3  1090.9
  13:08:04.421  1838.3  1211.1     90.0  1277.3  1090.9
  13:08:04.468  1838.3  1213.5     90.0  1277.3  1093.3
  13:08:04.515  1838.3  1215.7     90.0  1277.3  1095.5
  13:08:04.562  1838.3  1218.2     90.0  1277.3  1098.0
  13:08:04.609  1838.3  1220.5     90.0  1277.3  1100.2
  13:08:04.640  1838.3  1222.8     90.0  1277.3  1102.6
  13:08:04.687  1838.3  1225.2     90.0  1277.3  1105.0
  13:08:04.734  1838.3  1227.6     90.0  1277.3  1107.4
  13:08:04.781  1838.3  1229.9     90.0  1267.3  1109.7
  13:08:04.812  1838.3  1229.9     90.0  1277.3  1109.7
  13:08:04.859  1838.3  1232.2     90.0  1277.3  1112.0
  13:08:04.906  1838.3  1234.6     90.0  1267.3  1114.4
  13:08:04.937  1838.3  1236.9     90.0  1267.3  1116.6
  13:08:04.984  1838.3  1239.2     90.0  1267.3  1119.0
  13:08:05.031  1838.3  1241.5     90.0  1267.3  1121.3
  13:08:05.078  1838.3  1243.9     90.0  1267.3  1123.7
  13:08:05.125  1838.3  1246.2     90.0  1267.3  1126.0
  13:08:05.156  1838.3  1248.5     90.0  1267.3  1128.3
  13:08:05.203  1838.3  1250.9     90.0  1267.3  1130.6
  13:08:05.234  1838.3  1250.9     90.0  1267.3  1130.6
  13:08:05.281  1838.3  1253.2     90.0  1267.3  1133.0
  13:08:05.328  1838.3  1255.6     90.0  1257.3  1135.4
  13:08:05.375  1838.3  1257.9     90.0  1257.3  1137.7
  13:08:05.406  1838.3  1260.2     90.0  1257.3  1140.0
  13:08:05.453  1838.3  1262.6     90.0  1257.3  1142.4
  13:08:05.500  1838.3  1264.9     90.0  1257.3  1144.7
  13:08:05.546  1838.3  1267.3     90.0  1257.3  1147.1
  13:08:05.578  1838.3  1269.5     90.0  1257.3  1149.3
  13:08:05.625  1838.3  1269.5     90.0  1257.3  1149.3
  13:08:05.671  1838.3  1271.9     90.0  1257.3  1151.7
  13:08:05.718  1838.3  1274.2     90.0  1257.3  1154.0
  13:08:05.765  1838.3  1276.6     90.0  1257.3  1156.4
  13:08:05.796  1838.3  1278.9     90.0  1257.3  1158.7
  13:08:05.843  1838.3  1281.3     90.0  1257.3  1161.1
  13:08:05.890  1838.3  1283.6     90.0  1257.3  1163.4
  13:08:05.937  1838.3  1286.0     90.0  1247.3  1165.8
  13:08:05.968  1838.3  1286.0     90.0  1247.3  1165.8
  13:08:06.015  1838.3  1288.8     90.0  1247.3  1168.6
  13:08:06.062  1838.3  1291.4     90.0  1247.3  1171.2
  13:08:06.109  1838.3  1293.8     90.0  1247.3  1173.6
  13:08:06.140  1838.3  1296.1     90.0  1247.3  1175.9
  13:08:06.187  1838.3  1298.4     90.0  1247.3  1178.2
  13:08:06.218  1838.3  1298.4     90.0  1247.3  1178.2
  13:08:06.250  1838.3  1300.7     90.0  1247.3  1180.5
  13:08:06.296  1838.3  1303.1     90.0  1247.3  1182.9
  13:08:06.343  1838.3  1305.5     90.0  1237.3  1185.2
  13:08:06.390  1838.3  1307.8     90.0  1237.3  1187.5
  13:08:06.421  1838.3  1310.2     90.0  1237.3  1190.0
  13:08:06.468  1838.3  1312.5     90.0  1247.3  1192.3
  13:08:06.515  1838.3  1314.9     90.0  1247.3  1194.6
  13:08:06.562  1838.3  1317.1     90.0  1237.3  1196.8
  13:08:06.593  1838.3  1317.1     90.0  1237.3  1196.8
  13:08:06.640  1838.3  1319.5     90.0  1237.3  1199.3
  13:08:06.687  1838.3  1321.8     90.0  1237.3  1201.6
  13:08:06.734  1838.3  1324.3     90.0  1237.3  1204.1
  13:08:06.765  1838.3  1326.5     90.0  1237.3  1206.3
  13:08:06.812  1838.2  1328.9     90.0  1237.3  1208.7
  13:08:06.859  1838.2  1331.2     90.0  1237.3  1211.0
  13:08:06.906  1838.2  1333.6     90.0  1237.3  1213.3
  13:08:06.937  1838.2  1335.9     90.0  1237.3  1215.7
  13:08:06.984  1838.2  1335.9     90.0  1237.3  1215.7
  13:08:07.031  1838.2  1338.3     90.0  1237.3  1218.1
  13:08:07.062  1838.2  1340.5     90.0  1227.3  1220.3
  13:08:07.109  1838.2  1342.9     90.0  1227.3  1222.7
  13:08:07.156  1838.2  1345.1     90.0  1227.3  1224.9
  13:08:07.203  1838.2  1348.2     90.0  1227.3  1227.9
  13:08:07.250  1838.2  1350.7     90.0  1227.3  1230.5
  13:08:07.281  1838.2  1350.7     90.0  1227.3  1230.5
  13:08:07.328  1838.2  1353.0     90.0  1227.3  1232.8
  13:08:07.375  1838.2  1355.3     90.0  1227.3  1235.1
  13:08:07.421  1838.2  1358.5     90.0  1227.3  1238.2
  13:08:07.453  1838.2  1361.1     90.0  1227.3  1240.9
  13:08:07.500  1838.2  1363.1     90.0  1227.3  1242.9
  13:08:07.546  1838.2  1363.1     90.0  1227.3  1242.9
  13:08:07.578  1838.2  1365.5     90.0  1227.3  1245.3
  13:08:07.625  1838.2  1367.9     90.0  1217.3  1247.6
  13:08:07.671  1838.2  1370.1     90.0  1217.3  1249.9
  13:08:07.718  1838.2  1372.4     90.0  1217.3  1252.2
  13:08:07.750  1838.2  1374.9     90.0  1217.3  1254.7
  13:08:07.796  1838.2  1377.3     90.0  1217.3  1257.1
  13:08:07.843  1838.2  1379.6     90.0  1217.3  1259.3
  13:08:07.890  1838.2  1381.9     90.0  1217.3  1261.7
  13:08:07.937  1838.2  1384.3     90.0  1217.3  1264.1
  13:08:07.984  1838.2  1386.5     90.0  1217.3  1266.3
  13:08:08.015  1838.2  1386.5     90.0  1217.3  1266.3
  13:08:08.062  1838.2  1388.9     90.0  1217.3  1268.7
  13:08:08.093  1838.2  1391.2     90.0  1207.3  1271.0
  13:08:08.140  1838.2  1393.6     90.0  1217.3  1273.3
  13:08:08.187  1838.2  1396.1     90.0  1217.3  1275.8
  13:08:08.234  1838.2  1398.2     90.0  1207.3  1277.9
  13:08:08.281  1838.2  1400.5     90.0  1207.3  1280.3
  13:08:08.312  1838.2  1402.8     90.0  1207.3  1282.6
  13:08:08.359  1838.2  1405.3     90.0  1207.3  1285.1
  13:08:08.406  1838.2  1405.3     90.0  1207.3  1285.1
  13:08:08.453  1838.2  1407.6     90.0  1207.3  1287.4
  13:08:08.484  1838.2  1410.0     90.0  1197.3  1289.8
  13:08:08.531  1838.2  1412.3     90.0  1187.3  1292.1
  13:08:08.593  1838.2  1414.6     90.0  1187.3  1294.4
  13:08:08.625  1838.2  1417.1     90.0  1127.3  1296.8
  13:08:08.656  1838.2  1419.3     90.0  1077.3  1299.0
  13:08:08.703  1838.2  1421.6     90.0  1077.3  1301.3
  13:08:08.750  1838.2  1423.9     90.0   907.3  1303.6
  13:08:08.781  1838.2  1423.9     90.0   527.3  1303.4
  13:08:08.828  1838.2  1426.6     90.0   527.3  1306.1
  13:08:37.562  1170.0  1838.6   -180.0  1290.8   497.7
  13:08:37.609  1167.6  1838.6   -180.0  1288.4   497.7
  13:08:37.656  1167.6  1838.6   -180.0  1288.1   907.7
  13:08:37.687  1164.8  1838.6   -180.0  1285.3   977.7
  13:08:37.734  1162.1  1838.6   -180.0  1282.6   977.7
  13:08:37.781  1159.8  1838.6   -180.0  1280.3  1067.7
  13:08:37.843  1157.5  1838.6   -180.0  1277.9  1087.7
  13:08:37.843  1157.5  1838.6   -180.0  1277.9  1087.7
  13:08:37.890  1154.4  1838.6   -180.0  1274.8  1117.7
  13:08:37.921  1152.0  1838.6   -180.0  1272.4  1117.7
  13:08:37.968  1149.6  1838.6   -180.0  1270.0  1117.7
  13:08:38.015  1147.3  1838.6   -180.0  1267.7  1127.7
  13:08:38.062  1147.3  1838.6   -180.0  1267.7  1127.7
  13:08:38.093  1145.0  1838.6   -180.0  1265.5  1127.7
  13:08:38.140  1142.7  1838.6   -180.0  1263.1  1137.7
  13:08:38.187  1140.3  1838.6   -180.0  1260.7  1137.7
  13:08:38.234  1137.9  1838.6   -180.0  1258.3  1137.7
  13:08:38.265  1135.6  1838.6   -180.0  1256.0  1147.7
  13:08:38.312  1133.2  1838.6   -180.0  1253.6  1157.7
  13:08:38.343  1130.9  1838.6   -180.0  1251.3  1157.7
  13:08:38.390  1128.5  1838.6   -180.0  1248.9  1157.6
  13:08:38.453  1128.5  1838.6   -180.0  1248.9  1157.6
  13:08:38.484  1126.2  1838.6   -180.0  1246.6  1157.6
  13:08:38.531  1123.9  1838.6   -180.0  1244.3  1177.6
  13:08:38.562  1121.6  1838.6   -180.0  1242.0  1187.6
  13:08:38.609  1119.3  1838.6   -180.0  1239.7  1187.6
  13:08:38.656  1116.3  1838.6   -180.0  1236.6  1187.6
  13:08:38.671  1116.3  1838.6   -180.0  1236.6  1197.6
  13:08:38.718  1113.8  1838.6   -180.0  1234.2  1197.6
  13:08:38.765  1111.5  1838.6   -180.0  1231.8  1207.6
  13:08:38.796  1109.1  1838.6   -180.0  1229.4  1207.6
  13:08:38.843  1106.8  1838.6   -180.0  1227.1  1207.6
  13:08:38.890  1106.8  1838.6   -180.0  1227.1  1227.6
  13:08:38.921  1104.4  1838.6   -180.0  1224.8  1227.6
  13:08:38.968  1102.1  1838.6   -180.0  1222.5  1227.6
  13:08:39.015  1099.8  1838.6   -180.0  1220.2  1227.6
  13:08:39.062  1097.4  1838.6   -180.0  1217.7  1237.6
  13:08:39.093  1095.0  1838.6   -180.0  1215.4  1237.6
  13:08:39.140  1092.6  1838.6   -180.0  1212.9  1247.6
  13:08:39.187  1090.4  1838.6   -180.0  1210.8  1247.6
  13:08:39.250  1088.1  1838.6   -180.0  1208.4  1247.6
  13:08:39.265  1088.1  1838.6   -180.0  1208.4  1257.6
  13:08:39.312  1084.9  1838.6   -180.0  1205.2  1257.6
  13:08:39.359  1082.6  1838.6   -180.0  1202.9  1257.6
  13:08:39.406  1080.2  1838.6   -180.0  1200.6  1267.6
  13:08:39.453  1077.9  1838.6   -180.0  1198.2  1267.6
  13:08:39.484  1075.6  1838.6   -180.0  1195.9  1267.6
  13:08:39.531  1075.6  1838.6   -180.0  1195.9  1277.6
  13:08:39.578  1073.2  1838.5   -180.0  1193.5  1287.6
  13:08:39.609  1070.9  1838.5   -180.0  1191.2  1287.6
  13:08:39.640  1068.6  1838.5   -180.0  1188.9  1297.6
  13:08:39.687  1066.2  1838.5   -180.0  1186.5  1307.6
  13:08:39.734  1063.8  1838.5   -180.0  1184.1  1307.6
  13:08:39.765  1061.5  1838.5   -180.0  1181.8  1307.6
  13:08:39.812  1061.5  1838.5   -180.0  1181.8  1307.6
  13:08:39.859  1059.2  1838.5   -180.0  1179.5  1307.6
  13:08:39.906  1056.8  1838.5   -180.0  1177.1  1307.6
  13:08:39.953  1054.5  1838.5   -180.0  1174.8  1307.6
  13:08:39.968  1052.1  1838.5   -180.0  1172.4  1297.6
  13:08:40.000  1052.1  1838.5   -180.0  1172.4  1297.6
  13:08:40.046  1049.7  1838.5   -180.0  1170.1  1297.6
  13:08:40.093  1047.4  1838.5   -180.0  1167.7  1297.6
  13:08:40.140  1045.1  1838.5   -180.0  1165.4  1297.6
  13:08:40.171  1042.9  1838.5   -180.0  1163.2  1297.6
  13:08:40.218  1040.5  1838.5   -180.0  1160.8  1297.6
  13:08:40.265  1038.1  1838.5   -180.0  1158.4  1297.6
  13:08:40.312  1035.6  1838.5   -180.0  1156.0  1297.6
  13:08:40.359  1033.5  1838.5   -180.0  1153.8  1297.6
  13:08:40.390  1031.1  1838.5   -180.0  1151.4  1297.6
  13:08:40.437  1031.1  1838.5   -180.0  1151.4  1297.6
  13:08:40.500  1028.7  1838.5   -180.0  1149.0  1287.6
  13:08:40.531  1025.8  1838.5   -180.0  1146.1  1287.6
  13:08:40.562  1023.3  1838.5   -180.0  1143.6  1287.6
  13:08:40.609  1021.1  1838.5   -180.0  1141.4  1287.6
  13:08:40.656  1018.7  1838.5   -180.0  1139.0  1287.6
  13:08:40.703  1018.7  1838.5   -180.0  1139.0  1287.6
  13:08:40.734  1015.5  1838.5   -180.0  1135.8  1287.6
  13:08:40.781  1013.2  1838.5   -180.0  1133.5  1287.6
  13:08:40.828  1010.8  1838.5   -180.0  1131.1  1287.6
  13:08:40.875  1008.6  1838.5   -180.0  1128.9  1287.6
  13:08:40.906  1006.0  1838.5   -180.0  1126.3  1287.6
  13:08:40.953  1003.8  1838.5   -180.0  1124.1  1287.6
  13:08:41.000  1003.8  1838.5   -180.0  1124.1  1277.6
  13:08:41.046  1001.4  1838.5   -180.0  1121.7  1287.6
  13:08:41.093   999.2  1838.5   -180.0  1119.5  1287.6
  13:08:41.125   996.1  1838.5   -180.0  1116.4  1277.6
  13:08:41.171   993.6  1838.5   -180.0  1114.0  1277.6
  13:08:41.218   991.4  1838.5   -180.0  1111.8  1277.6
  13:08:41.265   989.1  1838.5   -180.0  1109.4  1277.6
  13:08:41.296   989.1  1838.5   -180.0  1109.4  1277.6
  13:08:41.343   986.4  1838.5   -180.0  1106.7  1277.6
  13:08:41.390   984.3  1838.5   -180.0  1104.6  1277.6
  13:08:41.406   982.0  1838.5   -180.0  1102.3  1277.6
  13:08:41.453   979.6  1838.5   -180.0  1100.0  1277.6
  13:08:41.484   979.6  1838.5   -180.0  1100.0  1267.6
  13:08:41.531   977.3  1838.5   -180.0  1097.6  1277.6
  13:08:41.578   975.0  1838.5   -180.0  1095.4  1277.6
  13:08:41.625   972.7  1838.5   -180.0  1093.0  1267.6
  13:08:41.656   970.4  1838.5   -180.0  1090.7  1267.6
  13:08:41.703   968.0  1838.5   -180.0  1088.4  1267.6
  13:08:41.750   965.6  1838.5   -180.0  1085.9  1267.6
  13:08:41.796   963.4  1838.5   -180.0  1083.7  1267.6
  13:08:41.828   961.0  1838.5   -180.0  1081.3  1267.6
  13:08:41.875   961.0  1838.5   -180.0  1081.3  1267.6
  13:08:41.921   958.5  1838.5   -180.0  1078.9  1267.6
  13:08:41.968   956.2  1838.5   -180.0  1076.5  1267.6
  13:08:42.000   953.9  1838.5   -180.0  1074.2  1267.5
  13:08:42.046   951.6  1838.5   -180.0  1071.9  1267.5
  13:08:42.093   949.2  1838.5   -180.0  1069.6  1267.5
  13:08:42.140   949.2  1838.5   -180.0  1069.6  1267.5
  13:08:42.171   946.2  1838.5   -180.0  1066.5  1257.5
  13:08:42.203   943.7  1838.5   -180.0  1064.1  1257.5
  13:08:42.250   941.5  1838.5   -180.0  1061.8  1257.5
  13:08:42.296   939.1  1838.5   -180.0  1059.5  1257.5
  13:08:42.343   936.8  1838.5   -180.0  1057.1  1257.5
  13:08:42.375   934.5  1838.5   -180.0  1054.8  1257.5
  13:08:42.421   934.5  1838.5   -180.0  1054.8  1257.5
  13:08:42.468   932.1  1838.5   -180.0  1052.4  1257.5
  13:08:42.515   929.7  1838.5   -180.0  1050.0  1257.5
  13:08:42.546   926.9  1838.5   -180.0  1047.3  1257.5
  13:08:42.593   925.1  1838.5   -180.0  1045.4  1257.5
  13:08:42.640   922.7  1838.5   -180.0  1043.1  1247.5
  13:08:42.671   920.4  1838.5   -180.0  1040.7  1247.5
  13:08:42.718   917.9  1838.5   -180.0  1038.3  1247.5
  13:08:42.734   917.9  1838.5   -180.0  1038.3  1247.5
  13:08:42.781   915.6  1838.5   -180.0  1036.0  1247.5
  13:08:42.828   913.4  1838.5   -180.0  1033.7  1247.5
  13:08:42.875   911.1  1838.5   -180.0  1031.4  1247.5
  13:08:42.921   908.7  1838.5   -180.0  1029.0  1247.5
  13:08:42.953   906.3  1838.5   -180.0  1026.7  1247.5
  13:08:43.000   904.1  1838.5   -180.0  1024.4  1247.5
  13:08:43.046   901.6  1838.5   -180.0  1021.9  1247.5
  13:08:43.093   901.6  1838.5   -180.0  1021.9  1247.5
  13:08:43.125   899.4  1838.4   -180.0  1019.7  1237.5
  13:08:43.171   897.0  1838.4   -180.0  1017.4  1237.5
  13:08:43.203   894.6  1838.4   -180.0  1014.9  1247.5
  13:08:43.250   892.3  1838.4   -180.0  1012.6  1237.5
  13:08:43.312   890.0  1838.4   -180.0  1010.3  1237.5
  13:08:43.343   887.7  1838.4   -180.0  1008.1  1237.5
  13:08:43.359   887.7  1838.4   -180.0  1008.1  1237.5
  13:08:43.406   885.3  1838.4   -180.0  1005.6  1237.5
  13:08:43.453   883.0  1838.4   -180.0  1003.3  1237.5
  13:08:43.500   880.6  1838.4   -180.0  1000.9  1237.5
  13:08:43.546   878.2  1838.4   -180.0   998.6  1237.5
  13:08:43.578   875.9  1838.4   -180.0   996.2  1237.5
  13:08:43.625   873.7  1838.4   -180.0   994.0  1227.5
  13:08:43.671   871.2  1838.4   -180.0   991.5  1237.5
  13:08:43.718   871.2  1838.4   -180.0   991.5  1237.5
  13:08:43.750   868.9  1838.4   -180.0   989.3  1227.5
  13:08:43.796   866.5  1838.4   -180.0   986.9  1227.5
  13:08:43.843   864.3  1838.4   -180.0   984.7  1227.5
  13:08:43.875   862.0  1838.4   -180.0   982.3  1227.5
  13:08:43.906   859.5  1838.4   -180.0   979.9  1227.5
  13:08:43.953   859.5  1838.4   -180.0   979.9  1227.5
  13:08:44.000   857.2  1838.4   -180.0   977.6  1227.5
  13:08:44.031   854.8  1838.4   -180.0   975.2  1227.5
  13:08:44.078   852.5  1838.4   -180.0   972.9  1227.5
  13:08:44.125   850.2  1838.4   -180.0   970.6  1227.5
  13:08:44.171   847.9  1838.4   -180.0   968.2  1227.5
  13:08:44.203   845.5  1838.4   -180.0   965.9  1227.5
  13:08:44.250   843.1  1838.4   -180.0   963.5  1217.5
  13:08:44.296   840.9  1838.4   -180.0   961.2  1227.5
  13:08:44.343   838.5  1838.4   -180.0   958.9  1227.5
  13:08:44.375   838.5  1838.4   -180.0   958.9  1217.5
  13:08:44.421   836.1  1838.4   -180.0   956.5  1217.5
  13:08:44.468   833.8  1838.4   -180.0   954.2  1217.5
  13:08:44.515   831.4  1838.4   -180.0   951.8  1207.5
  13:08:44.562   829.1  1838.4   -180.0   949.5  1207.5
  13:08:44.593   826.8  1838.4   -180.0   947.2  1207.5
  13:08:44.640   824.5  1838.4   -180.0   944.8  1207.5
  13:08:44.687   822.1  1838.4   -180.0   942.5  1207.5
  13:08:44.734   819.8  1838.4   -180.0   940.1  1207.5
  13:08:44.765   817.5  1838.4   -180.0   937.9  1207.5
  13:08:44.812   817.5  1838.4   -180.0   937.9  1207.5
  13:08:44.859   815.2  1838.4   -180.0   935.6  1207.5
  13:08:44.906   812.8  1838.4   -180.0   933.1  1207.5
  13:08:44.937   810.5  1838.4   -180.0   930.9  1207.5
  13:08:44.984   808.1  1838.4   -180.0   928.5  1207.5
  13:08:45.031   805.8  1838.4   -180.0   926.1  1207.5
  13:08:45.078   803.4  1838.4   -180.0   923.8  1207.5
  13:08:45.109   801.0  1838.4   -180.0   921.4  1207.5
  13:08:45.171   798.7  1838.4   -180.0   919.1  1207.5
  13:08:45.203   796.5  1838.4   -180.0   916.8  1207.5
  13:08:45.250   796.5  1838.4   -180.0   916.8  1207.5
  13:08:45.281   794.0  1838.4   -180.0   914.4  1207.5
  13:08:45.328   791.8  1838.4   -180.0   912.2  1207.5
  13:08:45.375   789.4  1838.4   -180.0   909.7  1207.5
  13:08:45.421   787.0  1838.4   -180.0   907.4  1207.5
  13:08:45.468   784.8  1838.4   -180.0   905.2  1207.5
  13:08:45.500   782.4  1838.4   -180.0   902.7  1207.5
  13:08:45.546   780.0  1838.4   -180.0   900.4  1207.4
  13:08:45.593   777.7  1838.4   -180.0   898.0  1207.4
  13:08:45.640   775.4  1838.4   -180.0   895.7  1207.4
  13:08:45.671   775.4  1838.4   -180.0   895.7  1207.4
  13:08:45.718   772.9  1838.4   -180.0   893.3  1197.4
  13:08:45.781   770.8  1838.4   -180.0   891.1  1197.4
  13:08:45.812   767.6  1838.4   -180.0   888.0  1197.4
  13:08:45.843   765.1  1838.4   -180.0   885.5  1197.4
  13:08:45.890   762.9  1838.4   -180.0   883.3  1197.4
  13:08:45.937   760.5  1838.4   -180.0   880.9  1197.4
  13:08:45.984   760.5  1838.4   -180.0   880.9  1197.4
  13:08:46.015   757.4  1838.4   -180.0   877.8  1197.4
  13:08:46.062   755.1  1838.4   -180.0   875.4  1197.4
  13:08:46.078   755.1  1838.4   -180.0   875.4  1197.4
  13:08:46.125   752.7  1838.4   -180.0   873.0  1197.4
  13:08:46.171   750.4  1838.4   -180.0   870.8  1197.4
  13:08:46.203   748.0  1838.4   -180.0   868.4  1197.4
  13:08:46.250   745.8  1838.4   -180.0   866.1  1197.4
  13:08:46.296   743.4  1838.4   -180.0   863.7  1197.4
  13:08:46.343   741.1  1838.4   -180.0   861.5  1187.4
  13:08:46.375   741.1  1838.4   -180.0   861.5  1187.4
  13:08:46.421   738.8  1838.4   -180.0   859.2  1187.4
  13:08:46.468   736.3  1838.4   -180.0   856.7  1187.4
  13:08:46.515   734.0  1838.4   -180.0   854.4  1187.4
  13:08:46.562   731.8  1838.4   -180.0   852.1  1187.4
  13:08:46.609   729.1  1838.4   -180.0   849.5  1187.4
  13:08:46.640   727.1  1838.4   -180.0   847.4  1187.4
  13:08:46.687   724.7  1838.3   -180.0   845.1  1187.4
  13:08:46.734   722.4  1838.3   -180.0   842.7  1187.4
  13:08:46.781   722.4  1838.3   -180.0   842.7  1187.4
  13:08:46.812   719.4  1838.3   -180.0   839.8  1187.4
  13:08:46.859   716.8  1838.3   -180.0   837.2  1187.4
  13:08:46.906   714.5  1838.3   -180.0   834.9  1187.4
  13:08:46.937   712.2  1838.3   -180.0   832.6  1187.4
  13:08:46.984   709.8  1838.3   -180.0   830.2  1187.4
  13:08:47.031   707.5  1838.3   -180.0   827.9  1187.4
  13:08:47.078   705.2  1838.3   -180.0   825.6  1187.4
  13:08:47.125   705.2  1838.3   -180.0   825.6  1187.4
  13:08:47.156   702.9  1838.3   -180.0   823.2  1187.4
  13:08:47.203   700.5  1838.3   -180.0   820.9  1177.4
  13:08:47.250   698.1  1838.3   -180.0   818.5  1177.4
  13:08:47.281   695.8  1838.3   -180.0   816.2  1177.4
  13:08:47.328   693.5  1838.3   -180.0   813.9  1177.4
  13:08:47.375   691.2  1838.3   -180.0   811.6  1177.4
  13:08:47.437   688.8  1838.3   -180.0   809.2  1177.4
  13:08:47.453   688.8  1838.3   -180.0   809.2  1177.4
  13:08:47.500   685.7  1838.3   -180.0   806.1  1177.4
  13:08:47.546   683.3  1838.3   -180.0   803.7  1177.4
  13:08:47.593   680.9  1838.3   -180.0   801.3  1167.4
  13:08:47.625   678.6  1838.3   -180.0   799.0  1177.4
  13:08:47.656   676.3  1838.3   -180.0   796.6  1177.4
  13:08:47.687   676.3  1838.3   -180.0   796.6  1167.4
  13:08:47.734   674.0  1838.3   -180.0   794.4  1167.4
  13:08:47.781   671.7  1838.3   -180.0   792.0  1167.4
  13:08:47.828   669.3  1838.3   -180.0   789.7  1167.4
  13:08:47.859   666.9  1838.3   -180.0   787.3  1167.4
  13:08:47.906   664.6  1838.3   -180.0   785.0  1167.4
  13:08:47.937   664.6  1838.3   -180.0   785.0  1167.4
  13:08:47.984   662.3  1838.3   -180.0   782.7  1167.4
  13:08:48.015   660.0  1838.3   -180.0   780.3  1167.4
  13:08:48.062   657.5  1838.3   -180.0   777.9  1167.4
  13:08:48.109   655.2  1838.3   -180.0   775.6  1167.4
  13:08:48.156   653.0  1838.3   -180.0   773.4  1167.4
  13:08:48.203   650.5  1838.3   -180.0   770.8  1167.4
  13:08:48.234   648.2  1838.3   -180.0   768.6  1167.4
  13:08:48.281   648.2  1838.3   -180.0   768.6  1167.4
  13:08:48.312   645.9  1838.3   -180.0   766.3  1157.4
  13:08:48.359   643.6  1838.3   -180.0   764.0  1157.4
  13:08:48.390   641.2  1838.3   -180.0   761.6  1157.4
  13:08:48.437   638.9  1838.3   -180.0   759.3  1157.4
  13:08:48.484   636.6  1838.3   -180.0   757.0  1167.4
  13:08:48.531   634.2  1838.3   -180.0   754.6  1167.4
  13:08:48.562   634.2  1838.3   -180.0   754.6  1157.4
  13:08:48.609   632.0  1838.3   -180.0   752.4  1157.4
  13:08:48.640   629.5  1838.3   -180.0   749.9  1157.4
  13:08:48.687   627.2  1838.3   -180.0   747.6  1157.4
  13:08:48.734   624.8  1838.3   -180.0   745.2  1157.4
  13:08:48.765   622.6  1838.3   -180.0   743.0  1157.4
  13:08:48.812   620.2  1838.3   -180.0   740.6  1157.4
  13:08:48.859   620.2  1838.3   -180.0   740.6  1157.4
  13:08:48.906   617.8  1838.3   -180.0   738.2  1157.4
  13:08:48.953   615.5  1838.3   -180.0   735.9  1157.4
  13:08:48.984   613.1  1838.3   -180.0   733.5  1147.4
  13:08:49.031   610.9  1838.3   -180.0   731.3  1147.4
  13:08:49.078   608.4  1838.3   -180.0   728.8  1147.4
  13:08:49.093   606.1  1838.3   -180.0   726.5  1147.4
  13:08:49.140   606.1  1838.3   -180.0   726.5  1147.4
  13:08:49.187   603.8  1838.3   -180.0   724.2  1147.3
  13:08:49.234   601.5  1838.3   -180.0   721.9  1147.3
  13:08:49.281   599.1  1838.3   -180.0   719.5  1147.3
  13:08:49.312   596.8  1838.3   -180.0   717.2  1147.3
  13:08:49.359   594.5  1838.3   -180.0   714.9  1137.3
  13:08:49.406   592.2  1838.3   -180.0   712.6  1137.3
  13:08:49.453   589.9  1838.3   -180.0   710.3  1137.3
  13:08:49.484   587.5  1838.3   -180.0   707.9  1137.3
  13:08:49.531   585.2  1838.3   -180.0   705.6  1137.3
  13:08:49.578   582.7  1838.3   -180.0   703.1  1137.3
  13:08:49.625   582.7  1838.3   -180.0   703.1  1137.3
  13:08:49.671   580.5  1838.3   -180.0   700.9  1137.3
  13:08:49.703   578.0  1838.3   -180.0   698.4  1137.3
  13:08:49.750   575.7  1838.3   -180.0   696.1  1137.3
  13:08:49.796   573.5  1838.3   -180.0   693.9  1137.3
  13:08:49.828   571.0  1838.3   -180.0   691.4  1137.3
  13:08:49.875   568.8  1838.3   -180.0   689.2  1127.3
  13:08:49.921   566.3  1838.3   -180.0   686.7  1137.3
  13:08:49.968   564.1  1838.3   -180.0   684.5  1127.3
  13:08:50.015   561.7  1838.3   -180.0   682.1  1137.3
  13:08:50.031   561.7  1838.3   -180.0   682.1  1137.3
  13:08:50.078   559.4  1838.3   -180.0   679.8  1127.3
  13:08:50.109   557.0  1838.3   -180.0   677.4  1127.3
  13:08:50.156   554.7  1838.3   -180.0   675.1  1127.3
  13:08:50.203   552.3  1838.3   -180.0   672.7  1127.3
  13:08:50.234   552.3  1838.3   -180.0   672.7  1127.3
  13:08:50.281   550.0  1838.2   -180.0   670.4  1127.3
  13:08:50.328   547.6  1838.2   -180.0   668.0  1127.3
  13:08:50.375   545.3  1838.2   -180.0   665.7  1127.3
  13:08:50.406   543.1  1838.2   -180.0   663.5  1127.3
  13:08:50.453   540.6  1838.2   -180.0   661.0  1127.3
  13:08:50.500   538.3  1838.2   -180.0   658.7  1127.3
  13:08:50.546   536.0  1838.2   -180.0   656.4  1127.3
  13:08:50.593   533.6  1838.2   -180.0   654.0  1117.3
  13:08:50.640   533.6  1838.2   -180.0   654.0  1117.3
  13:08:50.671   530.7  1838.2   -180.0   651.1  1117.3
  13:08:50.718   528.1  1838.2   -180.0   648.5  1117.3
  13:08:50.765   525.8  1838.2   -180.0   646.2  1117.3
  13:08:50.812   523.5  1838.2   -180.0   643.9  1117.3
  13:08:50.843   520.8  1838.2   -180.0   641.2  1107.3
  13:08:50.890   518.9  1838.2   -180.0   639.3  1107.3
  13:08:50.937   516.5  1838.2   -180.0   636.9  1107.3
  13:08:50.984   516.5  1838.2   -180.0   636.9  1097.3
  13:08:51.015   514.1  1838.2   -180.0   634.5  1087.3
  13:08:51.062   511.8  1838.2   -180.0   632.2  1087.3
  13:08:51.109   509.5  1838.2   -180.0   630.0  1017.3
  13:08:51.156   507.1  1838.2   -180.0   627.6   867.3
  13:08:51.187   504.9  1838.2   -180.0   625.4   867.3
  13:09:21.765    -0.1  1179.9    -90.0  1310.8  1301.0
  13:09:21.812    -0.1  1177.5    -90.0  1280.8  1298.5
  13:09:21.843    -0.1  1175.3    -90.0  1280.8  1296.3
  13:09:21.890    -0.1  1172.8    -90.0  1230.8  1293.8
  13:09:21.937    -0.1  1170.4    -90.0  1130.8  1291.3
  13:09:21.984    -0.1  1168.2    -90.0  1230.8  1289.2
  13:09:22.031    -0.1  1165.9    -90.0  1130.8  1286.7
  13:09:22.062    -0.1  1163.6    -90.0  1130.8  1284.5
  13:09:22.109    -0.1  1163.6    -90.0  1130.8  1284.5
  13:09:22.140    -0.1  1161.2    -90.0  1040.8  1282.0
  13:09:22.187    -0.1  1158.8    -90.0  1020.8  1279.6
  13:09:22.234    -0.1  1156.5    -90.0  1020.8  1277.3
  13:09:22.281    -0.1  1154.2    -90.0  1040.8  1275.0
  13:09:22.312    -0.1  1151.8    -90.0  1020.8  1272.6
  13:09:22.359    -0.1  1149.3    -90.0  1020.8  1270.1
  13:09:22.406    -0.1  1147.1    -90.0  1020.8  1267.9
  13:09:22.453    -0.1  1144.8    -90.0   990.8  1265.6
  13:09:22.484    -0.1  1142.4    -90.0  1020.8  1263.2
  13:09:22.531    -0.1  1139.8    -90.0  1020.8  1260.6
  13:09:22.578    -0.1  1139.8    -90.0  1020.8  1260.6
  13:09:22.609    -0.1  1137.8    -90.0  1020.8  1258.6
  13:09:22.640    -0.1  1135.4    -90.0  1020.8  1256.2
  13:09:22.687    -0.1  1133.1    -90.0   980.8  1253.9
  13:09:22.734    -0.1  1130.6    -90.0   980.8  1251.3
  13:09:22.781    -0.1  1128.3    -90.0   980.8  1249.1
  13:09:22.828    -0.1  1126.1    -90.0   980.8  1246.9
  13:09:22.859    -0.1  1126.1    -90.0   980.8  1246.9
  13:09:22.906    -0.1  1123.7    -90.0   970.8  1244.5
  13:09:22.953    -0.1  1121.4    -90.0   970.8  1242.2
  13:09:23.000    -0.1  1119.0    -90.0   970.8  1239.7
  13:09:23.031    -0.1  1116.7    -90.0   960.8  1237.5
  13:09:23.078    -0.1  1114.3    -90.0   960.8  1235.1
  13:09:23.125    -0.1  1112.0    -90.0   970.8  1232.7
  13:09:23.156    -0.1  1109.5    -90.0   960.8  1230.3
  13:09:23.187    -0.1  1109.5    -90.0   950.8  1230.3
  13:09:23.234    -0.1  1107.3    -90.0   950.8  1228.0
  13:09:23.281    -0.1  1105.0    -90.0   940.8  1225.8
  13:09:23.328    -0.1  1102.7    -90.0   920.8  1223.4
  13:09:23.359    -0.1  1100.1    -90.0   920.8  1220.8
  13:09:23.406    -0.1  1098.0    -90.0   910.8  1218.8
  13:09:23.453    -0.1  1095.7    -90.0   910.8  1216.4
  13:09:23.484    -0.1  1095.7    -90.0   910.8  1216.4
  13:09:23.531    -0.1  1093.4    -90.0   900.8  1214.1
  13:09:23.578    -0.1  1091.0    -90.0   890.8  1211.7
  13:09:23.609    -0.1  1088.6    -90.0   900.8  1209.3
  13:09:23.640    -0.1  1086.3    -90.0   900.8  1207.0
  13:09:23.687    -0.1  1084.0    -90.0   900.8  1204.7
  13:09:23.750    -0.1  1084.0    -90.0   900.8  1204.7
  13:09:23.765    -0.1  1081.6    -90.0   900.8  1202.3
  13:09:23.812    -0.1  1078.6    -90.0   890.8  1199.3
  13:09:23.843    -0.1  1076.1    -90.0   890.8  1196.8
  13:09:23.890    -0.1  1076.1    -90.0   880.8  1196.8
  13:09:23.937    -0.1  1073.9    -90.0   850.8  1194.6
  13:09:23.984    -0.1  1071.4    -90.0   850.8  1192.1
  13:09:24.015    -0.1  1069.1    -90.0   850.8  1189.8
  13:09:24.062    -0.1  1066.9    -90.0   840.9  1187.6
  13:09:24.078    -0.1  1066.9    -90.0   850.9  1187.6
  13:09:24.140    -0.1  1062.2    -90.0   910.9  1182.9
  13:09:24.171    -0.1  1062.2    -90.0   840.9  1182.8
  13:09:24.218     0.0  1059.8    -90.0   840.9  1180.5
  13:09:24.250     0.0  1057.5    -90.0   830.9  1178.2
  13:09:24.296     0.0  1055.2    -90.0   800.9  1175.8
  13:09:24.328     0.0  1052.8    -90.0   800.9  1173.4
  13:09:24.375     0.0  1050.1    -90.0   800.9  1170.7
  13:09:24.421     0.0  1048.1    -90.0   790.9  1168.7
  13:09:24.453     0.0  1048.1    -90.0   790.9  1168.7
  13:09:24.500     0.0  1045.8    -90.0   790.9  1166.5
  13:09:24.562     0.0  1043.4    -90.0   780.9  1164.1
  13:09:24.578     0.0  1041.1    -90.0   780.9  1161.7
  13:09:24.625     0.0  1038.8    -90.0   770.9  1159.4
  13:09:24.671     0.0  1036.5    -90.0   770.9  1157.1
  13:09:24.718     0.0  1034.1    -90.0   770.9  1154.7
  13:09:24.765     0.0  1031.5    -90.0   770.9  1152.1
  13:09:24.796     0.0  1029.4    -90.0   750.9  1150.0
  13:09:24.843     0.0  1029.4    -90.0   750.9  1150.0
  13:09:24.890     0.0  1027.0    -90.0   750.9  1147.6
  13:09:24.921     0.0  1024.7    -90.0   740.9  1145.3
  13:09:24.968     0.0  1022.4    -90.0   740.9  1143.0
  13:09:25.015     0.0  1020.1    -90.0   730.9  1140.7
  13:09:25.062     0.0  1017.7    -90.0   730.9  1138.3
  13:09:25.093     0.0  1015.4    -90.0   730.9  1135.9
  13:09:25.140     0.0  1013.0    -90.0   720.9  1133.6
  13:09:25.187     0.0  1010.7    -90.0   720.9  1131.3
  13:09:25.234     0.0  1008.2    -90.0   720.9  1128.8
  13:09:25.281     0.0  1008.2    -90.0   720.9  1128.8
  13:09:25.328     0.0  1006.0    -90.0   710.9  1126.6
  13:09:25.359     0.0  1003.7    -90.0   710.9  1124.2
  13:09:25.406     0.0  1001.4    -90.0   700.9  1121.9
  13:09:25.453     0.0   998.9    -90.0   690.9  1119.4
  13:09:25.500     0.0   996.7    -90.0   690.9  1117.3
  13:09:25.546     0.0   994.4    -90.0   680.9  1114.9
  13:09:25.578     0.0   992.0    -90.0   670.9  1112.6
  13:09:25.625     0.0   989.6    -90.0   670.9  1110.1
  13:09:25.671     0.0   987.2    -90.0   670.9  1107.8
  13:09:25.703     0.0   987.2    -90.0   670.9  1107.8
  13:09:25.750     0.0   984.9    -90.0   670.9  1105.4
  13:09:25.796     0.0   982.5    -90.0   660.9  1103.1
  13:09:25.843     0.0   980.2    -90.0   650.9  1100.7
  13:09:25.875     0.0   977.9    -90.0   650.9  1098.4
  13:09:25.921     0.0   975.6    -90.0   640.9  1096.1
  13:09:25.968     0.0   973.2    -90.0   640.9  1093.7
  13:09:26.015     0.0   970.9    -90.0   640.9  1091.4
  13:09:26.062     0.0   968.5    -90.0   630.9  1089.0
  13:09:26.093     0.0   966.2    -90.0   630.9  1086.6
  13:09:26.140     0.0   966.2    -90.0   630.9  1086.6
  13:09:26.187     0.0   963.9    -90.0   620.9  1084.3
  13:09:26.218     0.0   961.6    -90.0   620.9  1082.1
  13:09:26.281     0.0   959.3    -90.0   620.9  1079.8
  13:09:26.312     0.0   956.8    -90.0   620.9  1077.3
  13:09:26.359     0.0   954.6    -90.0   620.9  1075.1
  13:09:26.406     0.0   952.1    -90.0   620.9  1072.6
  13:09:26.437     0.0   949.8    -90.0   620.9  1070.3
  13:09:26.484     0.0   947.5    -90.0   620.9  1068.0
  13:09:26.531     0.0   947.5    -90.0   620.9  1068.0
  13:09:26.578     0.0   945.2    -90.0   620.9  1065.7
  13:09:26.625     0.0   942.9    -90.0   620.9  1063.4
  13:09:26.656     0.0   940.6    -90.0   621.0  1061.0
  13:09:26.687     0.0   938.2    -90.0   621.0  1058.6
  13:09:26.734     0.0   935.8    -90.0   621.0  1056.3
  13:09:26.781     0.1   933.5    -90.0   621.0  1054.0
  13:09:26.828     0.1   931.1    -90.0   621.0  1051.6
  13:09:26.859     0.1   928.8    -90.0   621.0  1049.3
  13:09:26.890     0.1   928.8    -90.0   621.0  1049.3
  13:09:26.921     0.1   926.5    -90.0   621.0  1046.9
  13:09:26.968     0.1   924.0    -90.0   621.0  1044.5
  13:09:27.015     0.1   921.8    -90.0   621.0  1042.2
  13:09:27.062     0.1   919.4    -90.0   631.0  1039.9
  13:09:27.093     0.1   919.4    -90.0   631.0  1039.9
  13:09:27.140     0.1   917.1    -90.0   631.0  1037.6
  13:09:27.187     0.1   914.8    -90.0   631.0  1035.3
  13:09:27.234     0.1   912.5    -90.0   631.0  1033.0
  13:09:27.281     0.1   910.1    -90.0   631.0  1030.6
  13:09:27.312     0.1   907.8    -90.0   631.0  1028.3
  13:09:27.359     0.1   905.4    -90.0   631.0  1025.9
  13:09:27.406     0.1   903.0    -90.0   631.0  1023.5
  13:09:27.437     0.1   900.7    -90.0   631.0  1021.2
  13:09:27.484     0.1   898.5    -90.0   631.0  1019.0
  13:09:27.531     0.1   896.0    -90.0   631.0  1016.5
  13:09:27.578     0.1   896.0    -90.0   631.0  1016.5
  13:09:27.625     0.1   893.8    -90.0   631.0  1014.3
  13:09:27.656     0.1   891.4    -90.0   631.0  1011.9
  13:09:27.703     0.1   889.0    -90.0   631.0  1009.5
  13:09:27.750     0.1   886.7    -90.0   631.0  1007.2
  13:09:27.796     0.1   884.3    -90.0   641.0  1004.8
  13:09:27.828     0.1   881.9    -90.0   641.0  1002.4
  13:09:27.875     0.1   879.6    -90.0   641.0  1000.1
  13:09:27.921     0.1   877.3    -90.0   641.0   997.8
  13:09:27.968     0.1   877.3    -90.0   641.0   997.8
  13:09:28.015     0.1   875.0    -90.0   641.0   995.5
  13:09:28.046     0.1   872.0    -90.0   641.0   992.5
  13:09:28.093     0.1   869.5    -90.0   641.0   990.0
  13:09:28.140     0.1   867.2    -90.0   641.0   987.7
  13:09:28.171     0.1   864.8    -90.0   641.0   985.3
  13:09:28.218     0.1   862.6    -90.0   641.0   983.1
  13:09:28.265     0.1   862.6    -90.0   641.0   983.1
  13:09:28.312     0.1   860.1    -90.0   641.0   980.7
  13:09:28.359     0.1   857.8    -90.0   641.0   978.3
  13:09:28.390     0.1   855.4    -90.0   641.0   975.9
  13:09:28.437     0.1   853.2    -90.0   651.0   973.7
  13:09:28.484     0.1   850.0    -90.0   651.0   970.5
  13:09:28.531     0.1   847.7    -90.0   641.0   968.2
  13:09:28.562     0.1   847.7    -90.0   651.0   968.2
  13:09:28.625     0.1   843.1    -90.0   651.0   963.6
  13:09:28.656     0.1   843.1    -90.0   651.0   963.6
  13:09:28.703     0.1   840.6    -90.0   651.0   961.2
  13:09:28.750     0.1   838.3    -90.0   651.0   958.9
  13:09:28.781     0.1   836.0    -90.0   651.0   956.5
  13:09:28.828     0.1   833.1    -90.0   651.0   953.6
  13:09:28.875     0.1   833.1    -90.0   651.0   953.6
  13:09:28.906     0.1   830.6    -90.0   651.0   951.1
  13:09:28.953     0.1   828.2    -90.0   651.0   948.7
  13:09:29.000     0.1   825.8    -90.0   651.0   946.3
  13:09:29.046     0.1   823.5    -90.0   651.0   944.0
  13:09:29.093     0.1   821.1    -90.0   651.0   941.6
  13:09:29.125     0.1   818.8    -90.0   661.0   939.4
  13:09:29.171     0.1   816.5    -90.0   661.0   937.0
  13:09:29.218     0.1   814.2    -90.0   661.1   934.7
  13:09:29.265     0.1   811.8    -90.0   661.1   932.3
  13:09:29.296     0.1   811.8    -90.0   661.1   932.3
  13:09:29.343     0.1   809.5    -90.0   661.1   930.0
  13:09:29.390     0.2   807.1    -90.0   661.1   927.6
  13:09:29.437     0.2   804.8    -90.0   661.1   925.3
  13:09:29.484     0.2   802.4    -90.0   671.1   923.0
  13:09:29.515     0.2   800.2    -90.0   671.1   920.7
  13:09:29.562     0.2   797.8    -90.0   671.1   918.3
  13:09:29.609     0.2   795.4    -90.0   671.1   916.0
  13:09:29.656     0.2   793.1    -90.0   671.1   913.7
  13:09:29.687     0.2   790.8    -90.0   671.1   911.3
  13:09:29.734     0.2   788.5    -90.0   671.1   909.0
  13:09:29.765     0.2   788.5    -90.0   671.1   909.0
  13:09:29.812     0.2   786.1    -90.0   671.1   906.6
  13:09:29.859     0.2   783.7    -90.0   671.1   904.3
  13:09:29.906     0.2   781.4    -90.0   671.1   901.9
  13:09:29.953     0.2   779.1    -90.0   671.1   899.6
  13:09:29.984     0.2   776.7    -90.0   671.1   897.2
  13:09:30.031     0.2   776.7    -90.0   671.1   897.2
  13:09:30.078     0.2   773.6    -90.0   671.1   894.1
  13:09:30.109     0.2   771.2    -90.0   681.1   891.8
  13:09:30.156     0.2   769.0    -90.0   681.1   889.6
  13:09:30.203     0.2   766.5    -90.0   681.1   887.1
  13:09:30.250     0.2   764.2    -90.0   681.1   884.8
  13:09:30.281     0.2   762.0    -90.0   681.1   882.5
  13:09:30.328     0.2   759.6    -90.0   681.1   880.2
  13:09:30.375     0.2   759.6    -90.0   681.1   880.2
  13:09:30.421     0.2   757.2    -90.0   681.1   877.7
  13:09:30.468     0.2   754.8    -90.0   681.1   875.4
  13:09:30.500     0.2   752.5    -90.0   681.1   873.0
  13:09:30.531     0.2   750.2    -90.0   681.1   870.7
  13:09:30.578     0.2   747.9    -90.0   681.1   868.4
  13:09:30.625     0.2   745.5    -90.0   681.1   866.0
  13:09:30.671     0.2   743.3    -90.0   681.1   863.8
  13:09:30.718     0.2   740.9    -90.0   681.1   861.4
  13:09:30.765     0.2   738.6    -90.0   691.1   859.1
  13:09:30.796     0.2   738.6    -90.0   691.1   859.1
  13:09:30.843     0.2   736.1    -90.0   681.1   856.7
  13:09:30.890     0.2   733.8    -90.0   691.1   854.4
  13:09:30.937     0.2   731.4    -90.0   691.1   852.0
  13:09:30.968     0.2   729.2    -90.0   691.1   849.7
  13:09:31.015     0.2   726.8    -90.0   691.1   847.3
  13:09:31.062     0.2   724.4    -90.0   691.1   845.0
  13:09:31.109     0.2   722.2    -90.0   691.1   842.8
  13:09:31.140     0.2   719.7    -90.0   691.1   840.3
  13:09:31.187     0.2   717.5    -90.0   691.1   838.0
  13:09:31.234     0.2   717.5    -90.0   691.1   838.0
  13:09:31.281     0.2   715.2    -90.0   691.1   835.7
  13:09:31.312     0.2   712.8    -90.0   701.1   833.4
  13:09:31.359     0.2   710.4    -90.0   701.1   831.0
  13:09:31.406     0.2   708.2    -90.0   701.1   828.7
  13:09:31.453     0.2   705.9    -90.0   701.1   826.4
  13:09:31.484     0.2   703.5    -90.0   701.1   824.0
  13:09:31.531     0.2   701.1    -90.0   701.1   821.6
  13:09:31.578     0.2   698.7    -90.0   701.1   819.2
  13:09:31.625     0.2   698.7    -90.0   701.1   819.2
  13:09:31.671     0.2   696.5    -90.0   701.1   817.0
  13:09:31.703     0.2   694.1    -90.0   701.1   814.6
  13:09:31.750     0.2   691.0    -90.0   701.1   811.6
  13:09:31.796     0.2   688.6    -90.0   701.1   809.2
  13:09:31.843     0.2   686.3    -90.0   701.2   806.9
  13:09:31.875     0.2   686.3    -90.0   701.2   806.9
  13:09:31.921     0.2   683.5    -90.0   701.2   804.0
  13:09:31.968     0.2   680.8    -90.0   701.2   801.4
  13:09:32.015     0.3   678.4    -90.0   701.2   799.0
  13:09:32.078     0.3   676.1    -90.0   701.2   796.7
  13:09:32.093     0.3   673.5    -90.0   701.2   794.0
  13:09:32.140     0.3   671.5    -90.0   701.2   792.0
  13:09:32.187     0.3   669.2    -90.0   711.2   789.7
  13:09:32.234     0.3   666.8    -90.0   701.2   787.4
  13:09:32.265     0.3   666.8    -90.0   701.2   787.4
  13:09:32.312     0.3   664.5    -90.0   701.2   785.0
  13:09:32.359     0.3   662.1    -90.0   711.2   782.6
  13:09:32.406     0.3   659.9    -90.0   711.2   780.4
  13:09:32.453     0.3   657.5    -90.0   711.2   778.1
  13:09:32.484     0.3   655.0    -90.0   711.2   775.6
  13:09:32.531     0.3   652.7    -90.0   711.2   773.3
  13:09:32.578     0.3   650.4    -90.0   711.2   771.0
  13:09:32.625     0.3   648.1    -90.0   711.2   768.7
  13:09:32.671     0.3   645.7    -90.0   711.2   766.3
  13:09:32.687     0.3   645.7    -90.0   711.2   766.3
  13:09:32.718     0.3   643.3    -90.0   711.2   763.9
  13:09:32.765     0.3   641.1    -90.0   711.2   761.6
  13:09:32.812     0.3   638.7    -90.0   721.2   759.3
  13:09:32.875     0.3   636.4    -90.0   721.2   757.0
  13:09:32.906     0.3   634.0    -90.0   721.2   754.6
  13:09:32.937     0.3   634.0    -90.0   721.2   754.6
  13:09:32.984     0.3   631.7    -90.0   721.2   752.3
  13:09:33.015     0.3   629.3    -90.0   721.2   749.9
  13:09:33.062     0.3   627.0    -90.0   721.2   747.6
  13:09:33.109     0.3   624.7    -90.0   731.2   745.3
  13:09:33.156     0.3   622.4    -90.0   721.2   743.0
  13:09:33.187     0.3   620.0    -90.0   731.2   740.6
  13:09:33.234     0.3   617.6    -90.0   731.2   738.2
  13:09:33.296     0.3   615.3    -90.0   731.2   735.9
  13:09:33.328     0.3   615.3    -90.0   731.2   735.9
  13:09:33.359     0.3   612.9    -90.0   721.2   733.5
  13:09:33.406     0.3   610.7    -90.0   721.2   731.3
  13:09:33.453     0.3   608.2    -90.0   731.2   728.8
  13:09:33.500     0.3   606.0    -90.0   731.2   726.6
  13:09:33.546     0.3   603.6    -90.0   721.2   724.2
  13:09:33.578     0.3   601.2    -90.0   731.2   721.8
  13:09:33.625     0.3   598.9    -90.0   731.2   719.5
  13:09:33.671     0.3   596.6    -90.0   731.2   717.2
  13:09:33.703     0.3   596.6    -90.0   731.2   717.2
  13:09:33.750     0.3   594.3    -90.0   731.2   714.9
  13:09:33.796     0.3   591.9    -90.0   731.2   712.5
  13:09:33.843     0.3   589.5    -90.0   741.2   710.1
  13:09:33.890     0.3   587.3    -90.0   741.2   707.9
  13:09:33.921     0.3   584.5    -90.0   741.2   705.0
  13:09:33.968     0.3   582.6    -90.0   741.2   703.2
  13:09:34.015     0.3   580.3    -90.0   741.2   700.9
  13:09:34.046     0.3   578.0    -90.0   741.2   698.6
  13:09:34.093     0.3   575.5    -90.0   741.2   696.1
  13:09:34.140     0.3   575.5    -90.0   741.2   696.1
  13:09:34.187     0.3   573.3    -90.0   741.2   693.9
  13:09:34.234     0.3   570.8    -90.0   741.2   691.4
  13:09:34.265     0.3   568.5    -90.0   741.2   689.1
  13:09:34.312     0.3   566.1    -90.0   741.2   686.6
  13:09:34.359     0.3   563.9    -90.0   751.2   684.4
  13:09:34.406     0.3   561.6    -90.0   751.2   682.2
  13:09:34.437     0.3   559.2    -90.0   751.3   679.8
  13:09:34.484     0.3   556.8    -90.0   751.3   677.4
  13:09:34.531     0.3   554.5    -90.0   751.3   675.1
  13:09:34.578     0.3   554.5    -90.0   751.3   675.1
  13:09:34.609     0.4   552.2    -90.0   751.3   672.8
  13:09:34.656     0.4   549.8    -90.0   751.3   670.4
  13:09:34.703     0.4   547.5    -90.0   751.3   668.1
  13:09:34.750     0.4   545.1    -90.0   751.3   665.7
  13:09:34.796     0.4   542.7    -90.0   761.3   663.3
  13:09:34.828     0.4   540.5    -90.0   761.3   661.1
  13:09:34.875     0.4   538.1    -90.0   761.3   658.7
  13:09:34.921     0.4   535.7    -90.0   751.3   656.3
  13:09:34.968     0.4   533.4    -90.0   751.3   654.0
  13:09:35.015     0.4   531.2    -90.0   761.3   651.8
  13:09:35.046     0.4   531.2    -90.0   761.3   651.8
  13:09:35.093     0.4   528.9    -90.0   761.3   649.5
  13:09:35.140     0.4   526.5    -90.0   761.3   647.1
  13:09:35.187     0.4   524.2    -90.0   761.3   644.8
  13:09:35.218     0.4   521.7    -90.0   761.3   642.3
  13:09:35.265     0.4   519.4    -90.0   771.3   640.0
  13:09:35.312     0.4   517.0    -90.0   771.3   637.6
  13:09:35.359     0.4   517.0    -90.0   761.3   637.6
  13:09:35.406     0.4   514.2    -90.0   771.3   634.8
  13:09:35.437     0.4   511.5    -90.0   771.3   632.1
  13:09:35.484     0.4   509.2    -90.0   771.3   629.9
  13:09:35.531     0.4   506.9    -90.0   771.3   627.5
  13:09:35.578     0.4   504.6    -90.0   791.3   625.2
  13:09:35.625     0.4   502.3    -90.0   791.3   622.9
  13:09:35.656     0.4   500.0    -90.0   801.3   620.6
  13:09:35.703     0.4   497.6    -90.0   841.3   618.2
  13:09:35.750     0.4   495.2    -90.0   841.3   615.9
  13:09:35.796     0.4   492.9    -90.0   941.3   613.6
  13:09:35.828     0.4   492.9    -90.0  1051.3   613.7
  13:09:35.875     0.4   490.5    -90.0  1051.3   611.4
