Тестовая информация 0. Исходные сенсорные данные: Time, X_rob, Y_rob, Ang_rob, X_obj, Y_obj (мм, град)
15:49:25.453 0.0 0.0 11.5 1078.0 219.0
15:49:25.484 0.0 0.0 11.5 1078.0 219.0
15:49:25.531 0.0 0.0 11.3 755.2 150.3
15:49:25.578 0.0 0.0 11.0 726.4 141.4
15:49:25.625 0.0 0.0 10.8 726.9 138.5
15:49:25.656 0.0 0.0 10.6 698.0 130.1
15:49:25.703 0.0 0.0 10.3 698.5 127.1
15:49:25.734 0.0 0.0 10.1 699.0 124.3
15:49:25.781 0.0 0.0 10.1 679.3 120.8
15:49:25.828 0.0 0.0 9.8 670.0 116.3
15:49:25.859 0.0 0.0 9.6 670.5 113.6
15:49:25.906 0.0 0.0 9.4 651.2 107.6
15:49:25.937 0.0 0.0 9.1 651.6 104.9
15:49:25.984 0.0 0.0 8.9 652.0 102.3
15:49:26.031 0.0 0.0 8.7 652.4 99.6
15:49:26.078 0.0 0.0 8.4 642.9 95.5
15:49:26.109 0.0 0.0 8.4 642.9 95.5
15:49:26.156 0.0 0.0 8.2 643.3 92.8
15:49:26.203 0.0 0.0 8.0 643.7 90.2
15:49:26.250 0.0 0.0 7.7 644.1 87.6
15:49:26.281 0.0 0.0 7.5 634.5 83.6
15:49:26.328 0.0 0.0 7.3 634.8 81.2
15:49:26.375 0.0 0.0 7.1 635.2 78.6
15:49:26.406 0.0 0.0 6.8 635.5 75.8
15:49:26.453 0.0 0.0 6.6 635.8 73.2
15:49:26.500 0.0 0.0 6.6 635.8 73.2
15:49:26.531 0.0 0.0 6.3 636.1 70.7
15:49:26.562 0.0 0.0 6.1 636.4 68.1
15:49:26.609 0.0 0.0 5.9 636.6 65.6
15:49:26.656 0.0 0.0 5.6 636.9 62.8
15:49:26.687 0.0 0.0 5.4 637.2 60.2
15:49:26.734 0.0 0.0 5.4 637.2 60.2
15:49:26.781 0.0 0.0 5.2 627.4 56.9
15:49:26.828 0.0 0.0 4.9 627.7 54.3
15:49:26.875 0.0 0.0 4.7 627.9 51.6
15:49:26.906 0.0 0.0 4.5 628.1 49.1
15:49:26.953 0.0 0.0 4.2 618.3 45.9
15:49:27.000 0.0 0.0 4.0 618.5 43.2
15:49:27.046 0.0 0.0 3.8 618.7 40.7
15:49:27.078 0.0 0.0 3.5 618.8 38.2
15:49:27.125 0.0 0.0 3.3 619.0 35.7
15:49:27.171 0.0 0.0 3.1 619.1 33.1
15:49:27.218 0.0 0.0 3.1 619.1 33.1
15:49:27.250 0.0 0.0 2.8 619.2 30.7
15:49:27.296 0.0 0.0 2.6 619.4 28.1
15:49:27.343 0.0 0.0 2.4 609.5 25.1
15:49:27.390 0.0 0.0 2.1 609.6 22.7
15:49:27.453 0.0 0.0 1.9 609.7 20.1
15:49:27.468 0.0 0.0 1.7 609.7 17.7
15:49:27.515 0.0 0.0 1.4 609.8 15.2
15:49:27.562 0.0 0.0 1.2 609.9 12.7
15:49:27.609 0.0 0.0 1.0 609.9 10.3
15:49:27.656 0.0 0.0 1.0 609.9 10.3
15:49:27.687 0.0 0.0 0.7 610.0 7.4
15:49:27.734 0.0 0.0 0.4 610.0 4.5
15:49:27.781 0.0 0.0 0.2 610.0 1.9
15:49:27.828 0.0 0.0 -0.1 620.0 -0.6
15:49:27.859 0.0 0.0 -0.1 620.0 -0.6
15:49:27.906 0.0 0.0 -0.4 620.0 -4.0
15:49:27.953 0.0 0.0 -0.6 620.0 -6.5
15:49:28.000 0.0 0.0 -0.8 619.9 -9.1
15:49:28.031 0.0 0.0 -1.1 619.9 -11.6
15:49:28.078 0.0 0.0 -1.3 619.8 -14.1
15:49:28.125 0.0 0.0 -1.5 619.8 -16.6
15:49:28.171 0.0 0.0 -1.8 619.7 -19.0
15:49:28.203 0.0 0.0 -1.8 619.7 -19.0
15:49:28.250 0.0 0.0 -2.0 619.6 -21.6
15:49:28.296 0.0 0.0 -2.2 619.5 -24.3
15:49:28.328 0.0 0.0 -2.5 619.4 -26.7
15:49:28.390 0.0 0.0 -2.7 609.3 -28.8
15:49:28.421 0.0 0.0 -2.9 609.2 -31.3
15:49:28.468 0.0 0.0 -3.2 609.1 -33.7
15:49:28.515 0.0 0.0 -3.4 608.9 -36.2
15:49:28.562 0.0 0.0 -3.6 608.8 -38.7
15:49:28.593 0.0 0.0 -3.9 608.6 -41.2
15:49:28.656 0.0 0.0 -4.1 608.4 -43.6
15:49:28.687 0.0 0.0 -4.1 618.4 -44.3
15:49:28.734 0.0 0.0 -4.3 618.2 -46.9
15:49:28.765 0.0 0.0 -4.6 618.0 -49.4
15:49:28.812 0.0 0.0 -4.8 617.8 -51.9
15:49:28.859 0.0 0.0 -5.0 607.6 -53.6
15:49:28.906 0.0 0.0 -5.3 607.4 -56.1
15:49:28.937 0.0 0.0 -5.5 607.2 -58.6
15:49:28.984 0.0 0.0 -5.7 616.9 -62.0
15:49:29.031 0.0 0.0 -6.0 616.6 -64.4
15:49:29.078 0.0 0.0 -6.2 616.4 -67.1
15:49:29.109 0.0 0.0 -6.2 616.4 -67.1
15:49:29.156 0.0 0.0 -6.4 616.1 -69.6
15:49:29.203 0.0 0.0 -6.7 615.8 -72.0
15:49:29.250 0.0 0.0 -6.9 615.5 -74.6
15:49:29.281 0.0 0.0 -7.2 615.2 -77.2
15:49:29.328 0.0 0.0 -7.4 614.9 -79.7
15:49:29.375 0.0 0.0 -7.6 614.5 -82.1
15:49:29.421 0.0 0.0 -7.8 614.2 -84.7
15:49:29.453 0.0 0.0 -8.1 623.7 -88.6
15:49:29.500 0.0 0.0 -8.3 623.4 -91.1
15:49:29.546 0.0 0.0 -8.3 623.4 -91.1
15:49:29.593 0.0 0.0 -8.6 623.0 -93.8
15:49:29.640 0.0 0.0 -8.8 622.6 -96.1
15:49:29.671 0.0 0.0 -9.0 622.2 -98.7
15:49:29.703 0.0 0.0 -9.2 631.7 -102.8
15:49:29.750 0.0 0.0 -9.5 631.3 -105.4
15:49:29.796 0.0 0.0 -9.5 631.3 -105.4
15:49:29.828 0.0 0.0 -9.7 630.8 -108.1
15:49:29.875 0.0 0.0 -9.9 630.4 -110.6
15:49:29.921 0.0 0.0 -10.2 629.9 -113.2
15:49:29.968 0.0 0.0 -10.4 629.4 -115.8
15:49:30.000 0.0 0.0 -10.7 629.0 -118.3
15:49:30.046 0.0 0.0 -10.9 628.5 -120.8
15:49:30.093 0.0 0.0 -11.1 637.8 -125.3
15:49:30.140 0.0 0.0 -11.4 637.3 -128.0
15:49:30.187 0.0 0.0 -11.6 636.7 -130.6
15:49:30.218 0.0 0.0 -11.8 636.2 -133.1
15:49:30.265 0.0 0.0 -12.1 635.7 -135.8
15:49:30.312 0.0 0.0 -12.1 635.7 -135.8
15:49:30.359 0.0 0.0 -12.3 644.9 -140.4
15:49:30.390 0.0 0.0 -12.5 644.3 -143.1
15:49:30.437 0.0 0.0 -12.8 643.7 -145.7
15:49:30.500 0.0 0.0 -13.0 643.1 -148.4
15:49:30.531 0.0 0.0 -13.2 642.5 -151.1
15:49:30.546 0.0 0.0 -13.2 642.5 -151.1
15:49:30.578 0.0 0.0 -13.5 651.6 -156.0
15:49:30.625 0.0 0.0 -13.7 650.9 -158.6
15:49:30.671 0.0 0.0 -13.9 650.3 -161.3
15:49:30.718 0.0 0.0 -14.2 649.6 -163.9
15:49:30.750 0.0 0.0 -14.4 658.6 -169.1
15:49:30.796 0.0 0.0 -14.6 657.9 -171.8
15:49:30.843 0.0 0.0 -14.6 667.6 -174.3
15:49:30.890 0.0 0.0 -14.9 695.9 -184.7
15:49:30.921 0.0 0.0 -15.1 695.1 -187.6
15:49:30.968 0.0 0.0 -15.3 752.3 -206.2
15:49:31.015 0.0 0.0 -15.6 789.9 -220.3
15:49:31.046 0.0 0.0 -15.8 789.0 -223.2
15:49:31.093 0.0 0.0 -16.0 1191.8 -342.4
