Nlnniar? cioideroc? 0. Cnoiaiul nlinidiul ariiul: Time, X_rob, Y_rob, Ang_rob, X_obj, Y_obj (ee, adra)
15:49:24.812 0.0 0.0 13.1 653.8 151.6
15:49:25.015 0.0 0.0 12.1 579.4 123.8
15:49:25.218 0.0 0.0 11.1 567.7 111.0
15:49:25.421 0.0 0.0 10.1 556.6 98.7
15:49:25.625 0.0 0.0 9.1 546.0 87.1
15:49:25.828 0.0 0.0 8.1 535.8 75.9
15:49:26.031 0.0 0.0 7.1 528.9 65.5
15:49:26.234 0.0 0.0 6.1 526.7 55.9
15:49:26.437 0.0 0.0 5.1 524.6 46.4
15:49:26.640 0.0 0.0 4.1 522.4 37.1
15:49:26.843 0.0 0.0 3.1 520.3 27.8
15:49:27.046 0.0 0.0 2.1 518.2 18.6
15:49:27.250 0.0 0.0 1.1 516.1 9.5
15:49:27.453 0.0 0.0 0.1 514.0 0.5
15:49:27.656 0.0 0.0 -0.9 511.9 -8.4
15:49:27.859 0.0 0.0 -1.9 514.4 -17.4
15:49:28.062 0.0 0.0 -2.9 514.7 -26.4
15:49:28.265 0.0 0.0 -3.9 512.0 -35.3
15:49:28.468 0.0 0.0 -4.9 510.9 -44.2
15:49:28.671 0.0 0.0 -5.9 513.0 -53.4
15:49:28.875 0.0 0.0 -6.9 515.2 -62.7
15:49:29.078 0.0 0.0 -7.9 517.3 -72.2
15:49:29.281 0.0 0.0 -8.9 519.5 -81.7
15:49:29.484 0.0 0.0 -9.9 521.7 -91.4
15:49:29.687 0.0 0.0 -10.9 524.0 -101.3
15:49:29.890 0.0 0.0 -11.9 526.3 -111.3
15:49:30.093 0.0 0.0 -12.9 530.3 -121.8
15:49:30.296 0.0 0.0 -13.9 541.8 -134.5
15:49:30.500 0.0 0.0 -14.9 553.8 -147.8
15:49:30.703 0.0 0.0 -15.9 566.6 -161.8
15:49:30.906 0.0 0.0 -16.9 580.0 -176.7