Тестовая информация 0. Исходные сенсорные данные: Time, X_rob, Y_rob, Ang_rob, X_obj, Y_obj (мм, град)
11:44:38.203 -257.5 1057.5 -67.9 133.2 93.3
11:44:38.406 -257.5 1057.5 -68.9 103.0 121.3
11:44:38.609 -257.5 1057.5 -69.9 81.9 128.1
11:44:38.812 -257.5 1057.5 -70.9 62.0 132.6
11:44:39.031 -257.5 1057.5 -71.9 42.6 137.1
11:44:39.218 -257.5 1057.5 -72.9 25.3 136.0
11:44:39.406 -257.5 1057.5 -73.9 9.2 131.0
11:44:39.609 -257.5 1057.5 -74.9 -8.3 131.3
11:44:39.812 -257.5 1057.5 -75.9 -24.5 126.9
11:44:40.015 -257.5 1057.5 -76.9 -40.7 122.6
11:44:40.218 -257.5 1057.5 -77.9 -56.9 118.3
11:44:40.421 -257.5 1057.5 -78.9 -72.5 111.0
11:44:40.625 -257.5 1057.5 -79.9 -89.0 107.2
11:44:40.828 -257.5 1057.5 -80.9 -104.9 100.2
11:44:41.031 -257.5 1057.5 -81.9 -120.0 86.1
11:44:41.234 -257.5 1057.5 -82.9 -135.5 71.7
11:44:41.437 -257.5 1057.5 -83.9 -150.9 53.4
11:44:41.640 -257.5 1057.5 -84.9 -164.7 9.0
