Тестовая информация 0. Исходные сенсорные данные: Time, X_rob, Y_rob, Ang_rob, X_obj, Y_obj (мм, град)
12:12:24.531 0.0 0.0 18.1 1000.3 326.2
12:12:24.750 0.0 0.0 17.1 1000.6 307.1
12:12:24.937 0.0 0.0 16.1 1001.3 288.2
12:12:25.156 0.0 0.0 15.1 1002.0 269.6
12:12:25.343 0.0 0.0 14.1 1002.7 251.1
12:12:25.546 0.0 0.0 13.1 1003.4 232.7
12:12:25.734 0.0 0.0 12.1 1004.5 214.6
12:12:25.953 0.0 0.0 11.1 1005.1 196.5
12:12:26.140 0.0 0.0 10.1 1005.8 178.4
12:12:26.359 0.0 0.0 9.1 1006.5 160.5
12:12:26.546 0.0 0.0 8.1 1007.1 142.6
12:12:26.765 0.0 0.0 7.1 1007.4 124.8
12:12:26.968 0.0 0.0 6.1 1008.0 107.0
12:12:27.156 0.0 0.0 5.1 1008.7 89.3
12:12:27.343 0.0 0.0 4.1 1009.4 71.6
12:12:27.562 0.0 0.0 3.1 1010.0 54.0
12:12:27.750 0.0 0.0 2.1 1010.4 36.3
12:12:27.968 0.0 0.0 1.1 1010.4 18.7
12:12:28.156 0.0 0.0 0.1 1010.4 1.1
12:12:28.343 0.0 0.0 -0.9 1010.8 -16.6
12:12:28.562 0.0 0.0 -1.9 1010.7 -34.2
12:12:28.750 0.0 0.0 -2.9 1010.1 -51.9
12:12:28.968 0.0 0.0 -3.9 1009.4 -69.5
12:12:29.156 0.0 0.0 -4.9 1008.7 -87.2
12:12:29.343 0.0 0.0 -5.9 1008.0 -104.9
12:12:29.562 0.0 0.0 -6.9 1007.4 -122.6
12:12:29.750 0.0 0.0 -7.9 1006.7 -140.4
12:12:29.968 0.0 0.0 -8.9 1006.0 -158.3
12:12:30.156 0.0 0.0 -9.9 1005.3 -176.2
12:12:30.343 0.0 0.0 -10.9 1004.6 -194.2
12:12:30.562 0.0 0.0 -11.9 1003.9 -212.3
12:12:30.750 0.0 0.0 -12.9 1003.0 -230.5
12:12:30.937 0.0 0.0 -13.9 1002.3 -248.8
12:12:31.156 0.0 0.0 -14.9 1001.8 -267.3
12:12:31.343 0.0 0.0 -15.9 1001.1 -285.9
12:12:31.531 0.0 0.0 -16.9 1000.3 -304.7
12:12:31.734 0.0 0.0 -17.9 1000.0 -323.8
12:12:31.953 0.0 0.0 -18.9 999.3 -342.9
12:12:35.968 0.0 0.0 -38.9 823.0 -665.0
12:12:36.171 0.0 0.0 -39.9 791.3 -662.6
12:12:36.359 0.0 0.0 -40.9 770.4 -668.3
12:12:36.578 0.0 0.0 -41.9 750.1 -674.0
12:12:36.765 0.0 0.0 -42.9 735.0 -684.0
12:12:36.968 0.0 0.0 -43.9 721.0 -694.8
12:12:37.156 0.0 0.0 -44.9 707.3 -705.8
12:12:37.359 0.0 0.0 -45.9 697.7 -721.0
12:12:37.546 0.0 0.0 -46.9 683.4 -731.3
12:12:37.734 0.0 0.0 -47.9 671.3 -744.0
12:12:37.953 0.0 0.0 -48.9 656.6 -753.8
12:12:38.140 0.0 0.0 -49.9 645.3 -767.4
12:12:38.359 0.0 0.0 -50.9 635.0 -782.5
12:12:38.546 0.0 0.0 -51.9 624.9 -798.1
12:12:38.765 0.0 0.0 -52.9 620.1 -821.1
12:12:38.953 0.0 0.0 -53.9 615.1 -844.8
12:12:39.156 0.0 0.0 -54.9 622.5 -887.0
12:12:43.390 0.0 0.0 -75.9 297.2 -1186.8
12:12:43.578 0.0 0.0 -76.9 272.0 -1172.5
12:12:43.765 0.0 0.0 -77.9 247.5 -1158.6
12:12:43.968 0.0 0.0 -78.9 226.7 -1159.9
12:12:44.187 0.0 0.0 -79.9 207.4 -1169.2
12:12:44.375 0.0 0.0 -80.9 185.2 -1161.2
12:12:44.562 0.0 0.0 -81.9 167.2 -1180.6
12:12:44.765 0.0 0.0 -82.9 144.3 -1165.0
12:12:44.984 0.0 0.0 -83.9 126.3 -1189.5
12:12:45.171 0.0 0.0 -84.9 107.7 -1216.6
