Тестовая информация 0. Исходные сенсорные данные: Time, X_rob, Y_rob, Ang_rob, X_obj, Y_obj (мм, град)
12:12:25.296 0.0 0.0 19.1 973.0 337.8
12:12:25.328 0.0 0.0 18.9 974.3 334.0
12:12:25.375 0.0 0.0 18.9 936.5 321.1
12:12:25.421 0.0 0.0 18.7 928.4 313.9
12:12:25.453 0.0 0.0 18.4 939.1 313.3
12:12:25.500 0.0 0.0 18.2 940.4 309.4
12:12:25.546 0.0 0.0 18.0 941.6 305.7
12:12:25.593 0.0 0.0 17.7 942.9 301.6
12:12:25.625 0.0 0.0 17.5 944.1 297.8
12:12:25.671 0.0 0.0 17.3 945.3 294.2
12:12:25.718 0.0 0.0 17.3 945.3 294.2
12:12:25.765 0.0 0.0 17.0 946.5 290.1
12:12:25.796 0.0 0.0 16.8 947.7 286.3
12:12:25.843 0.0 0.0 16.6 948.9 282.4
12:12:25.890 0.0 0.0 16.3 950.0 278.5
12:12:25.937 0.0 0.0 16.1 941.5 272.1
12:12:25.968 0.0 0.0 15.9 942.6 268.2
12:12:26.015 0.0 0.0 15.6 943.7 264.3
12:12:26.062 0.0 0.0 15.6 924.4 258.9
12:12:26.093 0.0 0.0 15.3 945.1 259.0
12:12:26.140 0.0 0.0 15.1 936.5 252.7
12:12:26.203 0.0 0.0 14.9 937.5 248.9
12:12:26.234 0.0 0.0 14.6 938.6 244.9
12:12:26.281 0.0 0.0 14.4 929.8 238.7
12:12:26.312 0.0 0.0 14.2 930.8 234.8
12:12:26.359 0.0 0.0 13.9 941.5 233.4
12:12:26.406 0.0 0.0 13.7 932.7 227.4
12:12:26.437 0.0 0.0 13.7 932.7 227.4
12:12:26.484 0.0 0.0 13.5 953.1 228.2
12:12:26.531 0.0 0.0 13.2 954.0 224.3
12:12:26.578 0.0 0.0 13.0 954.9 220.5
12:12:26.625 0.0 0.0 12.8 955.8 216.3
12:12:26.656 0.0 0.0 12.5 956.7 212.6
12:12:26.703 0.0 0.0 12.3 947.8 206.2
12:12:26.750 0.0 0.0 12.1 948.6 202.7
12:12:26.781 0.0 0.0 11.8 949.4 198.9
12:12:26.828 0.0 0.0 11.8 949.4 198.9
12:12:26.875 0.0 0.0 11.6 960.0 196.8
12:12:26.921 0.0 0.0 11.4 960.8 192.9
12:12:26.953 0.0 0.0 11.1 951.8 187.1
12:12:27.000 0.0 0.0 10.9 962.3 185.2
12:12:27.046 0.0 0.0 10.7 963.1 181.2
12:12:27.093 0.0 0.0 10.4 963.8 177.4
12:12:27.140 0.0 0.0 10.2 964.5 173.4
12:12:27.171 0.0 0.0 9.9 965.3 169.3
12:12:27.234 0.0 0.0 9.7 965.9 165.4
12:12:27.265 0.0 0.0 9.7 965.9 165.4
12:12:27.296 0.0 0.0 9.5 966.6 161.4
12:12:27.343 0.0 0.0 9.3 967.3 157.5
12:12:27.390 0.0 0.0 9.0 977.8 155.2
12:12:27.437 0.0 0.0 8.8 978.4 151.2
12:12:27.484 0.0 0.0 8.5 979.0 147.1
12:12:27.531 0.0 0.0 8.3 979.6 143.2
12:12:27.562 0.0 0.0 8.1 980.2 139.3
12:12:27.609 0.0 0.0 7.8 980.7 135.2
12:12:27.656 0.0 0.0 7.6 981.3 131.2
12:12:27.703 0.0 0.0 7.4 981.8 127.1
12:12:27.750 0.0 0.0 7.1 982.3 123.1
12:12:27.781 0.0 0.0 7.1 982.3 123.1
12:12:27.828 0.0 0.0 6.9 982.8 119.3
12:12:27.875 0.0 0.0 6.7 973.3 114.1
12:12:27.906 0.0 0.0 6.5 983.7 111.2
12:12:27.968 0.0 0.0 6.2 994.1 108.3
12:12:28.000 0.0 0.0 6.0 994.6 104.2
12:12:28.046 0.0 0.0 5.7 995.0 100.0
12:12:28.093 0.0 0.0 5.5 1005.3 97.0
12:12:28.125 0.0 0.0 5.3 1005.7 92.9
12:12:28.171 0.0 0.0 5.3 1005.7 92.9
12:12:28.218 0.0 0.0 5.0 1006.1 88.8
12:12:28.265 0.0 0.0 4.8 1006.5 84.4
12:12:28.296 0.0 0.0 4.6 1006.8 80.6
12:12:28.343 0.0 0.0 4.3 1007.1 76.4
12:12:28.390 0.0 0.0 4.1 1007.4 72.4
12:12:28.437 0.0 0.0 3.9 1007.7 68.3
12:12:28.484 0.0 0.0 3.6 1008.0 64.2
12:12:28.500 0.0 0.0 3.6 1008.0 64.2
12:12:28.546 0.0 0.0 3.4 1008.2 60.1
12:12:28.593 0.0 0.0 3.2 1008.5 55.8
12:12:28.640 0.0 0.0 2.9 1008.7 51.6
12:12:28.671 0.0 0.0 2.7 1008.9 47.7
12:12:28.718 0.0 0.0 2.5 1009.1 43.4
12:12:28.765 0.0 0.0 2.2 1009.2 39.2
12:12:28.812 0.0 0.0 2.0 1009.4 35.3
12:12:28.843 0.0 0.0 1.8 1009.5 31.1
12:12:28.890 0.0 0.0 1.8 1009.5 31.1
12:12:28.937 0.0 0.0 1.5 1009.6 27.0
12:12:28.968 0.0 0.0 1.3 1019.7 23.1
12:12:29.015 0.0 0.0 1.1 1009.8 18.8
12:12:29.031 0.0 0.0 0.8 1009.9 14.5
12:12:29.078 0.0 0.0 0.8 1009.9 14.5
12:12:29.125 0.0 0.0 0.6 1009.9 10.6
12:12:29.171 0.0 0.0 0.4 1010.0 6.4
12:12:29.203 0.0 0.0 0.1 1010.0 2.2
12:12:29.250 0.0 0.0 -0.1 1010.0 -1.9
12:12:29.296 0.0 0.0 -0.4 1020.0 -7.0
12:12:29.343 0.0 0.0 -0.6 1009.9 -11.3
12:12:29.375 0.0 0.0 -0.6 1009.9 -11.3
12:12:29.421 0.0 0.0 -0.9 1019.9 -15.8
12:12:29.468 0.0 0.0 -1.1 1029.8 -20.1
12:12:29.515 0.0 0.0 -1.4 1029.7 -24.3
12:12:29.562 0.0 0.0 -1.6 1029.6 -28.5
12:12:29.593 0.0 0.0 -1.8 1039.5 -33.1
12:12:29.640 0.0 0.0 -2.1 1029.3 -36.9
12:12:29.687 0.0 0.0 -2.3 1029.2 -41.2
12:12:29.734 0.0 0.0 -2.5 1029.0 -45.4
12:12:29.781 0.0 0.0 -2.8 1028.8 -49.7
12:12:29.828 0.0 0.0 -3.0 1038.6 -54.2
12:12:29.859 0.0 0.0 -3.0 1038.6 -54.2
12:12:29.906 0.0 0.0 -3.2 1038.4 -58.5
12:12:29.953 0.0 0.0 -3.5 1038.1 -62.8
12:12:29.984 0.0 0.0 -3.7 1037.8 -67.4
12:12:30.031 0.0 0.0 -3.9 1037.6 -71.2
12:12:30.078 0.0 0.0 -4.2 1037.3 -75.6
12:12:30.125 0.0 0.0 -4.4 1056.9 -81.3
12:12:30.156 0.0 0.0 -4.6 1056.6 -85.4
12:12:30.203 0.0 0.0 -4.9 1056.2 -89.9
12:12:30.250 0.0 0.0 -4.9 1056.2 -89.9
12:12:30.281 0.0 0.0 -5.1 1055.8 -94.2
12:12:30.328 0.0 0.0 -5.3 1075.3 -100.5
12:12:30.375 0.0 0.0 -5.6 1055.0 -102.6
12:12:30.421 0.0 0.0 -5.8 1054.6 -106.9
12:12:30.453 0.0 0.0 -6.0 1054.1 -111.3
12:12:30.500 0.0 0.0 -6.3 1063.6 -116.7
12:12:30.546 0.0 0.0 -6.5 1063.1 -121.2
12:12:30.593 0.0 0.0 -6.7 1082.5 -127.9
12:12:30.640 0.0 0.0 -7.0 1081.9 -132.4
12:12:30.687 0.0 0.0 -7.2 1081.4 -136.7
12:12:30.718 0.0 0.0 -7.2 1081.4 -136.7
12:12:30.765 0.0 0.0 -7.4 1080.8 -141.0
12:12:30.812 0.0 0.0 -7.7 1060.4 -142.7
12:12:30.843 0.0 0.0 -7.9 1059.8 -147.2
12:12:30.906 0.0 0.0 -8.2 1059.1 -152.4
12:12:30.937 0.0 0.0 -8.4 1058.4 -157.1
12:12:30.984 0.0 0.0 -8.4 1058.4 -157.1
12:12:31.031 0.0 0.0 -8.7 1067.6 -163.0
12:12:31.062 0.0 0.0 -8.9 1066.9 -167.4
12:12:31.109 0.0 0.0 -9.2 1066.2 -171.8
12:12:31.156 0.0 0.0 -9.4 1065.6 -176.0
12:12:31.187 0.0 0.0 -9.6 1064.8 -180.4
12:12:31.234 0.0 0.0 -9.8 1083.8 -188.2
12:12:31.265 0.0 0.0 -9.8 1064.1 -184.8
12:12:31.312 0.0 0.0 -10.1 1063.3 -189.1
12:12:31.359 0.0 0.0 -10.3 1082.2 -197.1
12:12:31.390 0.0 0.0 -10.6 1081.4 -201.5
12:12:31.437 0.0 0.0 -10.8 1070.7 -204.0
12:12:31.484 0.0 0.0 -11.0 1079.7 -210.4
12:12:31.500 0.0 0.0 -11.0 1079.7 -210.4
12:12:31.546 0.0 0.0 -11.2 1069.1 -212.6
12:12:31.593 0.0 0.0 -11.5 1078.0 -219.0
12:12:31.640 0.0 0.0 -11.7 1077.0 -223.6
12:12:31.671 0.0 0.0 -12.0 1076.1 -227.9
12:12:31.718 0.0 0.0 -12.2 1085.0 -234.5
12:12:31.765 0.0 0.0 -12.4 1093.7 -241.1
12:12:31.812 0.0 0.0 -12.7 1092.7 -245.6
12:12:31.843 0.0 0.0 -12.9 1091.7 -250.0
12:12:31.890 0.0 0.0 -12.9 1091.7 -250.0
12:12:31.937 0.0 0.0 -13.1 1090.8 -254.2
12:12:31.984 0.0 0.0 -13.4 1089.7 -258.7
12:12:32.031 0.0 0.0 -13.6 1088.6 -263.2
12:12:32.062 0.0 0.0 -13.8 1087.6 -267.6
12:12:32.093 0.0 0.0 -14.1 1086.5 -272.0
12:12:32.171 0.0 0.0 -14.3 1172.5 -298.9
12:12:36.859 0.0 0.0 -37.3 930.7 -709.0
12:12:36.906 0.0 0.0 -37.5 872.2 -670.2
12:12:36.921 0.0 0.0 -37.5 872.2 -670.2
12:12:36.968 0.0 0.0 -37.8 877.5 -679.7
12:12:37.015 0.0 0.0 -38.0 772.3 -603.3
12:12:37.062 0.0 0.0 -38.2 816.9 -643.6
12:12:37.093 0.0 0.0 -38.5 775.1 -615.9
12:12:37.140 0.0 0.0 -38.7 772.7 -619.0
12:12:37.187 0.0 0.0 -38.9 770.1 -622.1
12:12:37.234 0.0 0.0 -39.2 767.5 -625.3
12:12:37.265 0.0 0.0 -39.2 767.5 -625.3
12:12:37.312 0.0 0.0 -39.4 765.0 -628.4
12:12:37.359 0.0 0.0 -39.6 754.7 -625.1
12:12:37.390 0.0 0.0 -39.9 744.4 -621.9
12:12:37.437 0.0 0.0 -40.1 749.6 -631.3
12:12:37.484 0.0 0.0 -40.3 739.4 -627.8
12:12:37.515 0.0 0.0 -40.6 736.9 -630.8
12:12:37.546 0.0 0.0 -40.6 736.9 -630.8
12:12:37.593 0.0 0.0 -40.8 719.1 -620.8
12:12:37.640 0.0 0.0 -41.0 708.9 -617.3
12:12:37.687 0.0 0.0 -41.3 714.0 -626.7
12:12:37.703 0.0 0.0 -41.5 711.4 -629.6
12:12:37.750 0.0 0.0 -41.5 703.9 -622.9
12:12:37.796 0.0 0.0 -41.7 708.8 -632.5
12:12:37.828 0.0 0.0 -42.0 713.7 -642.0
12:12:37.875 0.0 0.0 -42.2 711.0 -645.0
12:12:37.921 0.0 0.0 -42.4 708.4 -647.9
12:12:37.968 0.0 0.0 -42.7 720.5 -664.2
12:12:38.015 0.0 0.0 -42.9 703.1 -653.7
12:12:38.046 0.0 0.0 -43.1 700.4 -656.5
12:12:38.078 0.0 0.0 -43.1 678.5 -636.0
12:12:38.125 0.0 0.0 -43.4 676.0 -638.7
12:12:38.171 0.0 0.0 -43.6 673.3 -641.5
12:12:38.203 0.0 0.0 -43.9 670.6 -644.4
12:12:38.250 0.0 0.0 -44.1 668.0 -647.1
12:12:38.296 0.0 0.0 -44.3 665.3 -649.8
12:12:38.343 0.0 0.0 -44.5 662.8 -652.4
12:12:38.375 0.0 0.0 -44.8 653.0 -648.1
12:12:38.421 0.0 0.0 -45.0 650.4 -650.7
12:12:38.468 0.0 0.0 -45.0 650.4 -650.7
12:12:38.515 0.0 0.0 -45.3 647.6 -653.4
12:12:38.546 0.0 0.0 -45.5 644.9 -656.1
12:12:38.578 0.0 0.0 -45.7 670.2 -687.4
12:12:38.609 0.0 0.0 -45.7 670.2 -687.4
12:12:38.656 0.0 0.0 -46.0 681.4 -704.4
12:12:38.703 0.0 0.0 -46.2 664.7 -692.6
12:12:38.750 0.0 0.0 -46.4 661.9 -695.4
12:12:38.781 0.0 0.0 -46.7 672.7 -712.7
12:12:38.828 0.0 0.0 -46.9 663.0 -708.1
12:12:38.875 0.0 0.0 -47.1 660.1 -710.8
12:12:38.921 0.0 0.0 -47.4 657.2 -713.4
12:12:38.953 0.0 0.0 -47.6 661.0 -723.5
12:12:39.000 0.0 0.0 -47.6 654.3 -716.1
12:12:39.046 0.0 0.0 -47.9 650.5 -719.5
12:12:39.093 0.0 0.0 -48.1 627.4 -700.0
12:12:39.125 0.0 0.0 -48.4 624.5 -702.6
12:12:39.171 0.0 0.0 -48.6 621.5 -705.2
12:12:39.234 0.0 0.0 -48.8 631.9 -722.7
12:12:39.265 0.0 0.0 -49.1 628.9 -725.3
12:12:39.312 0.0 0.0 -49.3 652.1 -758.1
12:12:39.328 0.0 0.0 -49.3 671.7 -780.9
12:12:39.375 0.0 0.0 -49.5 661.9 -776.1
12:12:39.421 0.0 0.0 -49.8 665.3 -786.3
12:12:39.468 0.0 0.0 -50.0 713.5 -850.3
12:12:39.500 0.0 0.0 -50.2 709.9 -853.3
12:12:44.437 0.0 0.0 -74.3 334.7 -1194.0
12:12:44.515 0.0 0.0 -74.6 328.9 -1195.6
12:12:44.562 0.0 0.0 -74.9 310.2 -1148.8
12:12:44.609 0.0 0.0 -75.1 313.6 -1179.0
12:12:44.656 0.0 0.0 -75.3 313.7 -1199.7
12:12:44.687 0.0 0.0 -75.6 298.9 -1162.2
12:12:44.734 0.0 0.0 -75.6 303.8 -1181.6
12:12:44.765 0.0 0.0 -75.8 293.9 -1163.4
12:12:44.796 0.0 0.0 -76.1 289.3 -1164.6
12:12:44.843 0.0 0.0 -76.3 284.7 -1165.7
12:12:44.890 0.0 0.0 -76.5 286.9 -1196.1
12:12:44.937 0.0 0.0 -76.8 275.0 -1168.1
12:12:44.968 0.0 0.0 -77.0 270.2 -1169.2
12:12:45.015 0.0 0.0 -77.0 270.2 -1169.2
12:12:45.062 0.0 0.0 -77.2 265.3 -1170.3
12:12:45.093 0.0 0.0 -77.5 264.9 -1190.9
12:12:45.140 0.0 0.0 -77.7 258.1 -1182.2
12:12:45.187 0.0 0.0 -77.9 251.2 -1173.4
12:12:45.234 0.0 0.0 -78.1 248.5 -1184.2
12:12:45.281 0.0 0.0 -78.4 247.8 -1204.8
12:12:45.312 0.0 0.0 -78.6 242.7 -1205.8
12:12:45.578 0.0 0.0 -79.8 219.6 -1220.4
