Лабораторная работа 1. Анализ сенсорных данных об объекте

Маршрут: шестиугольник
Направление движения: против часовой стрелки
Скорость движения: 50.0 мм/с
Рабочий дальномер: левый (Rf_L)

Выходная информация: положение робота, координаты точек объекта

          Time   X_rob   Y_rob  Ang_rob   X_obj   Y_obj
  чч:мм:сс.ссс      мм      мм     град      мм      мм
  16:15:49.468   644.9     3.0     -0.3   531.2  1244.6
  16:15:49.515   647.1     3.0     -0.3   531.9   944.6
  16:15:49.546   647.1     3.0     -0.3   531.9   944.6
  16:15:49.593   649.5     3.0     -0.3   534.0   884.6
  16:15:49.640   651.9     3.0     -0.3   536.4   884.6
  16:15:49.687   655.0     3.0     -0.3   539.5   884.6
  16:15:49.718   657.3     3.0     -0.3   541.7   874.6
  16:15:49.765   657.3     3.0     -0.3   541.6   864.6
  16:15:49.812   659.6     3.0     -0.3   543.9   864.6
  16:15:49.859   662.5     3.0     -0.3   546.8   864.6
  16:15:49.890   665.2     2.9     -0.3   549.6   854.5
  16:15:49.937   667.4     2.9     -0.3   551.8   854.5
  16:15:49.984   669.7     2.9     -0.3   554.0   844.5
  16:15:50.031   672.1     2.9     -0.3   556.3   844.5
  16:15:50.062   674.4     2.9     -0.3   558.6   844.5
  16:15:50.109   674.4     2.9     -0.3   558.6   844.5
  16:15:50.156   676.8     2.9     -0.3   561.1   844.5
  16:15:50.203   679.1     2.9     -0.3   563.4   854.5
  16:15:50.234   681.5     2.9     -0.3   565.8   854.5
  16:15:50.281   683.8     2.8     -0.3   568.1   844.4
  16:15:50.328   686.1     2.8     -0.3   570.4   854.4
  16:15:50.375   688.4     2.8     -0.3   572.7   854.4
  16:15:50.421   690.8     2.8     -0.3   575.1   854.4
  16:15:50.453   690.8     2.8     -0.3   575.1   854.4
  16:15:50.500   694.0     2.8     -0.3   578.3   854.4
  16:15:50.546   696.2     2.8     -0.3   580.6   854.4
  16:15:50.578   698.6     2.8     -0.3   582.9   854.4
  16:15:50.625   700.9     2.8     -0.3   585.1   844.4
  16:15:50.671   703.2     2.7     -0.3   587.5   844.3
  16:15:50.718   705.6     2.7     -0.3   589.9   854.3
  16:15:50.765   708.0     2.7     -0.3   592.3   844.3
  16:15:50.796   710.3     2.7     -0.3   594.5   834.3
  16:15:50.843   710.3     2.7     -0.3   594.6   844.3
  16:15:50.890   712.6     2.7     -0.3   596.8   834.3
  16:15:50.937   715.0     2.7     -0.3   599.2   834.3
  16:15:50.968   717.4     2.7     -0.3   601.6   834.3
  16:15:51.015   719.6     2.7     -0.3   603.8   824.3
  16:15:51.062   722.0     2.7     -0.3   606.2   814.3
  16:15:51.109   724.4     2.6     -0.3   608.5   814.2
  16:15:51.140   726.6     2.6     -0.3   610.5   774.2
  16:15:51.187   729.1     2.6     -0.3   612.8   744.2
  16:15:51.234   729.1     2.6     -0.3   612.8   744.2
  16:15:51.281   731.5     2.6     -0.3   615.2   724.2
  16:15:51.312   733.8     2.6     -0.3   617.4   724.2
  16:15:51.359   736.1     2.6     -0.3   619.8   724.2
  16:15:51.406   738.4     2.6     -0.3   622.1   724.2
  16:15:51.453   740.7     2.6     -0.3   624.3   714.2
  16:15:51.500   743.1     2.5     -0.3   626.7   714.1
  16:15:51.531   745.3     2.5     -0.3   629.0   724.1
  16:15:51.578   747.7     2.5     -0.3   631.3   714.1
  16:15:51.609   747.7     2.5     -0.3   631.3   714.1
  16:15:51.656   750.0     2.5     -0.3   633.6   714.1
  16:15:51.703   752.5     2.5     -0.3   636.1   714.1
  16:15:51.750   754.8     2.5     -0.3   638.4   714.1
  16:15:51.781   757.1     2.5     -0.3   640.7   714.1
  16:15:51.828   759.4     2.5     -0.3   643.0   714.1
  16:15:51.875   761.8     2.5     -0.3   645.4   714.1
  16:15:51.890   761.8     2.5     -0.3   645.4   714.1
  16:15:51.937   764.1     2.4     -0.3   647.7   704.0
  16:15:51.984   766.4     2.4     -0.3   649.9   704.0
  16:15:52.015   768.8     2.4     -0.3   652.3   704.0
  16:15:52.062   771.1     2.4     -0.3   654.6   704.0
  16:15:52.109   773.4     2.4     -0.3   657.0   704.0
  16:15:52.156   775.7     2.4     -0.3   659.3   704.0
  16:15:52.187   778.1     2.4     -0.3   661.7   704.0
  16:15:52.234   778.1     2.4     -0.3   661.7   704.0
  16:15:52.281   780.5     2.4     -0.3   664.1   704.0
  16:15:52.328   782.8     2.3     -0.3   666.3   693.9
  16:15:52.359   785.1     2.3     -0.3   668.6   693.9
  16:15:52.406   787.5     2.3     -0.3   670.8   663.9
  16:15:52.468   789.8     2.3     -0.3   673.1   653.9
  16:15:52.500   793.0     2.3     -0.3   676.3   653.9
  16:15:52.531   793.0     2.3     -0.3   675.9   583.9
  16:15:52.562   795.2     2.3     -0.3   678.0   553.9
  16:15:52.609   797.6     2.3     -0.3   680.4   553.9
  16:15:52.640   800.0     2.3     -0.3   682.7   543.9
  16:15:52.687   802.4     2.2     -0.3   685.1   543.8
  16:15:52.734   804.6     2.2     -0.3   687.4   543.8
  16:15:52.781   804.6     2.2     -0.3   687.4   543.8
  16:15:52.828   807.0     2.2     -0.3   689.7   543.8
  16:15:52.859   809.3     2.2     -0.3   692.1   543.8
  16:15:52.906   811.6     2.2     -0.3   694.4   543.8
  16:15:52.953   814.0     2.2     -0.3   696.8   543.8
  16:15:53.000   816.4     2.2     -0.3   699.1   543.8
  16:15:53.031   818.7     2.2     -0.3   701.4   533.8
  16:15:53.078   818.7     2.2     -0.3   701.4   533.8
  16:15:53.125   821.4     2.2     -0.3   704.1   533.8
  16:15:53.171   824.1     2.1     -0.3   706.8   533.7
  16:15:53.203   826.5     2.1     -0.3   709.2   533.7
  16:15:53.265   828.8     2.1     -0.3   711.5   533.7
  16:15:53.296   831.3     2.1     -0.3   714.0   533.7
  16:15:53.328   833.4     2.1     -0.3   716.1   523.7
  16:15:53.375   835.8     2.1     -0.3   718.4   523.7
  16:15:53.421   835.8     2.1     -0.3   718.4   523.7
  16:15:53.468   838.2     2.1     -0.3   720.8   523.7
  16:15:53.500   840.6     2.1     -0.3   723.2   523.7
  16:15:53.531   842.8     2.0     -0.3   725.5   523.6
  16:15:53.578   845.2     2.0     -0.3   727.9   523.6
  16:15:53.593   845.2     2.0     -0.3   727.9   523.6
  16:15:53.640   847.5     2.0     -0.3   730.1   523.6
  16:15:53.687   849.8     2.0     -0.3   732.5   523.6
  16:15:53.734   852.2     2.0     -0.3   734.9   523.6
  16:15:53.765   854.5     2.0     -0.3   737.2   523.6
  16:15:53.812   856.9     2.0     -0.3   739.5   523.6
  16:15:53.875   859.2     2.0     -0.3   741.8   523.6
  16:15:53.906   861.6     1.9     -0.3   744.2   523.5
  16:15:53.937   861.6     1.9     -0.3   744.2   523.5
  16:15:53.984   863.9     1.9     -0.3   746.5   523.5
  16:15:54.031   866.2     1.9     -0.3   748.8   513.5
  16:15:54.078   868.5     1.9     -0.3   751.1   513.5
  16:15:54.125   870.9     1.9     -0.3   753.5   513.5
  16:15:54.156   873.2     1.9     -0.3   755.8   513.5
  16:15:54.203   875.5     1.9     -0.3   758.1   513.5
  16:15:54.250   877.9     1.9     -0.3   760.5   513.5
  16:15:54.296   880.3     1.9     -0.3   762.9   513.5
  16:15:54.328   882.5     1.8     -0.3   765.1   513.4
  16:15:54.375   884.9     1.8     -0.3   767.5   513.4
  16:15:54.421   884.9     1.8     -0.3   767.5   503.4
  16:15:54.484   887.3     1.8     -0.3   769.9   503.4
  16:15:54.515   890.4     1.8     -0.3   772.9   503.4
  16:15:54.546   893.7     1.8     -0.3   776.2   503.4
  16:15:54.593   893.7     1.8     -0.3   776.2   503.4
  16:15:54.640   895.8     1.8     -0.3   778.4   503.4
  16:15:54.687   898.2     1.8     -0.3   780.7   503.4
  16:15:54.718   900.5     1.7     -0.3   783.1   503.4
  16:15:54.765   903.0     1.7     -0.3   785.5   503.3
  16:15:54.812   905.2     1.7     -0.3   787.7   503.3
  16:15:54.859   907.6     1.7     -0.3   790.1   493.3
  16:15:54.890   909.8     1.7     -0.3   792.3   493.3
  16:15:54.937   912.3     1.7     -0.3   794.7   493.3
  16:15:54.984   914.6     1.7     -0.3   797.1   493.3
  16:15:55.031   914.6     1.7     -0.3   797.1   493.3
  16:15:55.093   916.9     1.7     -0.3   799.4   493.3
  16:15:55.109   919.2     1.7     -0.3   801.7   493.3
  16:15:55.156   922.4     1.6     -0.3   804.9   493.2
  16:15:55.187   924.8     1.6     -0.3   807.2   493.2
  16:15:55.234   924.8     1.6     -0.3   807.2   493.2
  16:15:55.281   927.0     1.6     -0.3   809.5   493.2
  16:15:55.328   929.5     1.6     -0.3   812.0   493.2
  16:15:55.359   931.6     1.6     -0.3   814.1   493.2
  16:15:55.406   934.1     1.6     -0.3   816.6   493.2
  16:15:55.453   936.4     1.6     -0.3   818.9   493.2
  16:15:55.500   938.8     1.6     -0.3   821.3   493.2
  16:15:55.546   941.1     1.5     -0.3   823.6   493.1
  16:15:55.593   943.4     1.5     -0.3   825.8   493.1
  16:15:55.625   945.8     1.5     -0.3   828.3   493.1
  16:15:55.671   948.1     1.5     -0.3   830.6   493.1
  16:15:57.937  1056.5     1.0     -0.3   939.0   492.6
  16:15:57.984  1059.3     0.9     -0.3   941.8   492.5
  16:15:58.031  1061.9     0.9     -0.3   944.4   492.5
  16:15:58.062  1064.3     0.9     -0.3   946.9   502.5
  16:15:58.109  1066.6     0.9     -0.3   949.1   502.5
  16:15:58.156  1069.0     0.9     -0.3   951.5   502.5
  16:15:58.203  1071.3     0.9     -0.3   954.0   522.5
  16:15:58.234  1071.3     0.9     -0.3   954.0   522.5
  16:15:58.281  1073.5     0.9     -0.3   956.2   522.5
  16:15:58.328  1076.0     0.9     -0.3   958.7   532.5
  16:15:58.375  1078.3     0.8     -0.3   961.1   542.4
  16:15:58.406  1080.6     0.8     -0.3   963.4   542.4
  16:15:58.453  1083.0     0.8     -0.3   965.8   552.4
  16:15:58.500  1085.3     0.8     -0.3   968.1   552.4
  16:15:58.546  1087.6     0.8     -0.3   970.4   552.4
  16:15:58.578  1087.6     0.8     -0.3   970.4   562.4
  16:15:58.625  1090.7     0.8     -0.3   973.6   572.4
  16:15:58.656  1093.1     0.8     -0.3   976.0   572.4
  16:15:58.703  1095.5     0.8     -0.3   978.6   612.4
  16:15:58.750  1097.9     0.7     -0.3   981.3   672.3
  16:15:58.796  1100.1     0.7     -0.3   983.5   672.3
  16:15:58.828  1102.4     0.7     -0.3   988.1  1132.3
  16:16:13.718  1384.4   307.3     60.0   466.1   698.6
  16:16:13.750  1385.6   309.2     60.0   571.1   640.5
  16:16:13.796  1386.8   311.3     60.0   572.3   642.6
  16:16:13.843  1386.8   311.3     60.0   702.3   567.7
  16:16:13.890  1388.0   313.4     60.0   703.5   569.7
  16:16:13.921  1389.1   315.3     60.0   704.6   571.7
  16:16:13.968  1390.3   317.4     60.0   844.4   493.9
  16:16:14.015  1391.4   319.4     60.0   854.2   490.8
  16:16:14.062  1392.6   321.4     60.0   855.4   492.8
  16:16:14.093  1393.8   323.5     60.0   891.2   474.9
  16:16:15.125  1418.7   366.7     60.0   933.5   508.2
  16:16:15.171  1419.9   368.7     60.0   934.6   510.1
  16:16:15.265  1422.2   372.7     60.0   936.9   514.2
  16:16:15.296  1423.4   374.7     60.0   938.1   516.2
  16:16:15.343  1424.6   376.9     60.0   939.3   518.3
  16:16:15.390  1424.6   376.9     60.0   939.3   518.3
  16:16:15.437  1425.7   378.8     60.0   940.4   520.2
  16:16:15.515  1428.1   382.9     60.0   942.8   524.3
  16:16:15.562  1429.3   385.0     60.0   944.0   526.4
  16:16:15.609  1430.4   387.0     60.0   945.1   528.4
  16:16:15.640  1431.6   389.0     60.0   946.3   530.4
  16:16:15.687  1432.8   391.1     60.0   947.5   532.5
  16:16:15.734  1433.9   393.0     60.0   948.6   534.5
  16:16:15.781  1435.0   395.0     60.0   949.8   536.4
  16:16:15.828  1436.2   397.1     60.0   951.0   538.5
  16:16:15.859  1436.2   397.1     60.0   951.0   538.5
  16:16:15.906  1437.4   399.1     60.0   952.2   540.6
  16:16:15.953  1438.6   401.2     60.0   953.3   542.6
  16:16:16.000  1439.8   403.2     60.0   954.5   544.6
  16:16:16.031  1441.0   405.4     60.0   955.8   546.8
  16:16:16.078  1442.5   407.9     60.0   957.2   549.3
  16:16:16.125  1442.5   407.9     60.0   957.2   549.3
  16:16:16.171  1443.6   409.9     60.0   958.4   551.3
  16:16:16.218  1444.8   411.9     60.0   959.6   553.4
  16:16:16.250  1446.2   414.4     60.0   961.0   555.8
  16:16:16.296  1447.1   416.0     60.0   961.9   557.4
  16:16:16.312  1448.4   418.1     60.0   963.1   559.5
  16:16:16.359  1448.4   418.1     60.0   963.1   559.5
  16:16:16.406  1449.5   420.0     60.0   964.2   561.4
  16:16:16.453  1450.7   422.1     60.0   965.4   563.5
  16:16:16.484  1451.9   424.1     60.0   966.6   565.6
  16:16:16.531  1453.0   426.2     60.0   959.1   572.6
  16:16:16.578  1454.2   428.2     60.0   960.3   574.6
  16:16:16.625  1455.4   430.2     60.0   961.5   576.7
  16:16:16.671  1456.5   432.1     60.0   953.9   583.5
  16:16:16.703  1457.6   434.2     60.0   963.7   580.6
  16:16:16.750  1458.8   436.2     60.0   964.9   582.6
  16:16:16.796  1458.8   436.2     60.0   964.9   582.6
  16:16:16.828  1460.0   438.3     60.0   974.7   579.7
  16:16:16.875  1461.2   440.3     60.0   975.9   581.8
  16:16:16.921  1462.4   442.4     60.0   977.1   583.8
  16:16:16.968  1463.5   444.4     60.0   969.6   590.8
  16:16:17.015  1464.7   446.4     60.0   970.8   592.8
  16:16:17.046  1465.9   448.5     60.0   954.6   604.9
  16:16:17.093  1467.0   450.5     60.0   947.1   611.9
  16:16:17.140  1468.2   452.5     60.0   948.3   613.9
  16:16:17.171  1469.4   454.5     60.0   862.8   665.8
  16:16:17.218  1469.4   454.5     60.0   862.8   665.8
  16:16:17.265  1470.5   456.5     60.0   864.0   667.9
  16:16:17.312  1471.7   458.5     60.0   847.9   679.9
  16:16:17.343  1472.9   460.6     60.0   849.0   681.9
  16:16:17.390  1474.1   462.6     60.0   850.2   684.0
  16:16:17.437  1475.2   464.6     60.0   851.3   685.9
  16:16:17.484  1476.4   466.7     60.0   852.6   688.1
  16:16:17.515  1477.5   468.6     60.0   853.7   690.0
  16:16:17.562  1478.7   470.7     60.0   854.9   692.1
  16:16:17.609  1479.9   472.7     60.0   856.0   694.1
  16:16:17.640  1479.9   472.7     60.0   856.0   694.1
  16:16:17.671  1481.0   474.7     60.0   857.2   696.1
  16:16:17.703  1482.2   476.7     60.0   858.3   698.1
  16:16:17.734  1482.2   476.7     60.0   858.3   698.1
  16:16:17.781  1483.4   478.8     60.0   859.5   700.2
  16:16:17.828  1484.6   480.9     60.0   860.7   702.2
  16:16:17.875  1485.8   483.0     60.0   862.0   704.4
  16:16:17.906  1486.9   484.9     60.0   863.1   706.3
  16:16:17.953  1488.1   486.9     60.0   864.2   708.3
  16:16:18.000  1489.2   488.9     60.0   865.4   710.3
  16:16:18.046  1490.4   490.9     60.0   866.5   712.3
  16:16:18.093  1491.6   493.1     60.0   867.8   714.4
  16:16:18.125  1491.6   493.1     60.0   867.8   714.4
  16:16:18.171  1492.7   495.0     60.0   868.9   716.3
  16:16:18.218  1493.9   497.0     60.0   870.1   718.4
  16:16:18.265  1495.1   499.0     60.0   871.2   720.4
  16:16:18.296  1496.2   501.0     60.0   872.4   722.4
  16:16:18.343  1497.5   503.2     60.0   873.6   724.5
  16:16:18.390  1498.6   505.1     60.0   874.7   726.5
  16:16:18.437  1499.8   507.2     60.0   875.9   728.5
  16:16:18.468  1501.0   509.3     60.0   877.1   730.7
  16:16:18.515  1501.0   509.3     60.0   877.1   730.7
  16:16:18.562  1502.1   511.2     60.0   878.2   732.6
  16:16:18.609  1503.3   513.3     60.0   888.1   729.6
  16:16:18.640  1504.4   515.2     60.0   889.2   731.6
  16:16:18.671  1504.4   515.2     60.0   889.2   731.6
  16:16:18.718  1505.6   517.3     60.0   890.4   733.6
  16:16:18.765  1507.1   519.9     60.0   891.9   736.3
  16:16:18.812  1508.3   522.0     60.0   884.5   743.4
  16:16:18.843  1509.5   524.0     60.0   885.6   745.4
  16:16:18.890  1509.5   524.0     60.0   885.6   745.4
  16:16:18.921  1511.0   526.6     60.0   887.1   748.0
  16:16:18.953  1512.3   528.8     60.0   888.4   750.2
  16:16:19.000  1513.4   530.8     60.0   889.6   752.2
  16:16:19.062  1514.6   532.9     60.0   890.8   754.3
  16:16:19.078  1515.7   534.8     60.0   891.9   756.2
  16:16:19.125  1515.7   534.8     60.0   891.9   756.2
  16:16:19.171  1516.9   536.9     60.0   893.0   758.3
  16:16:19.203  1518.0   538.8     60.0   894.2   760.2
  16:16:19.250  1519.2   540.9     60.0   895.4   762.3
  16:16:19.296  1520.4   543.0     60.0   896.6   764.3
  16:16:19.343  1521.6   545.0     60.0   897.7   766.4
  16:16:19.390  1522.8   547.0     60.0   898.9   768.4
  16:16:19.421  1523.9   549.1     60.0   900.1   770.5
  16:16:19.468  1523.9   549.1     60.0   900.1   770.5
  16:16:19.515  1525.1   551.1     60.0   901.2   772.4
  16:16:19.562  1526.6   553.7     60.0   902.8   775.1
  16:16:19.593  1527.8   555.8     60.0   904.0   777.2
  16:16:19.640  1528.9   557.8     60.0   905.1   779.1
  16:16:19.687  1530.4   560.3     60.0   906.6   781.7
  16:16:19.734  1530.4   560.3     60.0   906.6   781.7
  16:16:19.781  1531.7   562.6     60.0   907.9   784.0
  16:16:19.812  1532.9   564.6     60.0   909.1   786.0
  16:16:19.859  1534.0   566.6     60.0   901.5   793.0
  16:16:19.906  1535.2   568.7     60.0   902.7   795.0
  16:16:19.937  1536.4   570.7     60.0   903.9   797.1
  16:16:19.984  1537.5   572.6     60.0   905.0   799.0
  16:16:20.031  1538.7   574.7     60.0   906.2   801.1
  16:16:20.078  1539.9   576.7     60.0   907.4   803.1
  16:16:20.109  1539.9   576.7     60.0   924.7   793.1
  16:16:20.156  1541.1   578.7     60.0   925.9   795.1
  16:16:20.203  1542.2   580.7     60.0   918.3   802.1
  16:16:20.234  1543.4   582.8     60.0   919.5   804.1
  16:16:20.281  1544.5   584.8     60.0   920.7   806.1
  16:16:20.328  1545.7   586.9     60.0   921.9   808.3
  16:16:20.359  1547.0   589.0     60.0   923.1   810.4
  16:16:20.406  1548.1   591.0     60.0   924.3   812.4
  16:16:20.453  1549.3   593.0     60.0   925.4   814.4
  16:16:20.500  1549.3   593.0     60.0   925.4   814.4
  16:16:20.546  1550.4   594.9     60.0   926.5   816.3
  16:16:20.578  1551.6   597.0     60.0   919.1   823.4
  16:16:20.609  1552.7   598.9     60.0   928.9   820.3
  16:16:20.656  1553.9   601.0     60.0   930.0   822.3
  16:16:20.703  1555.1   603.1     60.0   931.2   824.4
  16:16:20.734  1556.4   605.3     60.0   923.9   831.7
  16:16:20.781  1556.4   605.3     60.0   923.9   831.7
  16:16:20.828  1557.5   607.2     60.0   924.9   833.6
  16:16:20.875  1558.6   609.1     60.0   926.1   835.5
  16:16:20.906  1559.7   611.1     60.0   935.9   832.5
  16:16:20.984  1562.1   615.3     60.0   929.6   841.7
  16:16:21.031  1563.3   617.3     60.0   930.8   843.6
  16:16:21.078  1564.5   619.4     60.0   932.0   845.8
  16:16:21.125  1565.6   621.3     60.0   933.1   847.7
  16:16:21.171  1565.6   621.3     60.0   933.1   847.7
  16:16:21.203  1566.8   623.3     60.0   934.2   849.7
  16:16:21.250  1568.0   625.4     60.0   918.1   861.7
  16:16:21.281  1569.1   627.4     60.0   910.6   868.8
  16:16:21.328  1570.3   629.4     60.0   911.8   870.8
  16:16:21.375  1571.5   631.5     60.0   869.7   897.8
  16:16:21.406  1572.6   633.5     60.0   827.5   924.8
  16:16:21.453  1573.8   635.6     60.0   828.7   926.9
  16:16:21.531  1575.0   637.5     60.0   725.9   988.8
  16:16:21.546  1575.0   637.5     60.0   699.9  1003.8
  16:16:21.593  1576.5   640.1     60.0   701.4  1006.4
  16:16:21.609  1577.7   642.2     60.0   676.6  1023.5
  16:16:21.656  1577.7   642.2     60.0   668.0  1028.5
  16:16:21.703  1578.9   644.3     60.0   669.2  1030.6
  16:16:21.750  1580.0   646.3     60.0   670.3  1032.6
  16:16:21.781  1581.2   648.3     60.0   688.8  1024.6
  16:16:21.812  1582.4   650.4     60.0   690.0  1026.7
  16:16:21.859  1583.6   652.4     60.0   665.2  1043.7
  16:16:21.906  1583.6   652.4     60.0   656.5  1048.7
  16:16:21.953  1584.7   654.4     60.0   692.3  1030.7
  16:16:21.984  1585.9   656.4     60.0   667.5  1047.7
  16:16:22.031  1587.1   658.5     60.0   660.1  1054.8
  16:16:22.062  1588.2   660.5     60.0   661.2  1056.8
  16:16:22.125  1589.4   662.5     60.0   662.3  1058.7
  16:16:22.156  1590.5   664.5     60.0   663.5  1060.8
  16:16:22.203  1591.7   666.6     60.0   664.7  1062.9
  16:16:22.234  1591.7   666.6     60.0   630.1  1082.9
  16:16:22.281  1592.9   668.6     60.0   631.2  1084.9
  16:16:22.328  1594.0   670.6     60.0   632.4  1086.9
  16:16:22.359  1595.6   673.2     60.0   616.6  1099.5
  16:16:22.406  1596.8   675.3     60.0   617.8  1101.6
  16:16:22.453  1598.0   677.4     60.0   619.0  1103.6
  16:16:22.500  1599.1   679.3     60.0   620.1  1105.6
  16:16:22.546  1599.1   679.3     60.0   611.4  1110.6
  16:16:22.578  1600.3   681.4     60.0   612.6  1112.6
  16:16:22.625  1601.5   683.4     60.0   605.1  1119.7
  16:16:22.671  1602.6   685.5     60.0   606.3  1121.7
  16:16:22.718  1603.8   687.5     60.0   616.2  1118.8
  16:16:22.765  1605.2   690.0     60.0   617.6  1121.2
  16:16:22.812  1606.5   692.2     60.0   627.5  1118.5
  16:16:22.843  1606.5   692.2     60.0   644.9  1108.5
  16:16:22.890  1607.7   694.2     60.0   646.0  1110.5
  16:16:22.937  1608.9   696.3     60.0   664.5  1102.6
  16:16:22.968  1610.3   698.7     60.0   665.9  1105.0
  16:16:23.015  1611.2   700.3     60.0   666.8  1106.5
  16:16:23.062  1612.4   702.4     60.0   711.4  1083.7
  16:16:23.109  1613.5   704.4     60.0   712.5  1085.7
  16:16:23.140  1614.8   706.6     60.0   705.1  1092.8
  16:16:23.187  1615.9   708.4     60.0   714.8  1089.7
  16:16:23.234  1617.0   710.4     60.0   716.0  1091.7
  16:16:23.281  1618.2   712.4     60.0   717.2  1093.7
  16:16:23.312  1618.2   712.4     60.0   734.5  1083.7
  16:16:23.359  1619.4   714.5     60.0   744.4  1080.8
  16:16:23.406  1620.9   717.2     60.0   745.9  1083.5
  16:16:23.453  1622.1   719.3     60.0   747.1  1085.6
  16:16:23.484  1623.2   721.2     60.0   748.2  1087.5
  16:16:23.531  1623.2   721.2     60.0   748.2  1087.5
  16:16:23.578  1624.4   723.3     60.0   749.4  1089.6
  16:16:23.625  1625.6   725.3     60.0   750.6  1091.6
  16:16:23.656  1626.8   727.3     60.0   751.7  1093.6
  16:16:23.703  1627.9   729.3     60.0   761.5  1090.6
  16:16:23.750  1629.1   731.4     60.0   762.7  1092.7
  16:16:23.796  1630.2   733.3     60.0   763.9  1094.7
  16:16:23.843  1631.5   735.5     60.0   782.4  1086.8
  16:16:23.875  1632.6   737.5     60.0   783.6  1088.8
  16:16:23.921  1633.8   739.5     60.0   784.8  1090.8
  16:16:23.968  1635.0   741.5     60.0   803.2  1082.9
  16:16:24.015  1636.1   743.5     60.0   804.4  1084.9
  16:16:24.046  1636.1   743.5     60.0   804.4  1084.9
  16:16:24.093  1637.3   745.5     60.0   805.5  1086.8
  16:16:24.140  1638.4   747.5     60.0   806.7  1088.8
  16:16:24.187  1639.6   749.6     60.0   807.9  1090.9
  16:16:24.218  1640.8   751.6     60.0   800.4  1097.9
  16:16:24.265  1642.0   753.7     60.0   801.6  1100.0
  16:16:24.312  1643.2   755.7     60.0   802.8  1102.0
  16:16:24.359  1644.3   757.8     60.0   803.9  1104.1
  16:16:24.390  1645.5   759.7     60.0   805.1  1106.1
  16:16:24.437  1645.5   759.7     60.0   796.4  1111.0
  16:16:24.484  1646.6   761.7     60.0   788.9  1118.0
  16:16:24.531  1647.8   763.8     60.0   790.1  1120.1
  16:16:24.578  1649.1   766.0     60.0   765.4  1137.3
  16:16:24.609  1650.2   767.9     60.0   740.5  1154.2
  16:16:24.656  1651.3   769.9     60.0   741.6  1156.2
  16:16:24.703  1652.5   771.9     60.0   612.9  1233.2
  16:16:24.750  1653.7   774.0     60.0   570.8  1260.2
  16:16:24.781  1654.9   776.1     60.0   572.0  1262.3
  16:16:36.171  1614.2  1027.1    120.0   850.9   447.3
  16:16:36.218  1613.1  1029.1    120.0   849.8   449.3
  16:16:36.281  1611.9  1031.1    120.0   848.6   451.3
  16:16:36.328  1610.8  1033.1    120.0   968.7   523.4
  16:16:36.359  1609.4  1035.4    120.0   967.3   525.7
  16:16:36.406  1608.5  1037.1    120.0   957.7   522.4
  16:16:36.453  1607.3  1039.2    120.0   956.5   524.5
  16:16:36.500  1606.1  1041.1    120.0   955.4   526.4
  16:16:36.546  1606.1  1041.1    120.0   955.4   526.4
  16:16:36.578  1604.9  1043.2    120.0   954.2   528.5
  16:16:36.625  1603.8  1045.2    120.0   953.0   530.5
  16:16:36.671  1602.6  1047.3    120.0   951.8   532.6
  16:16:36.718  1601.4  1049.3    120.0   950.6   534.6
  16:16:36.765  1600.2  1051.4    120.0   958.1   541.7
  16:16:36.796  1599.0  1053.4    120.0   956.9   543.7
  16:16:36.843  1597.9  1055.3    120.0   955.8   545.6
  16:16:36.890  1596.8  1057.3    120.0   954.7   547.6
  16:16:36.953  1595.5  1059.5    120.0   953.4   549.8
  16:16:36.968  1595.5  1059.5    120.0   962.1   554.8
  16:16:37.015  1594.0  1062.1    120.0   960.5   557.4
  16:16:37.062  1592.8  1064.1    120.0   959.4   559.4
  16:16:37.109  1591.7  1066.2    120.0   966.9   566.5
  16:16:37.140  1590.5  1068.1    120.0   965.7   568.4
  16:16:37.187  1589.4  1070.2    120.0   964.6   570.5
  16:16:37.234  1588.2  1072.2    120.0   963.4   572.5
  16:16:37.265  1588.2  1072.2    120.0   963.4   572.5
  16:16:37.328  1587.0  1074.3    120.0   962.2   574.6
  16:16:37.343  1585.8  1076.3    120.0   969.6   581.6
  16:16:37.390  1584.7  1078.3    120.0   968.5   583.6
  16:16:37.421  1584.7  1078.3    120.0   968.5   583.6
  16:16:37.468  1583.5  1080.3    120.0   976.0   590.6
  16:16:37.500  1582.3  1082.4    120.0   974.8   592.7
  16:16:37.546  1581.1  1084.5    120.0   973.6   594.8
  16:16:37.593  1580.0  1086.4    120.0   981.1   601.7
  16:16:37.625  1578.8  1088.4    120.0   980.0   603.7
  16:16:37.671  1577.6  1090.4    120.0   978.8   605.7
  16:16:37.703  1577.6  1090.4    120.0   978.8   605.7
  16:16:37.750  1576.5  1092.5    120.0   986.3   612.8
  16:16:37.796  1575.3  1094.5    120.0   985.1   614.8
  16:16:37.843  1574.2  1096.5    120.0   984.0   616.8
  16:16:37.890  1572.9  1098.6    120.0   982.8   618.9
  16:16:37.937  1571.7  1100.6    120.0   981.6   621.0
  16:16:37.968  1570.6  1102.7    120.0   989.0   628.0
  16:16:38.015  1569.5  1104.6    120.0   988.0   629.9
  16:16:38.062  1568.2  1106.7    120.0   986.7   632.0
  16:16:38.109  1567.1  1108.6    120.0   976.9   629.0
  16:16:38.140  1565.9  1110.7    120.0   975.8   631.0
  16:16:38.187  1564.7  1112.8    120.0   974.5   633.1
  16:16:38.234  1564.7  1112.8    120.0   974.5   633.1
  16:16:38.281  1563.6  1114.7    120.0   973.4   635.1
  16:16:38.312  1562.4  1116.8    120.0   972.3   637.1
  16:16:38.375  1561.2  1118.8    120.0   971.0   639.2
  16:16:38.406  1560.0  1121.0    120.0   969.8   641.4
  16:16:38.453  1558.9  1122.9    120.0   960.1   638.2
  16:16:38.500  1557.7  1124.9    120.0   958.9   640.2
  16:16:38.546  1556.5  1126.9    120.0   957.7   642.2
  16:16:38.578  1555.4  1129.0    120.0   956.5   644.3
  16:16:38.625  1555.4  1129.0    120.0   956.5   644.3
  16:16:38.656  1554.2  1131.0    120.0   955.4   646.3
  16:16:38.687  1553.0  1133.0    120.0   954.2   648.3
  16:16:38.734  1551.9  1135.0    120.0   944.4   645.3
  16:16:38.781  1550.7  1137.0    120.0   943.2   647.3
  16:16:38.828  1549.5  1139.1    120.0   942.1   649.4
  16:16:38.875  1548.4  1141.1    120.0   940.9   651.4
  16:16:38.890  1548.4  1141.1    120.0   940.9   651.4
  16:16:38.937  1547.2  1143.1    120.0   931.0   648.4
  16:16:38.984  1546.0  1145.1    120.0   929.9   650.4
  16:16:39.031  1544.9  1147.2    120.0   928.7   652.5
  16:16:39.062  1543.7  1149.2    120.0   927.6   654.5
  16:16:39.109  1542.5  1151.2    120.0   917.7   651.5
  16:16:39.156  1541.3  1153.2    120.0   925.2   658.5
  16:16:39.203  1541.3  1153.2    120.0   925.2   658.5
  16:16:39.234  1540.1  1155.4    120.0   915.3   655.7
  16:16:39.281  1539.0  1157.3    120.0   914.2   657.6
  16:16:39.328  1537.8  1159.3    120.0   913.0   659.6
  16:16:39.375  1536.7  1161.3    120.0   911.9   661.6
  16:16:39.406  1535.5  1163.4    120.0   910.7   663.7
  16:16:39.453  1534.3  1165.4    120.0   900.8   660.7
  16:16:39.500  1533.1  1167.4    120.0   899.7   662.7
  16:16:39.546  1532.0  1169.5    120.0   907.2   669.8
  16:16:39.593  1530.8  1171.5    120.0   906.0   671.8
  16:16:39.625  1530.8  1171.5    120.0   897.3   666.8
  16:16:39.671  1529.7  1173.4    120.0   896.2   668.7
  16:16:39.703  1528.5  1175.5    120.0   895.0   670.8
  16:16:39.765  1527.3  1177.6    120.0   893.8   672.9
  16:16:39.796  1526.1  1179.5    120.0   892.7   674.8
  16:16:39.843  1525.0  1181.6    120.0   891.5   676.9
  16:16:39.890  1523.8  1183.7    120.0   890.3   679.0
  16:16:39.937  1522.6  1185.7    120.0   889.1   681.0
  16:16:39.984  1521.5  1187.6    120.0   879.3   677.9
  16:16:40.015  1521.5  1187.6    120.0   879.3   677.9
  16:16:40.062  1519.9  1190.3    120.0   877.8   680.6
  16:16:40.109  1518.7  1192.4    120.0   876.6   682.7
  16:16:40.140  1517.5  1194.5    120.0   875.4   684.8
  16:16:40.187  1516.4  1196.4    120.0   874.3   686.7
  16:16:40.234  1515.2  1198.5    120.0   873.1   688.8
  16:16:40.265  1514.0  1200.5    120.0   871.9   690.8
  16:16:40.312  1512.9  1202.5    120.0   870.7   692.8
  16:16:40.359  1512.9  1202.5    120.0   870.7   692.8
  16:16:40.406  1511.7  1204.6    120.0   860.9   689.9
  16:16:40.437  1510.3  1207.0    120.0   859.5   692.3
  16:16:40.484  1509.3  1208.6    120.0   858.5   693.9
  16:16:40.531  1508.2  1210.6    120.0   857.4   695.9
  16:16:40.593  1507.0  1212.7    120.0   856.2   697.9
  16:16:40.609  1505.8  1214.8    120.0   855.0   700.1
  16:16:40.656  1504.7  1216.6    120.0   853.9   701.9
  16:16:40.703  1503.5  1218.7    120.0   852.7   704.0
  16:16:40.734  1503.5  1218.7    120.0   852.7   704.0
  16:16:40.796  1501.2  1222.7    120.0   850.4   708.0
  16:16:40.828  1501.2  1222.7    120.0   850.4   708.0
  16:16:40.875  1500.0  1224.7    120.0   840.6   705.0
  16:16:40.921  1498.8  1226.8    120.0   839.4   707.1
  16:16:40.968  1497.7  1228.8    120.0   838.2   709.1
  16:16:41.000  1496.5  1230.8    120.0   837.1   711.1
  16:16:41.046  1495.3  1232.9    120.0   835.9   713.1
  16:16:41.093  1494.1  1235.0    120.0   843.3   720.2
  16:16:41.140  1492.9  1237.0    120.0   842.2   722.3
  16:16:41.171  1491.8  1238.9    120.0   849.7   729.2
  16:16:41.218  1491.8  1238.9    120.0   849.7   729.2
  16:16:41.265  1490.6  1241.0    120.0   848.5   731.3
  16:16:41.312  1489.4  1243.1    120.0   856.0   738.4
  16:16:41.343  1488.3  1245.0    120.0   854.8   740.3
  16:16:41.390  1487.1  1247.0    120.0   853.7   742.3
  16:16:41.437  1485.9  1249.1    120.0   861.1   749.4
  16:16:41.484  1484.7  1251.2    120.0   859.9   751.5
  16:16:41.515  1483.6  1253.1    120.0   858.8   753.4
  16:16:41.562  1482.5  1255.1    120.0   866.3   760.4
  16:16:41.609  1481.3  1257.2    120.0   865.1   762.5
  16:16:41.656  1480.0  1259.3    120.0   863.9   764.6
  16:16:41.687  1480.0  1259.3    120.0   872.6   769.6
  16:16:41.734  1478.9  1261.2    120.0   871.4   771.5
  16:16:41.781  1477.6  1263.5    120.0   870.1   773.8
  16:16:41.828  1476.6  1265.3    120.0   877.7   780.6
  16:16:41.875  1475.4  1267.4    120.0   876.5   782.7
  16:16:41.906  1474.2  1269.4    120.0   875.4   784.7
  16:16:41.953  1473.0  1271.5    120.0   882.8   791.8
  16:16:42.000  1471.9  1273.4    120.0   881.7   793.7
  16:16:42.031  1470.7  1275.4    120.0   880.6   795.7
  16:16:42.078  1470.7  1275.4    120.0   880.6   795.7
  16:16:42.125  1469.6  1277.4    120.0   888.1   802.7
  16:16:42.171  1468.4  1279.5    120.0   886.9   804.8
  16:16:42.218  1467.2  1281.5    120.0   894.3   811.8
  16:16:42.250  1466.0  1283.5    120.0   893.2   813.8
  16:16:42.296  1464.8  1285.6    120.0   892.0   815.9
  16:16:42.343  1463.7  1287.6    120.0   890.8   817.9
  16:16:42.390  1462.5  1289.6    120.0   898.3   824.9
  16:16:42.437  1461.3  1291.7    120.0   897.1   827.0
  16:16:42.468  1460.2  1293.6    120.0   896.0   829.0
  16:16:42.515  1460.2  1293.6    120.0   904.7   834.0
  16:16:42.562  1459.0  1295.7    120.0   903.5   836.0
  16:16:42.593  1457.9  1297.6    120.0   902.4   838.0
  16:16:42.640  1456.7  1299.7    120.0   909.8   845.0
  16:16:42.687  1455.5  1301.7    120.0   908.6   847.1
  16:16:42.734  1454.4  1303.7    120.0   907.5   849.1
  16:16:42.781  1453.2  1305.8    120.0   914.9   856.2
  16:16:42.812  1452.0  1307.9    120.0   913.8   858.2
  16:16:42.859  1450.8  1309.9    120.0   912.6   860.2
  16:16:42.906  1449.7  1311.8    120.0   911.5   862.2
  16:16:42.953  1449.7  1311.8    120.0   911.5   862.2
  16:16:42.984  1448.5  1313.9    120.0   918.9   869.2
  16:16:43.031  1447.4  1315.9    120.0   926.4   876.2
  16:16:43.078  1446.1  1318.1    120.0   925.2   878.4
  16:16:43.125  1445.0  1320.0    120.0   924.1   880.3
  16:16:43.156  1443.8  1321.9    120.0   922.9   882.3
  16:16:43.203  1442.6  1324.1    120.0   921.7   884.4
  16:16:43.250  1441.5  1326.0    120.0   920.6   886.4
  16:16:43.296  1440.3  1328.1    120.0   919.4   888.5
  16:16:43.328  1439.1  1330.1    120.0   918.2   890.5
  16:16:43.375  1439.1  1330.1    120.0   918.2   890.5
  16:16:43.421  1438.0  1332.1    120.0   917.1   892.4
  16:16:43.468  1436.8  1334.2    120.0   915.9   894.5
  16:16:43.500  1435.6  1336.2    120.0   906.0   891.5
  16:16:43.546  1434.5  1338.1    120.0   904.9   893.5
  16:16:43.593  1433.3  1340.2    120.0   903.7   895.5
  16:16:43.640  1432.1  1342.3    120.0   902.5   897.6
  16:16:43.671  1430.8  1344.5    120.0   901.2   899.9
  16:16:43.718  1429.7  1346.4    120.0   900.2   901.7
  16:16:43.765  1428.6  1348.3    120.0   899.0   903.7
  16:16:43.812  1427.5  1350.3    120.0   897.9   905.6
  16:16:43.859  1427.5  1350.3    120.0   897.9   905.6
  16:16:43.906  1425.8  1353.2    120.0   887.6   903.5
  16:16:43.937  1424.6  1355.2    120.0   886.4   905.5
  16:16:43.984  1423.5  1357.1    120.0   885.3   907.5
  16:16:44.031  1422.3  1359.1    120.0   884.1   909.5
  16:16:44.078  1422.3  1359.1    120.0   884.1   909.5
  16:16:44.109  1420.8  1361.8    120.0   882.6   912.1
  16:16:44.156  1419.5  1364.0    120.0   881.3   914.3
  16:16:44.203  1418.4  1365.9    120.0   880.2   916.2
  16:16:44.250  1417.3  1367.9    120.0   879.0   918.3
  16:16:44.281  1416.1  1369.9    120.0   869.2   915.3
  16:16:44.328  1415.0  1371.9    120.0   868.1   917.2
  16:16:44.375  1413.7  1374.0    120.0   866.9   919.4
  16:16:44.421  1413.7  1374.0    120.0   866.9   919.4
  16:16:44.453  1412.6  1376.0    120.0   865.7   921.3
  16:16:44.500  1411.4  1378.1    120.0   855.9   918.4
  16:16:44.546  1410.3  1380.0    120.0   863.4   925.4
  16:16:44.578  1409.1  1382.0    120.0   862.2   927.4
  16:16:44.625  1407.9  1384.1    120.0   852.4   924.4
  16:16:44.671  1407.9  1384.1    120.0   852.4   924.4
  16:16:44.718  1406.5  1386.6    120.0   850.9   926.9
  16:16:44.765  1405.1  1388.9    120.0   849.6   929.2
  16:16:44.812  1404.0  1390.8    120.0   848.5   931.2
  16:16:44.843  1402.9  1392.9    120.0   847.3   933.2
  16:16:44.890  1401.7  1394.9    120.0   846.2   935.2
  16:16:44.937  1400.5  1396.9    120.0   845.0   937.3
  16:16:44.968  1399.3  1398.9    120.0   843.8   939.3
  16:16:45.015  1398.2  1401.0    120.0   842.6   941.3
  16:16:45.062  1397.0  1402.9    120.0   841.5   943.3
  16:16:45.109  1395.8  1405.0    120.0   840.3   945.4
  16:16:45.156  1395.8  1405.0    120.0   823.0   935.4
  16:16:45.187  1394.6  1407.1    120.0   821.8   937.4
  16:16:45.234  1393.5  1409.1    120.0   820.6   939.4
  16:16:45.281  1392.3  1411.2    120.0   819.4   941.5
  16:16:45.328  1391.1  1413.2    120.0   818.3   943.5
  16:16:45.359  1390.0  1415.1    120.0   817.1   945.4
  16:16:45.406  1388.8  1417.2    120.0   815.9   947.5
  16:16:45.453  1387.7  1419.1    120.0   814.8   949.4
  16:16:45.500  1386.5  1421.2    120.0   813.6   951.6
  16:16:45.531  1385.3  1423.2    120.0   812.4   953.6
  16:16:45.578  1384.1  1425.3    120.0   811.3   955.6
  16:16:45.625  1384.1  1425.3    120.0   811.3   955.6
  16:16:45.671  1382.9  1427.3    120.0   810.1   957.7
  16:16:45.718  1381.8  1429.3    120.0   800.3   954.6
  16:16:45.750  1380.6  1431.3    120.0   799.1   956.7
  16:16:45.796  1379.4  1433.4    120.0   797.9   958.7
  16:16:45.843  1378.2  1435.5    120.0   796.7   960.8
  16:16:45.890  1377.1  1437.4    120.0   795.6   962.7
  16:16:45.937  1375.9  1439.5    120.0   794.4   964.8
  16:16:45.968  1374.8  1441.5    120.0   793.3   966.8
  16:16:46.015  1374.8  1441.5    120.0   793.3   966.8
  16:16:46.062  1372.5  1445.5    120.0   790.9   970.8
  16:16:46.093  1372.5  1445.5    120.0   782.3   965.8
  16:16:46.140  1371.3  1447.5    120.0   781.1   967.8
  16:16:46.187  1370.1  1449.5    120.0   779.9   969.8
  16:16:46.234  1368.9  1451.6    120.0   770.1   966.9
  16:16:46.265  1367.7  1453.7    120.0   768.9   969.0
  16:16:46.328  1366.5  1455.7    120.0   767.7   971.0
  16:16:46.359  1365.4  1457.7    120.0   766.6   973.0
  16:16:46.406  1364.2  1459.8    120.0   765.4   975.1
  16:16:46.453  1363.0  1461.7    120.0   764.2   977.1
  16:16:46.484  1363.0  1461.7    120.0   772.9   982.1
  16:16:46.515  1361.9  1463.7    120.0   771.7   984.0
  16:16:46.562  1360.8  1465.7    120.0   753.3   976.0
  16:16:46.609  1359.5  1467.8    120.0   760.7   983.2
  16:16:46.640  1358.4  1469.8    120.0   759.5   985.2
  16:16:46.687  1357.2  1471.8    120.0   749.7   982.1
  16:16:46.734  1357.2  1471.8    120.0   749.7   982.1
  16:16:46.781  1356.0  1473.9    120.0   748.5   984.2
  16:16:46.812  1354.9  1475.9    120.0   747.4   986.2
  16:16:46.843  1353.7  1478.0    120.0   746.2   988.3
  16:16:46.890  1352.5  1480.0    120.0   745.0   990.3
  16:16:46.937  1351.4  1481.9    120.0   743.9   992.2
  16:16:46.968  1350.2  1484.0    120.0   751.4   999.3
  16:16:47.015  1350.2  1484.0    120.0   751.4   999.3
  16:16:47.062  1349.0  1486.0    120.0   750.2  1001.3
  16:16:47.109  1347.9  1488.0    120.0   749.0  1003.3
  16:16:47.140  1346.7  1490.1    120.0   747.8  1005.4
  16:16:47.187  1345.5  1492.1    120.0   746.7  1007.4
  16:16:47.234  1344.3  1494.1    120.0   745.5  1009.4
  16:16:47.281  1343.2  1496.2    120.0   744.3  1011.5
  16:16:47.312  1343.2  1496.2    120.0   744.3  1011.5
  16:16:47.359  1341.5  1499.1    120.0   742.6  1014.4
  16:16:47.406  1340.4  1500.9    120.0   741.6  1016.3
  16:16:47.453  1339.3  1502.9    120.0   740.5  1018.2
  16:16:47.484  1338.1  1504.9    120.0   739.3  1020.2
  16:16:47.531  1337.0  1506.9    120.0   738.1  1022.2
  16:16:47.578  1335.8  1509.0    120.0   736.9  1024.3
  16:16:47.625  1334.6  1511.0    120.0   735.7  1026.3
  16:16:47.671  1333.4  1513.0    120.0   734.6  1028.3
  16:16:47.703  1332.2  1515.1    120.0   733.4  1030.4
  16:16:47.750  1332.2  1515.1    120.0   733.4  1030.4
  16:16:47.796  1331.1  1517.1    120.0   732.2  1032.4
  16:16:47.828  1329.9  1519.1    120.0   731.1  1034.4
  16:16:47.875  1328.7  1521.1    120.0   729.9  1036.5
  16:16:47.921  1327.5  1523.2    120.0   737.4  1043.5
  16:16:47.953  1326.4  1525.1    120.0   736.2  1045.5
  16:16:47.984  1326.4  1525.1    120.0   736.2  1045.5
  16:16:48.015  1325.2  1527.2    120.0   735.0  1047.6
  16:16:48.046  1324.1  1529.2    120.0   733.9  1049.5
  16:16:48.093  1322.9  1531.3    120.0   741.4  1056.6
  16:16:48.140  1321.7  1533.3    120.0   740.2  1058.6
  16:16:48.187  1321.7  1533.3    120.0   740.2  1058.6
  16:16:48.218  1320.5  1535.3    120.0   756.3  1070.7
  16:16:48.265  1319.3  1537.4    120.0   755.1  1072.7
  16:16:48.312  1318.1  1539.5    120.0   753.9  1074.8
  16:16:48.359  1317.0  1541.3    120.0   752.8  1076.7
  16:16:48.406  1315.8  1543.5    120.0   751.6  1078.8
  16:16:48.437  1314.7  1545.4    120.0   750.5  1080.7
  16:16:48.484  1313.5  1547.4    120.0   749.3  1082.8
  16:16:48.531  1313.5  1547.4    120.0   758.0  1087.8
  16:16:48.562  1312.1  1549.9    120.0   756.6  1090.2
  16:16:48.609  1310.8  1552.1    120.0   763.9  1097.5
  16:16:48.656  1309.6  1554.3    120.0   762.7  1099.6
  16:16:48.703  1308.4  1556.2    120.0   761.5  1101.6
  16:16:48.750  1307.2  1558.4    120.0   760.3  1103.7
  16:16:48.781  1306.1  1560.3    120.0   759.2  1105.7
  16:16:48.812  1306.1  1560.3    120.0   759.2  1105.7
  16:16:48.859  1304.9  1562.3    120.0   758.1  1107.6
  16:16:48.906  1303.8  1564.3    120.0   774.2  1119.6
  16:16:48.937  1302.3  1566.8    120.0   772.8  1122.1
  16:16:48.984  1301.0  1569.1    120.0   771.4  1124.4
  16:16:49.031  1299.9  1571.0    120.0   779.0  1131.4
  16:16:49.078  1299.9  1571.0    120.0   779.0  1131.4
  16:16:49.140  1297.5  1575.1    120.0   776.6  1135.4
  16:16:49.140  1297.5  1575.1    120.0   776.6  1135.4
  16:16:49.187  1296.3  1577.2    120.0   775.4  1137.5
  16:16:49.234  1295.2  1579.2    120.0   774.3  1139.5
  16:16:49.281  1294.0  1581.3    120.0   773.1  1141.6
  16:16:49.328  1292.8  1583.3    120.0   771.9  1143.6
  16:16:49.359  1292.8  1583.3    120.0   763.2  1138.6
  16:16:49.390  1291.7  1585.2    120.0   762.1  1140.5
  16:16:49.437  1290.5  1587.3    120.0   760.9  1142.6
  16:16:49.468  1289.3  1589.3    120.0   759.8  1144.6
  16:16:49.515  1288.1  1591.3    120.0   758.6  1146.7
  16:16:49.562  1287.0  1593.4    120.0   757.4  1148.7
  16:16:49.609  1287.0  1593.4    120.0   757.4  1148.7
  16:16:49.656  1285.8  1595.5    120.0   756.2  1150.8
  16:16:49.687  1284.6  1597.4    120.0   746.4  1147.8
  16:16:49.734  1283.5  1599.4    120.0   745.2  1149.8
  16:16:49.781  1282.3  1601.5    120.0   744.0  1151.8
  16:16:49.828  1281.1  1603.6    120.0   734.2  1148.9
  16:16:49.875  1279.9  1605.5    120.0   733.1  1150.9
  16:16:49.906  1278.7  1607.7    120.0   731.8  1153.0
  16:16:49.953  1277.5  1609.8    120.0   730.6  1155.1
  16:16:50.000  1276.4  1611.6    120.0   729.6  1156.9
  16:16:50.046  1275.3  1613.5    120.0   728.4  1158.9
  16:16:50.078  1275.3  1613.5    120.0   728.4  1158.9
  16:16:50.125  1274.1  1615.6    120.0   727.3  1160.9
  16:16:50.171  1272.9  1617.6    120.0   726.1  1163.0
  16:16:50.218  1271.8  1619.7    120.0   716.2  1160.0
  16:16:50.250  1270.6  1621.8    120.0   715.0  1162.1
  16:16:50.296  1269.4  1623.7    120.0   722.6  1169.0
  16:16:50.343  1268.2  1625.9    120.0   721.3  1171.2
  16:16:50.375  1268.2  1625.9    120.0   712.6  1166.2
  16:16:50.421  1267.1  1627.8    120.0   711.5  1168.1
  16:16:50.453  1265.9  1629.8    120.0   710.4  1170.2
  16:16:50.500  1264.8  1631.8    120.0   709.2  1172.1
  16:16:50.546  1263.6  1633.9    120.0   708.0  1174.2
  16:16:50.593  1262.4  1635.8    120.0   698.2  1171.2
  16:16:50.625  1261.3  1637.9    120.0   697.1  1173.2
  16:16:50.671  1260.1  1639.9    120.0   695.9  1175.2
  16:16:50.687  1260.1  1639.9    120.0   695.9  1175.2
  16:16:50.750  1258.9  1641.9    120.0   694.7  1177.2
  16:16:50.781  1257.7  1644.1    120.0   693.5  1179.4
  16:16:50.828  1256.5  1646.1    120.0   692.3  1181.4
  16:16:50.875  1255.4  1648.0    120.0   691.2  1183.3
  16:16:50.921  1254.2  1650.1    120.0   690.0  1185.4
  16:16:50.953  1253.0  1652.1    120.0   688.8  1187.4
  16:16:51.000  1251.9  1654.1    120.0   687.7  1189.4
  16:16:51.046  1250.7  1656.1    120.0   686.5  1191.4
  16:16:51.078  1250.7  1656.1    120.0   686.5  1191.4
  16:16:51.125  1249.5  1658.2    120.0   685.3  1193.5
  16:16:51.171  1248.3  1660.2    120.0   684.1  1195.5
  16:16:51.218  1247.2  1662.2    120.0   674.3  1192.5
  16:16:51.265  1246.0  1664.3    120.0   673.1  1194.6
  16:16:51.312  1244.9  1666.2    120.0   672.0  1196.6
  16:16:51.343  1243.6  1668.3    120.0   670.8  1198.7
  16:16:51.390  1242.5  1670.3    120.0   669.7  1200.6
  16:16:51.437  1241.4  1672.3    120.0   668.5  1202.6
  16:16:51.468  1240.1  1674.4    120.0   658.6  1199.8
  16:16:51.515  1240.1  1674.4    120.0   658.6  1199.8
  16:16:51.562  1239.0  1676.4    120.0   657.5  1201.8
  16:16:51.609  1237.8  1678.4    120.0   630.3  1188.8
  16:16:51.640  1236.6  1680.5    120.0   611.8  1180.8
  16:16:51.687  1235.5  1682.5    120.0   610.7  1182.8
  16:16:51.734  1234.3  1684.6    120.0   505.6  1124.8
  16:16:51.781  1233.2  1686.5    120.0   426.5  1081.7
  16:16:51.812  1231.9  1688.6    120.0   425.3  1083.8
  16:17:07.187   818.5  1732.2   -180.0   939.2   471.3
  16:17:07.234   816.2  1732.2   -180.0   937.0   471.3
  16:17:07.281   813.9  1732.2   -180.0   934.5   621.3
  16:17:07.328   811.5  1732.2   -180.0   932.1   651.3
  16:17:07.375   809.2  1732.2   -180.0   929.8   651.3
  16:17:07.406   806.8  1732.2   -180.0   927.4   661.3
  16:17:07.453   806.8  1732.2   -180.0   927.4   661.3
  16:17:07.500   804.4  1732.2   -180.0   925.1   661.3
  16:17:07.515   802.1  1732.2   -180.0   922.7   701.3
  16:17:07.562   799.8  1732.2   -180.0   920.4   701.3
  16:17:07.609   797.3  1732.2   -180.0   917.9   671.2
  16:17:07.640   797.3  1732.2   -180.0   917.9   701.2
  16:17:07.671   795.1  1732.2   -180.0   915.6   711.2
  16:17:07.718   792.8  1732.2   -180.0   913.4   701.2
  16:17:07.765   790.4  1732.2   -180.0   911.0   701.2
  16:17:07.812   788.2  1732.2   -180.0   908.7   701.2
  16:17:07.859   785.8  1732.2   -180.0   906.4   691.2
  16:17:07.890   783.5  1732.2   -180.0   904.1   701.2
  16:17:07.937   781.1  1732.2   -180.0   901.7   711.2
  16:17:07.984   781.1  1732.2   -180.0   901.7   711.2
  16:17:08.031   778.6  1732.2   -180.0   899.2   711.2
  16:17:08.062   776.5  1732.2   -180.0   897.0   721.2
  16:17:08.109   774.0  1732.2   -180.0   894.6   721.2
  16:17:08.140   771.6  1732.2   -180.0   892.1   751.2
  16:17:08.187   769.4  1732.2   -180.0   889.9   811.2
  16:17:08.234   767.1  1732.2   -180.0   887.6   811.2
  16:17:08.281   764.7  1732.2   -180.0   885.2   831.2
  16:17:08.312   764.7  1732.2   -180.0   885.2   851.2
  16:17:08.359   762.4  1732.2   -180.0   882.9   851.2
  16:17:08.406   760.1  1732.2   -180.0   880.6   891.2
  16:17:08.437   757.7  1732.2   -180.0   878.2   901.2
  16:17:08.484   755.4  1732.2   -180.0   875.8   901.2
  16:17:08.531   753.0  1732.2   -180.0   873.5   911.2
  16:17:08.562   750.7  1732.2   -180.0   871.1   911.2
  16:17:08.609   750.7  1732.2   -180.0   871.1   911.2
  16:17:08.640   748.3  1732.2   -180.0   868.7   911.2
  16:17:08.687   745.9  1732.2   -180.0   866.4   911.2
  16:17:08.734   743.6  1732.2   -180.0   864.1   911.2
  16:17:08.765   741.4  1732.1   -180.0   861.8   921.2
  16:17:08.796   739.0  1732.1   -180.0   859.4   921.2
  16:17:08.843   739.0  1732.1   -180.0   859.4   921.2
  16:17:08.890   736.0  1732.1   -180.0   856.4   921.2
  16:17:08.937   733.5  1732.1   -180.0   854.0   921.2
  16:17:08.968   731.2  1732.1   -180.0   851.7   921.2
  16:17:09.015   728.9  1732.1   -180.0   849.4   921.2
  16:17:09.062   728.9  1732.1   -180.0   849.4   921.2
  16:17:09.093   725.7  1732.1   -180.0   846.1   921.2
  16:17:09.140   723.4  1732.1   -180.0   843.8   931.2
  16:17:09.187   721.0  1732.1   -180.0   841.5   931.2
  16:17:09.234   718.8  1732.1   -180.0   839.2   931.2
  16:17:09.281   716.3  1732.1   -180.0   836.7   941.2
  16:17:09.328   714.1  1732.1   -180.0   834.5   941.2
  16:17:09.359   711.7  1732.1   -180.0   832.2   931.2
  16:17:09.406   709.3  1732.1   -180.0   829.8   931.2
  16:17:09.453   706.5  1732.1   -180.0   827.0   931.2
  16:17:09.484   706.5  1732.1   -180.0   827.0   931.2
  16:17:09.531   704.7  1732.1   -180.0   825.2   931.2
  16:17:09.578   702.3  1732.1   -180.0   822.7   941.2
  16:17:09.625   700.0  1732.1   -180.0   820.5   941.2
  16:17:09.671   697.4  1732.1   -180.0   817.8   961.2
  16:17:09.703   694.6  1732.1   -180.0   815.1   961.2
  16:17:09.750   694.6  1732.1   -180.0   815.1   941.2
  16:17:09.796   692.2  1732.1   -180.0   812.6   941.2
  16:17:09.843   689.9  1732.1   -180.0   810.4   941.2
  16:17:09.875   687.3  1732.1   -180.0   807.8   941.2
  16:17:09.921   685.2  1732.1   -180.0   805.6   941.2
  16:17:09.968   682.9  1732.1   -180.0   803.3   941.2
  16:17:10.015   680.6  1732.1   -180.0   801.0   941.2
  16:17:10.046   678.1  1732.1   -180.0   798.5   951.2
  16:17:10.093   675.8  1732.1   -180.0   796.2   951.2
  16:17:10.140   675.8  1732.1   -180.0   796.2   951.2
  16:17:10.187   673.5  1732.1   -180.0   793.9   951.2
  16:17:10.234   671.2  1732.1   -180.0   791.7   951.2
  16:17:10.265   668.8  1732.1   -180.0   789.3   951.2
  16:17:10.312   666.5  1732.1   -180.0   786.9   961.2
  16:17:10.359   664.1  1732.1   -180.0   784.5   961.2
  16:17:10.406   661.9  1732.1   -180.0   782.3   961.2
  16:17:10.453   659.4  1732.1   -180.0   779.9   951.2
  16:17:10.484   657.1  1732.1   -180.0   777.5   961.2
  16:17:10.531   654.8  1732.1   -180.0   775.2   951.2
  16:17:10.578   652.4  1732.1   -180.0   772.9   961.2
  16:17:10.609   652.4  1732.1   -180.0   772.9   961.2
  16:17:10.656   650.2  1732.1   -180.0   770.6   961.2
  16:17:10.703   647.7  1732.1   -180.0   768.1   961.2
  16:17:10.750   645.4  1732.1   -180.0   765.8   971.2
  16:17:10.781   643.0  1732.1   -180.0   763.5   971.2
  16:17:10.828   640.8  1732.1   -180.0   761.3   971.2
  16:17:10.875   638.2  1732.1   -180.0   758.7   971.2
  16:17:10.921   636.1  1732.1   -180.0   756.5   971.2
  16:17:10.968   633.7  1732.1   -180.0   754.1  1001.2
  16:17:11.000   631.4  1732.1   -180.0   751.8  1031.2
  16:17:11.046   631.4  1732.1   -180.0   751.8  1031.2
  16:17:11.093   629.1  1732.1   -180.0   749.4  1101.2
  16:17:11.140   626.7  1732.1   -180.0   747.0  1111.2
  16:17:11.171   624.3  1732.1   -180.0   744.7  1111.2
  16:17:11.218   622.1  1732.1   -180.0   742.4  1121.1
  16:17:11.265   619.7  1732.1   -180.0   740.0  1131.1
  16:17:11.312   617.4  1732.1   -180.0   737.8  1131.1
  16:17:11.343   615.0  1732.1   -180.0   735.4  1131.1
  16:17:11.390   612.7  1732.1   -180.0   733.0  1131.1
  16:17:11.437   610.3  1732.1   -180.0   730.6  1131.1
  16:17:11.484   610.3  1732.1   -180.0   730.6  1141.1
  16:17:11.515   608.0  1732.1   -180.0   728.3  1141.1
  16:17:11.562   605.6  1732.1   -180.0   725.9  1141.1
  16:17:11.609   603.3  1732.1   -180.0   723.6  1141.1
  16:17:11.671   601.0  1732.1   -180.0   721.3  1141.1
  16:17:11.687   598.2  1732.1   -180.0   718.5  1141.1
  16:17:11.734   596.3  1732.1   -180.0   716.7  1141.1
  16:17:11.781   594.0  1732.1   -180.0   714.3  1141.1
  16:17:11.828   591.7  1732.1   -180.0   712.0  1141.1
  16:17:11.859   589.3  1732.1   -180.0   709.7  1151.1
  16:17:11.906   587.0  1732.1   -180.0   707.3  1151.1
  16:17:11.937   587.0  1732.1   -180.0   707.3  1151.1
  16:17:11.984   584.6  1732.1   -180.0   704.9  1151.1
  16:17:12.031   582.2  1732.1   -180.0   702.6  1151.1
  16:17:12.062   579.9  1732.1   -180.0   700.2  1151.1
  16:17:12.109   577.5  1732.1   -180.0   697.8  1151.1
  16:17:12.156   575.2  1732.1   -180.0   695.5  1151.1
  16:17:12.203   572.9  1732.1   -180.0   693.3  1151.1
  16:17:12.250   572.9  1732.1   -180.0   693.3  1151.1
  16:17:12.281   570.5  1732.1   -180.0   690.9  1151.1
  16:17:12.296   568.2  1732.1   -180.0   688.5  1151.1
  16:17:12.343   565.9  1732.0   -180.0   686.2  1161.1
  16:17:12.390   565.9  1732.0   -180.0   686.2  1161.1
  16:17:12.421   563.5  1732.0   -180.0   683.8  1161.1
  16:17:12.468   561.2  1732.0   -180.0   681.5  1161.1
  16:17:12.515   558.9  1732.0   -180.0   679.2  1161.1
  16:17:12.562   556.5  1732.0   -180.0   676.8  1161.1
  16:17:12.609   554.1  1732.0   -180.0   674.5  1161.1
  16:17:12.640   551.9  1732.0   -180.0   672.3  1161.1
  16:17:12.687   549.5  1732.0   -180.0   669.8  1161.1
  16:17:12.734   547.3  1732.0   -180.0   667.6  1161.1
  16:17:12.781   544.8  1732.0   -180.0   665.1  1171.1
  16:17:12.812   544.8  1732.0   -180.0   665.1  1171.1
  16:17:12.859   542.4  1732.0   -180.0   662.7  1171.1
  16:17:12.921   540.2  1732.0   -180.0   660.5  1171.1
  16:17:12.953   537.8  1732.0   -180.0   658.1  1171.1
  16:17:12.984   535.5  1732.0   -180.0   655.9  1171.1
  16:17:13.031   533.2  1732.0   -180.0   653.5  1171.1
  16:17:13.078   530.8  1732.0   -180.0   651.1  1171.1
  16:17:13.125   528.5  1732.0   -180.0   648.8  1181.1
  16:17:13.156   528.5  1732.0   -180.0   648.8  1181.1
  16:17:13.203   526.1  1732.0   -180.0   646.4  1181.1
  16:17:13.234   523.8  1732.0   -180.0   644.1  1181.1
  16:17:13.281   521.5  1732.0   -180.0   641.8  1181.1
  16:17:13.328   519.2  1732.0   -180.0   639.5  1181.1
  16:17:13.359   516.7  1732.0   -180.0   637.0  1181.1
  16:17:13.406   514.4  1732.0   -180.0   634.7  1191.1
  16:17:13.453   512.1  1732.0   -180.0   632.4  1191.1
  16:17:13.500   509.7  1732.0   -180.0   630.0  1181.1
  16:17:13.546   509.7  1732.0   -180.0   630.0  1181.1
  16:17:13.578   507.4  1732.0   -180.0   627.7  1181.1
  16:17:13.625   505.0  1732.0   -180.0   625.3  1181.1
  16:17:13.671   502.8  1732.0   -180.0   623.1  1181.1
  16:17:13.718   500.3  1732.0   -180.0   620.6  1181.1
  16:17:13.750   498.1  1732.0   -180.0   618.4  1171.1
  16:17:13.796   495.7  1732.0   -180.0   616.0  1171.1
  16:17:13.843   493.4  1732.0   -180.0   613.7  1161.1
  16:17:13.890   491.1  1732.0   -180.0   611.4  1161.1
  16:17:13.937   488.7  1732.0   -180.0   609.0  1161.1
  16:17:13.968   486.3  1732.0   -180.0   606.7  1151.1
  16:17:14.015   486.3  1732.0   -180.0   606.7  1151.1
  16:17:14.062   484.0  1732.0   -180.0   604.3  1151.1
  16:17:14.109   481.7  1732.0   -180.0   602.0  1141.1
  16:17:14.140   479.4  1732.0   -180.0   599.7  1141.1
  16:17:14.187   476.9  1732.0   -180.0   597.2  1141.1
  16:17:14.234   474.7  1732.0   -180.0   595.1  1131.1
  16:17:14.281   472.4  1732.0   -180.0   592.7  1131.1
  16:17:14.328   470.0  1732.0   -180.0   590.4  1131.1
  16:17:14.359   467.6  1732.0   -180.0   588.0  1121.1
  16:17:14.406   465.2  1732.0   -180.0   585.6  1121.1
  16:17:14.453   465.2  1732.0   -180.0   585.6  1121.1
  16:17:14.484   462.9  1732.0   -180.0   583.3  1121.1
  16:17:14.531   460.6  1732.0   -180.0   580.9  1111.1
  16:17:14.578   458.3  1732.0   -180.0   578.7  1111.1
  16:17:14.625   456.0  1732.0   -180.0   576.4  1101.1
  16:17:14.656   453.5  1732.0   -180.0   573.8  1101.1
  16:17:14.703   451.3  1732.0   -180.0   571.7  1101.1
  16:17:14.750   448.9  1732.0   -180.0   569.3  1101.1
  16:17:14.796   446.5  1732.0   -180.0   566.9  1101.0
  16:17:14.828   444.2  1732.0   -180.0   564.6  1101.0
  16:17:14.875   444.2  1732.0   -180.0   564.6  1091.0
  16:17:14.921   442.0  1732.0   -180.0   562.3  1091.0
  16:17:14.968   439.1  1732.0   -180.0   559.5  1091.0
  16:17:15.015   437.3  1732.0   -180.0   557.7  1081.0
  16:17:15.046   434.9  1732.0   -180.0   555.3  1081.0
  16:17:15.093   432.5  1732.0   -180.0   552.9  1081.0
  16:17:15.140   429.8  1732.0   -180.0   550.2  1071.0
  16:17:15.187   429.8  1732.0   -180.0   550.2  1061.0
  16:17:15.218   427.2  1732.0   -180.0   547.6  1061.0
  16:17:15.265   424.8  1732.0   -180.0   545.2  1061.0
  16:17:15.312   422.4  1732.0   -180.0   542.8  1061.0
  16:17:15.359   420.1  1732.0   -180.0   540.4  1061.0
  16:17:15.390   417.6  1732.0   -180.0   538.0  1051.0
  16:17:15.437   415.5  1732.0   -180.0   535.9  1041.0
  16:17:15.484   413.1  1732.0   -180.0   533.5  1041.0
  16:17:15.531   410.8  1732.0   -180.0   531.2  1041.0
  16:17:15.562   408.4  1732.0   -180.0   528.8  1041.0
  16:17:15.609   408.4  1732.0   -180.0   528.8  1041.0
  16:17:15.656   406.1  1732.0   -180.0   526.4  1041.0
  16:17:15.687   403.6  1732.0   -180.0   524.0  1031.0
  16:17:15.734   401.5  1732.0   -180.0   521.9  1031.0
  16:17:15.781   399.1  1732.0   -180.0   519.5  1021.0
  16:17:15.828   396.7  1732.0   -180.0   517.1  1011.0
  16:17:15.859   394.2  1732.0   -180.0   514.7  1011.0
  16:17:15.906   392.0  1732.0   -180.0   512.4  1001.0
  16:17:15.953   389.6  1731.9   -180.0   510.0  1001.0
  16:17:16.000   389.6  1731.9   -180.0   510.0  1011.0
  16:17:16.046   387.2  1731.9   -180.0   507.7  1001.0
  16:17:16.078   385.0  1731.9   -180.0   505.4   991.0
  16:17:16.125   382.7  1731.9   -180.0   503.1   991.0
  16:17:16.171   380.2  1731.9   -180.0   500.6   981.0
  16:17:16.218   378.0  1731.9   -180.0   498.4   981.0
  16:17:16.250   375.7  1731.9   -180.0   496.1   981.0
  16:17:16.296   373.3  1731.9   -180.0   493.7   951.0
  16:17:16.343   371.0  1731.9   -180.0   491.4   931.0
  16:17:16.390   368.6  1731.9   -180.0   489.1   931.0
  16:17:16.421   368.6  1731.9   -180.0   489.2   821.0
  16:17:16.468   366.3  1731.9   -180.0   486.9   811.0
  16:17:16.515   364.0  1731.9   -180.0   484.5   811.0
  16:17:33.421    16.1  1401.6   -120.0  1090.6   920.8
  16:17:33.453    15.0  1399.6   -120.0  1089.4   918.8
  16:17:33.500    13.8  1397.6   -120.0   871.7  1041.7
  16:17:33.546    12.6  1395.5   -120.0   723.2  1124.4
  16:17:33.593    11.4  1393.5   -120.0   722.0  1122.4
  16:17:33.625    10.3  1391.5   -120.0   668.9  1150.3
  16:17:33.671     9.1  1389.5   -120.0   650.4  1158.3
  16:17:33.718     8.0  1387.5   -120.0   649.2  1156.3
  16:17:33.765     6.8  1385.4   -120.0   639.4  1159.3
  16:17:33.796     6.8  1385.4   -120.0   639.4  1159.3
  16:17:33.843     5.7  1383.4   -120.0   638.3  1157.3
  16:17:33.890     4.5  1381.4   -120.0   628.4  1160.2
  16:17:33.937     3.3  1379.3   -120.0   627.2  1158.2
  16:17:33.968     2.1  1377.3   -120.0   626.1  1156.2
  16:17:34.015     1.0  1375.4   -120.0   624.9  1154.2
  16:17:34.062    -0.2  1373.3   -120.0   623.8  1152.2
  16:17:34.109    -1.4  1371.3   -120.0   622.6  1150.1
  16:17:34.156    -2.5  1369.3   -120.0   621.4  1148.2
  16:17:34.187    -3.7  1367.2   -120.0   611.6  1151.1
  16:17:34.234    -4.8  1365.3   -120.0   610.4  1149.1
  16:17:34.281    -4.8  1365.3   -120.0   610.4  1149.1
  16:17:34.312    -6.1  1363.1   -120.0   600.6  1152.0
  16:17:34.359    -7.2  1361.2   -120.0   599.4  1150.0
  16:17:34.406    -8.4  1359.1   -120.0   598.2  1148.0
  16:17:34.453    -9.5  1357.1   -120.0   597.1  1145.9
  16:17:34.484   -10.7  1355.1   -120.0   595.9  1143.9
  16:17:34.531   -11.9  1353.0   -120.0   594.7  1141.8
  16:17:34.578   -13.0  1351.0   -120.0   593.6  1139.9
  16:17:34.640   -14.2  1348.9   -120.0   592.4  1137.8
  16:17:34.671   -14.2  1348.9   -120.0   592.4  1137.8
  16:17:34.703   -15.8  1346.3   -120.0   590.8  1135.1
  16:17:34.750   -17.0  1344.2   -120.0   589.7  1133.1
  16:17:34.796   -18.1  1342.3   -120.0   588.5  1131.1
  16:17:34.843   -19.3  1340.2   -120.0   587.4  1129.1
  16:17:34.875   -20.5  1338.1   -120.0   586.1  1127.0
  16:17:34.921   -21.6  1336.1   -120.0   585.0  1125.0
  16:17:34.968   -21.6  1336.1   -120.0   585.0  1125.0
  16:17:35.015   -22.8  1334.1   -120.0   583.8  1123.0
  16:17:35.062   -24.0  1332.0   -120.0   582.6  1120.9
  16:17:35.093   -25.2  1330.0   -120.0   581.5  1118.8
  16:17:35.140   -26.3  1328.0   -120.0   580.3  1116.9
  16:17:35.187   -27.4  1326.0   -120.0   579.2  1114.9
  16:17:35.234   -28.6  1324.0   -120.0   578.0  1112.8
  16:17:35.265   -30.1  1321.5   -120.0   576.5  1110.3
  16:17:35.312   -30.1  1321.5   -120.0   576.5  1110.3
  16:17:35.359   -31.3  1319.3   -120.0   575.3  1108.1
  16:17:35.406   -32.5  1317.2   -120.0   574.1  1106.0
  16:17:35.437   -33.7  1315.2   -120.0   572.9  1104.1
  16:17:35.484   -35.2  1312.5   -120.0   571.4  1101.4
  16:17:35.531   -36.4  1310.5   -120.0   570.2  1099.3
  16:17:35.578   -36.4  1310.5   -120.0   570.2  1099.3
  16:17:35.609   -37.6  1308.4   -120.0   569.0  1097.3
  16:17:35.656   -38.8  1306.4   -120.0   567.8  1095.2
  16:17:35.703   -40.0  1304.3   -120.0   566.7  1093.2
  16:17:35.750   -41.1  1302.3   -120.0   565.5  1091.2
  16:17:35.796   -42.2  1300.4   -120.0   564.4  1089.2
  16:17:35.828   -43.4  1298.3   -120.0   563.2  1087.2
  16:17:35.875   -43.4  1298.3   -120.0   563.2  1087.2
  16:17:35.906   -44.9  1295.7   -120.0   561.7  1084.6
  16:17:35.953   -46.1  1293.6   -120.0   560.5  1082.5
  16:17:36.000   -47.3  1291.5   -120.0   559.3  1080.4
  16:17:36.046   -48.4  1289.6   -120.0   558.2  1078.4
  16:17:36.078   -48.4  1289.6   -120.0   558.2  1078.4
  16:17:36.125   -50.0  1286.8   -120.0   556.6  1075.7
  16:17:36.171   -51.2  1284.8   -120.0   555.4  1073.7
  16:17:36.218   -52.4  1282.8   -120.0   554.2  1071.6
  16:17:36.250   -53.5  1280.8   -120.0   553.1  1069.6
  16:17:36.296   -54.7  1278.8   -120.0   551.9  1067.6
  16:17:36.343   -55.9  1276.7   -120.0   550.7  1065.5
  16:17:36.390   -57.0  1274.7   -120.0   549.6  1063.5
  16:17:36.421   -58.2  1272.7   -120.0   548.4  1061.5
  16:17:36.468   -59.4  1270.6   -120.0   547.2  1059.5
  16:17:36.515   -60.5  1268.6   -120.0   546.1  1057.5
  16:17:36.562   -60.5  1268.6   -120.0   546.1  1057.5
  16:17:36.593   -61.7  1266.6   -120.0   544.9  1055.5
  16:17:36.656   -62.9  1264.6   -120.0   526.4  1063.4
  16:17:36.687   -64.2  1262.3   -120.0   525.1  1061.2
  16:17:36.734   -65.3  1260.4   -120.0   524.0  1059.2
  16:17:36.781   -66.4  1258.4   -120.0   522.9  1057.2
  16:17:36.812   -67.5  1256.4   -120.0   521.7  1055.3
  16:17:36.859   -68.7  1254.4   -120.0   520.6  1053.3
  16:17:36.906   -69.9  1252.3   -120.0   519.4  1051.2
  16:17:36.953   -69.9  1252.3   -120.0   528.0  1046.2
  16:17:36.984   -71.0  1250.4   -120.0   518.2  1049.2
  16:17:37.015   -72.2  1248.3   -120.0   517.0  1047.1
  16:17:37.062   -73.4  1246.3   -120.0   515.9  1045.1
  16:17:37.109   -74.6  1244.2   -120.0   523.3  1038.0
  16:17:37.140   -75.7  1242.3   -120.0   522.2  1036.1
  16:17:37.187   -75.7  1242.3   -120.0   539.6  1026.1
  16:17:37.234   -76.9  1240.3   -120.0   538.4  1024.1
  16:17:37.281   -78.1  1238.2   -120.0   537.2  1022.0
  16:17:37.328   -79.3  1236.1   -120.0   536.0  1019.9
  16:17:37.359   -80.5  1234.1   -120.0   543.5  1012.9
  16:17:37.406   -81.6  1232.1   -120.0   542.4  1010.9
  16:17:37.453   -82.8  1230.1   -120.0   541.2  1008.9
  16:17:37.484   -83.9  1228.0   -120.0   540.0  1006.9
  16:17:37.531   -85.1  1226.0   -120.0   538.8  1004.8
  16:17:37.578   -86.2  1224.0   -120.0   537.7  1002.9
  16:17:37.625   -87.4  1222.0   -120.0   536.5  1000.8
  16:17:37.656   -87.4  1222.0   -120.0   536.5  1000.8
  16:17:37.703   -88.6  1219.9   -120.0   535.3   998.8
  16:17:37.750   -89.8  1217.9   -120.0   534.2   996.8
  16:17:37.796   -90.9  1215.9   -120.0   533.0   994.7
  16:17:37.828   -92.1  1213.9   -120.0   531.9   992.8
  16:17:37.875   -93.2  1211.9   -120.0   522.0   995.7
  16:17:37.921   -94.5  1209.7   -120.0   520.8   993.5
  16:17:37.968   -95.6  1207.7   -120.0   519.7   991.6
  16:17:38.000   -96.8  1205.8   -120.0   518.5   989.6
  16:17:38.046   -96.8  1205.8   -120.0   509.8   994.6
  16:17:38.093   -97.9  1203.8   -120.0   508.7   992.6
  16:17:38.140   -99.1  1201.6   -120.0   507.5   990.5
  16:17:38.187  -100.3  1199.6   -120.0   506.3   988.5
  16:17:38.218  -101.5  1197.6   -120.0   505.1   986.4
  16:17:38.265  -102.6  1195.6   -120.0   504.0   984.5
  16:17:38.312  -103.8  1193.6   -120.0   502.8   982.5
  16:17:38.359  -105.0  1191.5   -120.0   501.7   980.4
  16:17:38.406  -106.1  1189.6   -120.0   500.5   978.5
  16:17:38.437  -107.2  1187.6   -120.0   499.4   976.4
  16:17:38.484  -108.5  1185.5   -120.0   498.1   974.3
  16:17:38.531  -109.6  1183.5   -120.0   497.0   972.3
  16:17:38.578  -109.6  1183.5   -120.0   497.0   972.3
  16:17:38.609  -110.8  1181.4   -120.0   495.8   970.3
  16:17:38.656  -111.9  1179.5   -120.0   494.7   968.3
  16:17:38.703  -113.2  1177.3   -120.0   493.5   966.2
  16:17:38.750  -114.3  1175.4   -120.0   501.0   959.2
  16:17:38.781  -115.4  1173.4   -120.0   491.2   962.2
  16:17:38.828  -116.6  1171.3   -120.0   490.0   960.2
  16:17:38.875  -117.8  1169.3   -120.0   497.5   953.2
  16:17:38.921  -119.0  1167.2   -120.0   505.0   946.1
  16:17:38.968  -120.1  1165.2   -120.0   503.8   944.1
  16:17:39.000  -120.1  1165.2   -120.0   503.8   944.1
  16:17:39.046  -121.3  1163.2   -120.0   502.6   942.0
  16:17:39.093  -122.5  1161.1   -120.0   501.4   939.9
  16:17:39.125  -123.6  1159.1   -120.0   509.0   933.0
  16:17:39.171  -124.8  1157.1   -120.0   507.8   931.0
  16:17:39.218  -126.0  1155.1   -120.0   506.6   929.0
  16:17:39.265  -127.1  1153.1   -120.0   514.1   922.0
  16:17:39.312  -128.3  1151.1   -120.0   513.0   919.9
  16:17:39.343  -129.5  1149.0   -120.0   511.8   917.9
  16:17:39.390  -130.7  1147.0   -120.0   527.9   905.9
  16:17:39.437  -130.7  1147.0   -120.0   536.6   900.9
  16:17:39.484  -131.9  1144.9   -120.0   535.4   898.8
  16:17:39.515  -133.0  1142.9   -120.0   568.9   876.8
  16:17:39.562  -134.5  1140.3   -120.0   576.1   869.2
  16:17:39.609  -135.7  1138.2   -120.0   574.9   867.1
  16:17:39.656  -136.9  1136.1   -120.0   573.7   865.1
  16:17:39.687  -138.1  1134.1   -120.0   581.2   858.0
  16:17:39.718  -138.1  1134.1   -120.0   581.2   858.0
  16:17:39.750  -139.2  1132.2   -120.0   580.1   856.1
  16:17:39.781  -139.2  1132.2   -120.0   588.7   851.1
  16:17:39.828  -140.3  1130.1   -120.0   587.6   849.1
  16:17:39.875  -141.6  1128.0   -120.0   586.3   847.0
  16:17:39.921  -142.7  1126.0   -120.0   585.2   844.9
  16:17:39.968  -143.9  1123.9   -120.0   584.0   842.9
  16:17:40.000  -145.0  1122.0   -120.0   582.9   841.0
  16:17:40.046  -146.2  1120.0   -120.0   573.1   844.0
  16:17:40.078  -147.4  1118.0   -120.0   571.9   841.9
  16:17:40.125  -148.6  1115.9   -120.0   570.7   839.8
  16:17:40.171  -148.6  1115.9   -120.0   570.7   839.8
  16:17:40.203  -149.7  1113.8   -120.0   569.5   837.8
  16:17:40.250  -150.9  1111.8   -120.0   577.0   830.7
  16:17:40.296  -152.1  1109.8   -120.0   575.8   828.8
  16:17:40.343  -153.2  1107.8   -120.0   574.7   826.7
  16:17:40.375  -154.4  1105.9   -120.0   573.6   824.8
  16:17:40.421  -155.5  1103.8   -120.0   572.4   822.8
  16:17:40.468  -156.8  1101.7   -120.0   571.1   820.6
  16:17:40.531  -157.9  1099.7   -120.0   570.0   818.7
  16:17:40.546  -157.9  1099.7   -120.0   561.4   823.7
  16:17:40.593  -159.4  1097.0   -120.0   559.8   820.9
  16:17:40.640  -160.6  1095.0   -120.0   567.3   813.9
  16:17:40.687  -161.8  1092.9   -120.0   566.1   811.8
  16:17:40.718  -163.1  1090.8   -120.0   564.8   809.7
  16:17:40.765  -164.1  1088.9   -120.0   563.8   807.8
  16:17:40.812  -164.1  1088.9   -120.0   563.8   807.8
  16:17:40.859  -165.3  1086.9   -120.0   562.6   805.8
  16:17:40.890  -166.5  1084.8   -120.0   561.4   803.7
  16:17:40.937  -167.6  1082.8   -120.0   551.6   806.7
  16:17:40.984  -168.8  1080.8   -120.0   550.5   804.8
  16:17:41.031  -169.9  1078.8   -120.0   558.0   797.7
  16:17:41.078  -171.1  1076.7   -120.0   556.8   795.7
  16:17:41.109  -172.4  1074.6   -120.0   555.6   793.6
  16:17:41.156  -173.5  1072.7   -120.0   554.4   791.6
  16:17:41.203  -174.7  1070.6   -120.0   553.2   789.5
  16:17:41.250  -175.8  1068.6   -120.0   552.1   787.5
  16:17:41.281  -175.8  1068.6   -120.0   552.1   787.5
  16:17:41.328  -177.0  1066.6   -120.0   550.9   785.5
  16:17:41.375  -178.4  1064.2   -120.0   549.5   783.1
  16:17:41.406  -179.3  1062.5   -120.0   548.6   781.5
  16:17:41.453  -180.5  1060.5   -120.0   547.4   779.4
  16:17:41.500  -181.7  1058.5   -120.0   546.2   777.4
  16:17:41.546  -182.8  1056.4   -120.0   562.4   765.4
  16:17:41.593  -184.0  1054.5   -120.0   578.6   753.5
  16:17:41.625  -185.1  1052.5   -120.0   577.4   751.4
  16:17:41.671  -185.1  1052.5   -120.0   603.4   736.4
  16:17:41.718  -186.4  1050.3   -120.0   619.5   724.3
  16:17:41.765  -187.5  1048.4   -120.0   618.4   722.4
  16:17:41.796  -188.7  1046.3   -120.0   634.5   710.3
  16:17:41.843  -189.8  1044.3   -120.0   642.0   703.3
  16:17:41.890  -191.0  1042.3   -120.0   640.9   701.3
  16:17:41.937  -192.1  1040.3   -120.0   657.0   689.3
  16:17:41.968  -193.3  1038.3   -120.0   655.9   687.3
  16:17:42.015  -194.5  1036.2   -120.0   654.7   685.2
  16:17:42.062  -195.7  1034.2   -120.0   653.5   683.2
  16:17:42.109  -195.7  1034.2   -120.0   653.5   683.2
  16:17:42.156  -196.8  1032.2   -120.0   652.4   681.2
  16:17:42.187  -198.0  1030.1   -120.0   651.2   679.1
  16:17:42.234  -199.2  1028.1   -120.0   650.0   677.1
  16:17:42.281  -200.4  1026.0   -120.0   648.8   675.1
  16:17:42.328  -201.5  1024.1   -120.0   647.7   673.1
  16:17:42.359  -202.7  1022.1   -120.0   646.5   671.1
  16:17:42.406  -203.9  1020.0   -120.0   645.3   669.0
  16:17:42.453  -205.0  1017.9   -120.0   644.2   666.9
  16:17:42.500  -206.2  1016.0   -120.0   651.7   660.0
  16:17:42.531  -207.3  1013.9   -120.0   650.5   658.0
  16:17:42.578  -207.3  1013.9   -120.0   650.5   658.0
  16:17:42.625  -208.5  1011.9   -120.0   658.0   651.0
  16:17:42.671  -209.7  1009.9   -120.0   648.2   653.9
  16:17:42.703  -210.9  1007.8   -120.0   647.0   651.8
  16:17:42.765  -212.0  1005.8   -120.0   645.8   649.8
  16:17:42.796  -213.6  1003.1   -120.0   644.3   647.1
  16:17:42.843  -213.6  1003.1   -120.0   644.3   647.1
  16:17:42.875  -214.7  1001.1   -120.0   643.1   645.1
  16:17:42.921  -215.9   999.0   -120.0   633.3   648.0
  16:17:42.968  -217.0   997.1   -120.0   640.8   641.1
  16:17:43.015  -218.2   995.0   -120.0   639.6   639.0
  16:17:43.046  -219.4   993.0   -120.0   629.8   642.0
  16:17:43.093  -220.6   990.9   -120.0   628.6   639.9
  16:17:43.140  -221.8   988.9   -120.0   627.4   637.9
  16:17:43.171  -223.0   986.8   -120.0   626.2   635.8
  16:17:43.218  -223.0   986.8   -120.0   626.2   635.8
  16:17:43.265  -224.1   984.8   -120.0   625.1   633.9
  16:17:43.312  -225.3   982.8   -120.0   623.9   631.8
  16:17:43.343  -226.4   980.8   -120.0   631.4   624.8
  16:17:43.390  -227.9   978.2   -120.0   629.9   622.2
  16:17:43.437  -229.2   976.1   -120.0   628.7   620.1
  16:17:43.484  -229.2   976.1   -120.0   628.7   620.1
  16:17:43.515  -230.3   974.0   -120.0   636.2   613.1
  16:17:43.562  -231.5   972.0   -120.0   626.4   616.0
  16:17:43.609  -232.9   969.6   -120.0   633.6   608.6
  16:17:43.656  -233.8   967.9   -120.0   632.7   607.0
  16:17:43.687  -235.0   965.9   -120.0   631.5   604.9
  16:17:43.734  -236.1   963.9   -120.0   639.0   598.0
  16:17:43.781  -237.3   961.9   -120.0   637.8   595.9
  16:17:43.828  -238.5   959.9   -120.0   628.0   598.9
  16:17:43.859  -239.7   957.8   -120.0   626.8   596.9
  16:17:43.906  -239.7   957.8   -120.0   618.2   601.9
  16:17:43.953  -240.8   955.8   -120.0   617.0   599.8
  16:17:44.000  -242.0   953.9   -120.0   633.2   587.9
  16:17:44.031  -243.1   951.8   -120.0   632.0   585.8
  16:17:44.078  -244.4   949.6   -120.0   622.1   588.7
  16:17:44.125  -245.5   947.7   -120.0   629.7   581.8
  16:17:44.187  -246.7   945.6   -120.0   628.5   579.7
  16:17:44.203  -246.7   945.6   -120.0   619.8   584.7
  16:17:44.250  -248.3   942.9   -120.0   618.3   582.0
  16:17:44.296  -249.4   940.9   -120.0   625.8   574.9
  16:17:44.343  -250.6   938.9   -120.0   624.6   573.0
  16:17:44.390  -251.8   936.8   -120.0   632.1   565.9
  16:17:44.421  -252.9   934.9   -120.0   630.9   563.9
  16:17:44.468  -254.0   932.9   -120.0   629.8   562.0
  16:17:44.515  -255.3   930.8   -120.0   645.9   549.9
  16:17:44.531  -255.3   930.8   -120.0   645.9   549.9
  16:17:44.593  -256.4   928.9   -120.0   644.8   547.9
  16:17:44.625  -257.7   926.5   -120.0   652.1   540.6
  16:17:44.671  -258.8   924.7   -120.0   668.4   528.8
  16:17:44.718  -260.0   922.6   -120.0   667.2   526.7
  16:17:44.750  -261.1   920.7   -120.0   900.0   390.0
  16:17:44.796  -262.4   918.5   -120.0   933.4   367.7
  16:17:44.843  -263.4   916.7   -120.0   932.3   365.9
  16:17:57.468  -245.7   726.0    -71.3   938.3  1254.3
  16:17:57.515  -245.0   723.9    -71.3   721.3  1178.3
  16:17:57.562  -244.2   721.5    -71.3   722.1  1175.9
  16:17:57.593  -244.2   721.5    -71.3   646.3  1150.2
  16:17:57.640  -243.2   718.5    -71.3   609.4  1134.4
  16:17:57.687  -242.2   715.7    -71.3   610.4  1131.6
  16:17:57.734  -241.5   713.5    -71.3   601.7  1126.2
  16:17:57.781  -240.7   711.3    -71.3   602.4  1123.9
  16:17:57.812  -240.0   709.1    -71.3   603.2  1121.7
  16:17:57.859  -239.2   706.8    -71.3   594.5  1116.2
  16:17:57.906  -238.5   704.6    -71.3   585.7  1110.9
  16:17:57.953  -237.7   702.4    -71.3   586.5  1108.6
  16:17:57.984  -237.7   702.4    -71.3   596.0  1111.8
  16:17:58.031  -237.0   700.3    -71.3   587.2  1106.5
  16:17:58.078  -236.2   698.0    -71.3   588.0  1104.2
  16:17:58.125  -235.5   695.8    -71.3   588.7  1102.1
  16:17:58.156  -234.7   693.6    -71.3   589.5  1099.8
  16:17:58.203  -234.0   691.4    -71.3   590.2  1097.6
  16:17:58.250  -233.2   689.2    -71.3   581.5  1092.2
  16:17:58.296  -232.5   687.0    -71.3   582.2  1090.0
  16:17:58.359  -231.7   684.7    -71.3   583.0  1087.7
  16:17:58.390  -230.9   682.4    -71.3   583.8  1085.4
  16:17:58.437  -230.2   680.3    -71.3   575.0  1080.1
  16:17:58.484  -229.5   678.1    -71.3   575.8  1077.9
  16:17:58.531  -228.7   675.8    -71.3   576.6  1075.6
  16:17:58.562  -228.7   675.8    -71.3   576.6  1075.6
  16:17:58.609  -228.0   673.6    -71.3   577.3  1073.4
  16:17:58.640  -227.2   671.4    -71.3   568.6  1068.0
  16:17:58.687  -226.4   669.2    -71.3   569.3  1065.7
  16:17:58.734  -225.7   667.0    -71.3   570.1  1063.6
  16:17:58.781  -224.9   664.7    -71.3   570.9  1061.3
  16:17:58.828  -224.2   662.6    -71.3   543.2  1049.5
  16:17:58.843  -224.2   662.6    -71.3   552.6  1052.7
  16:17:58.890  -223.5   660.3    -71.3   553.4  1050.5
  16:17:58.921  -222.7   658.1    -71.3   544.7  1045.0
  16:17:58.968  -222.0   655.9    -71.3   545.4  1042.8
  16:17:59.015  -221.2   653.7    -71.3   546.2  1040.7
  16:17:59.062  -220.4   651.4    -71.3   547.0  1038.3
  16:17:59.093  -219.7   649.2    -71.3   547.7  1036.2
  16:17:59.140  -219.0   647.1    -71.3   548.4  1034.0
  16:17:59.187  -219.0   647.1    -71.3   539.0  1030.8
  16:17:59.234  -218.2   644.8    -71.3   539.7  1028.5
  16:17:59.281  -217.5   642.6    -71.3   531.0  1023.2
  16:17:59.312  -216.7   640.5    -71.3   531.7  1021.0
  16:17:59.359  -216.0   638.2    -71.3   532.5  1018.7
  16:17:59.390  -215.2   635.9    -71.3   533.3  1016.5
  16:17:59.437  -214.4   633.7    -71.3   534.0  1014.2
  16:17:59.468  -214.4   633.7    -71.3   534.0  1014.2
  16:17:59.515  -213.7   631.5    -71.3   534.8  1012.0
  16:17:59.562  -212.9   629.3    -71.3   535.5  1009.8
  16:17:59.609  -212.2   627.1    -71.3   536.3  1007.6
  16:17:59.640  -211.4   624.7    -71.3   518.1   998.8
  16:17:59.687  -210.7   622.6    -71.3   518.8   996.7
  16:17:59.734  -209.9   620.5    -71.3   519.6   994.6
  16:17:59.781  -209.2   618.2    -71.3   520.3   992.3
  16:17:59.828  -208.4   616.1    -71.3   521.1   990.2
  16:17:59.859  -207.7   613.8    -71.3   531.3   991.1
  16:17:59.906  -206.9   611.7    -71.3   522.6   985.8
  16:17:59.953  -206.9   611.7    -71.3   513.1   982.5
  16:18:00.000  -206.2   609.4    -71.3   523.3   983.5
  16:18:00.046  -205.4   607.1    -71.3   514.6   978.0
  16:18:00.078  -204.6   604.6    -71.3   515.5   975.5
  16:18:00.125  -203.9   602.7    -71.3   516.1   973.6
  16:18:00.156  -203.2   600.5    -71.3   516.9   971.4
  16:18:00.203  -202.4   598.4    -71.3   517.6   969.3
  16:18:00.218  -202.4   598.4    -71.3   517.6   969.3
  16:18:00.250  -201.7   596.2    -71.3   508.9   963.8
  16:18:00.296  -200.9   593.9    -71.3   509.6   961.6
  16:18:00.343  -200.9   593.9    -71.3   509.6   961.6
  16:18:00.390  -200.2   591.7    -71.3   510.4   959.4
  16:18:00.421  -199.4   589.4    -71.3   511.1   957.1
  16:18:00.468  -198.6   587.1    -71.3   511.9   954.8
  16:18:00.515  -197.9   585.0    -71.3   512.6   952.7
  16:18:00.562  -197.2   582.8    -71.3   503.9   947.3
  16:18:00.593  -196.4   580.6    -71.3   504.7   945.1
  16:18:00.640  -195.7   578.5    -71.3   495.9   939.7
  16:18:00.687  -194.9   576.2    -71.3   496.7   937.5
  16:18:00.734  -194.1   573.9    -71.3   506.9   938.4
  16:18:00.781  -193.4   571.7    -71.3   498.2   933.0
  16:18:00.828  -192.7   569.5    -71.3   499.0   930.8
  16:18:00.859  -192.7   569.5    -71.3   499.0   930.8
  16:18:00.906  -191.9   567.3    -71.3   490.3   925.3
  16:18:00.953  -191.2   565.1    -71.3   491.0   923.1
  16:18:01.000  -190.4   562.8    -71.3   491.8   920.9
  16:18:01.046  -189.7   560.7    -71.3   492.5   918.7
  16:18:01.078  -188.9   558.4    -71.3   493.3   916.4
  16:18:01.125  -188.1   556.1    -71.3   494.0   914.2
  16:18:01.171  -187.4   554.1    -71.3   485.3   908.9
  16:18:01.218  -186.6   551.8    -71.3   486.0   906.6
  16:18:01.250  -185.9   549.5    -71.3   486.8   904.4
  16:18:01.296  -185.1   547.3    -71.3   478.1   898.9
  16:18:01.343  -185.1   547.3    -71.3   478.1   898.9
  16:18:01.390  -184.4   545.2    -71.3   488.3   900.0
  16:18:01.421  -183.6   542.9    -71.3   489.0   897.7
  16:18:01.468  -182.9   540.6    -71.3   489.8   895.5
  16:18:01.515  -182.1   538.5    -71.3   490.5   893.3
  16:18:01.562  -181.4   536.3    -71.3   491.3   891.2
  16:18:01.593  -180.6   534.0    -71.3   492.1   888.8
  16:18:01.640  -179.9   531.9    -71.3   492.8   886.7
  16:18:01.687  -179.1   529.6    -71.3   503.0   887.7
  16:18:01.734  -179.1   529.6    -71.3   503.0   887.7
  16:18:01.765  -178.4   527.4    -71.3   503.8   885.4
  16:18:01.812  -177.6   525.2    -71.3   514.0   886.4
  16:18:01.859  -176.9   523.0    -71.3   514.8   884.2
  16:18:01.906  -176.1   520.7    -71.3   515.5   882.0
  16:18:01.937  -175.4   518.5    -71.3   525.7   883.0
  16:18:01.984  -174.6   516.2    -71.3   517.0   877.5
  16:18:02.031  -173.9   514.1    -71.3   517.8   875.4
  16:18:02.078  -173.1   511.9    -71.3   528.0   876.3
  16:18:02.109  -173.1   511.9    -71.3   528.0   876.3
  16:18:02.156  -171.6   507.4    -71.3   529.5   871.8
  16:18:02.203  -171.6   507.4    -71.3   529.5   871.8
  16:18:02.265  -170.1   502.9    -71.3   531.0   867.4
  16:18:02.296  -170.1   502.9    -71.3   540.5   870.6
  16:18:02.328  -169.4   500.8    -71.3   541.2   868.5
  16:18:02.375  -168.6   498.6    -71.3   542.0   866.2
  16:18:02.421  -167.9   496.4    -71.3   542.7   864.1
  16:18:02.453  -167.1   494.2    -71.3   552.9   865.1
  16:18:02.500  -166.4   492.0    -71.3   553.7   862.9
  16:18:02.546  -165.6   489.7    -71.3   554.4   860.6
  16:18:02.593  -165.6   489.7    -71.3   554.4   860.6
  16:18:02.640  -164.9   487.6    -71.3   555.1   858.5
  16:18:02.671  -164.1   485.2    -71.3   556.0   856.1
  16:18:02.718  -163.4   483.2    -71.3   556.6   854.1
  16:18:02.765  -162.6   480.9    -71.3   557.4   851.8
  16:18:02.812  -161.8   478.7    -71.3   558.2   849.5
  16:18:02.843  -161.1   476.5    -71.3   568.4   850.6
  16:18:02.890  -160.3   474.2    -71.3   569.2   848.3
  16:18:02.937  -159.6   472.0    -71.3   569.9   846.1
  16:18:02.968  -159.6   472.0    -71.3   569.9   846.1
  16:18:03.015  -158.9   469.8    -71.3   570.6   843.9
  16:18:03.062  -158.1   467.5    -71.3   571.4   841.6
  16:18:03.093  -157.4   465.4    -71.3   572.1   839.5
  16:18:03.140  -156.6   463.2    -71.3   572.9   837.3
  16:18:03.171  -155.9   461.0    -71.3   573.6   835.1
  16:18:03.218  -155.1   458.8    -71.3   574.4   832.9
  16:18:03.265  -155.1   458.8    -71.3   574.4   832.9
  16:18:03.281  -154.3   456.5    -71.3   575.2   830.6
  16:18:03.312  -153.6   454.3    -71.3   575.9   828.4
  16:18:03.359  -152.9   452.2    -71.3   576.6   826.3
  16:18:03.406  -152.9   452.2    -71.3   576.6   826.3
  16:18:03.453  -152.1   449.9    -71.3   577.4   824.0
  16:18:03.500  -151.4   447.7    -71.3   578.1   821.8
  16:18:03.531  -150.6   445.5    -71.3   588.4   822.8
  16:18:03.578  -149.8   443.3    -71.3   589.1   820.6
  16:18:03.625  -149.1   441.0    -71.3   589.9   818.4
  16:18:03.671  -148.3   438.8    -71.3   590.7   816.1
  16:18:03.703  -147.6   436.6    -71.3   600.9   817.1
  16:18:03.750  -146.8   434.3    -71.3   592.2   811.6
  16:18:03.796  -146.1   432.2    -71.3   592.9   809.5
  16:18:03.843  -145.3   430.0    -71.3   593.6   807.3
  16:18:03.875  -145.3   430.0    -71.3   593.6   807.3
  16:18:03.921  -144.6   427.7    -71.3   594.4   805.0
  16:18:03.968  -143.8   425.5    -71.3   595.2   802.8
  16:18:04.015  -143.1   423.3    -71.3   595.9   800.6
  16:18:04.046  -142.3   421.1    -71.3   596.7   798.4
  16:18:04.093  -141.5   418.8    -71.3   588.0   792.9
  16:18:04.140  -140.8   416.7    -71.3   588.7   790.8
  16:18:04.187  -140.1   414.4    -71.3   589.4   788.5
  16:18:04.234  -139.3   412.2    -71.3   590.2   786.3
  16:18:04.265  -138.6   410.0    -71.3   590.9   784.1
  16:18:04.312  -138.6   410.0    -71.3   590.9   784.1
  16:18:04.359  -137.8   407.6    -71.3   582.3   778.5
  16:18:04.406  -137.1   405.6    -71.3   583.0   776.5
  16:18:04.437  -136.3   403.4    -71.3   583.7   774.3
  16:18:04.500  -135.5   401.1    -71.3   575.0   768.8
  16:18:04.531  -134.6   398.2    -71.3   576.0   765.9
  16:18:04.578  -134.6   398.2    -71.3   576.0   765.9
  16:18:04.609  -133.8   395.9    -71.3   576.8   763.6
  16:18:04.656  -133.0   393.7    -71.3   577.5   761.4
  16:18:04.703  -132.3   391.6    -71.3   578.2   759.3
  16:18:04.750  -131.5   389.3    -71.3   560.1   750.5
  16:18:04.781  -130.8   387.2    -71.3   560.8   748.4
  16:18:04.828  -130.1   385.0    -71.3   561.6   746.2
  16:18:04.875  -129.3   382.7    -71.3   562.3   744.0
  16:18:04.921  -129.3   382.7    -71.3   562.3   744.0
  16:18:04.953  -128.3   379.6    -71.3   563.4   740.9
  16:18:05.000  -127.6   377.6    -71.3   564.1   738.8
  16:18:05.046  -126.8   375.4    -71.3   564.8   736.6
  16:18:05.093  -126.0   373.1    -71.3   565.6   734.3
  16:18:05.125  -126.0   373.1    -71.3   565.6   734.3
  16:18:05.171  -125.1   370.2    -71.3   566.6   731.4
  16:18:05.218  -124.3   367.9    -71.3   567.3   729.2
  16:18:05.250  -123.5   365.7    -71.3   568.1   726.9
  16:18:05.296  -122.8   363.5    -71.3   568.8   724.8
  16:18:05.328  -122.0   361.2    -71.3   569.6   722.5
  16:18:05.375  -121.3   359.0    -71.3   570.4   720.2
  16:18:05.421  -120.5   356.8    -71.3   571.1   718.1
  16:18:05.468  -120.5   356.8    -71.3   571.1   718.1
  16:18:05.515  -119.8   354.6    -71.3   581.3   719.1
  16:18:05.546  -118.9   352.0    -71.3   582.2   716.4
  16:18:05.593  -118.0   349.5    -71.3   583.1   713.9
  16:18:05.640  -117.3   347.2    -71.3   593.3   714.9
  16:18:05.671  -116.5   345.0    -71.3   594.0   712.7
  16:18:05.718  -116.5   345.0    -71.3   594.0   712.7
  16:18:05.750  -115.8   342.8    -71.3   594.8   710.5
  16:18:05.796  -115.0   340.6    -71.3   595.5   708.2
  16:18:05.843  -114.3   338.4    -71.3   605.8   709.3
  16:18:05.906  -113.5   336.1    -71.3   606.5   707.0
  16:18:05.937  -112.7   333.9    -71.3   607.3   704.7
  16:18:05.968  -112.0   331.7    -71.3   608.0   702.6
  16:18:06.015  -111.3   329.5    -71.3   608.8   700.4
  16:18:06.062  -110.5   327.4    -71.3   609.5   698.3
  16:18:06.109  -110.5   327.4    -71.3   609.5   698.3
  16:18:06.140  -109.8   325.1    -71.3   619.7   699.2
  16:18:06.187  -109.0   322.8    -71.3   620.5   696.9
  16:18:06.234  -108.3   320.6    -71.3   621.2   694.7
  16:18:06.281  -107.5   318.4    -71.3   622.0   692.5
  16:18:06.328  -106.8   316.2    -71.3   622.7   690.3
  16:18:06.359  -106.0   314.0    -71.3   633.0   691.3
  16:18:06.406  -105.2   311.8    -71.3   624.3   685.9
  16:18:06.453  -104.5   309.6    -71.3   625.0   683.7
  16:18:06.500  -103.7   307.3    -71.3   625.8   681.4
  16:18:06.531  -103.7   307.3    -71.3   635.2   684.6
  16:18:06.578  -103.0   305.1    -71.3   636.0   682.4
  16:18:06.625  -102.2   302.8    -71.3   636.7   680.2
  16:18:06.656  -101.5   300.7    -71.3   646.9   681.2
  16:18:06.703  -100.7   298.5    -71.3   647.7   679.0
  16:18:06.750  -100.0   296.4    -71.3   648.4   676.9
  16:18:06.796   -99.2   294.0    -71.3   649.2   674.6
  16:18:06.843   -98.5   291.9    -71.3   649.9   672.4
  16:18:06.875   -97.7   289.6    -71.3   650.7   670.2
  16:18:06.921   -97.0   287.4    -71.3   651.5   667.9
  16:18:06.968   -97.0   287.4    -71.3   651.5   667.9
  16:18:07.015   -96.2   285.1    -71.3   661.7   668.9
  16:18:07.046   -95.5   283.0    -71.3   662.4   666.7
  16:18:07.093   -94.7   280.7    -71.3   663.2   664.5
  16:18:07.140   -94.0   278.6    -71.3   663.9   662.3
  16:18:07.187   -93.2   276.3    -71.3   664.7   660.0
  16:18:07.218   -92.5   274.1    -71.3   665.4   657.8
  16:18:07.265   -91.7   271.9    -71.3   666.2   655.6
  16:18:07.312   -91.0   269.7    -71.3   657.5   650.2
  16:18:07.359   -90.3   267.6    -71.3   658.2   648.1
  16:18:07.406   -89.5   265.4    -71.3   668.4   649.1
  16:18:07.437   -89.5   265.4    -71.3   668.4   649.1
  16:18:07.484   -88.7   263.1    -71.3   669.2   646.8
  16:18:07.531   -88.0   260.8    -71.3   669.9   644.6
  16:18:07.578   -87.2   258.5    -71.3   670.7   642.3
  16:18:07.609   -86.5   256.5    -71.3   671.4   640.2
  16:18:07.656   -85.7   254.2    -71.3   672.2   637.9
  16:18:07.703   -85.0   252.0    -71.3   663.5   632.5
  16:18:07.750   -84.2   249.8    -71.3   664.2   630.3
  16:18:07.781   -83.5   247.6    -71.3   664.9   628.2
  16:18:07.828   -83.5   247.6    -71.3   664.9   628.2
  16:18:07.875   -82.7   245.4    -71.3   665.7   625.9
  16:18:07.921   -82.0   243.1    -71.3   666.5   623.7
  16:18:07.953   -81.2   240.9    -71.3   667.2   621.4
  16:18:08.000   -80.5   238.7    -71.3   668.0   619.3
  16:18:08.046   -79.7   236.5    -71.3   668.7   617.1
  16:18:08.093   -79.0   234.2    -71.3   660.0   611.6
  16:18:08.125   -78.2   232.1    -71.3   660.8   609.4
  16:18:08.171   -77.5   229.8    -71.3   661.5   607.1
  16:18:08.203   -77.5   229.8    -71.3   652.0   603.9
  16:18:08.250   -76.7   227.7    -71.3   652.8   601.8
  16:18:08.296   -76.0   225.4    -71.3   653.5   599.5
  16:18:08.312   -75.2   223.2    -71.3   654.3   597.3
  16:18:08.375   -74.5   221.0    -71.3   655.0   595.1
  16:18:08.406   -73.7   218.7    -71.3   655.8   592.8
  16:18:08.453   -73.7   218.7    -71.3   636.9   586.4
  16:18:08.484   -73.0   216.5    -71.3   637.6   584.2
  16:18:08.531   -72.2   214.2    -71.3   657.3   588.3
  16:18:08.578   -71.4   212.0    -71.3   648.6   582.9
  16:18:08.625   -70.7   209.9    -71.3   649.3   580.7
  16:18:08.656   -70.0   207.7    -71.3   650.1   578.6
  16:18:08.703   -69.2   205.5    -71.3   650.8   576.4
  16:18:08.750   -68.5   203.3    -71.3   651.6   574.2
  16:18:08.796   -67.7   200.9    -71.3   652.4   571.8
  16:18:08.828   -67.7   200.9    -71.3   642.9   568.6
  16:18:08.875   -66.9   198.8    -71.3   643.6   566.5
  16:18:08.921   -66.2   196.6    -71.3   644.4   564.3
  16:18:08.968   -65.5   194.5    -71.3   645.1   562.1
  16:18:09.000   -64.7   192.1    -71.3   645.9   559.8
  16:18:09.046   -63.9   189.9    -71.3   646.6   557.6
  16:18:09.093   -63.2   187.8    -71.3   647.4   555.5
  16:18:09.125   -62.4   185.5    -71.3   648.1   553.2
  16:18:09.171   -62.4   185.5    -71.3   648.1   553.2
  16:18:09.218   -61.5   182.8    -71.3   649.0   550.5
  16:18:09.265   -60.7   180.4    -71.3   640.4   544.9
  16:18:09.296   -59.9   178.2    -71.3   641.2   542.6
  16:18:09.359   -59.2   175.9    -71.3   641.9   540.4
  16:18:09.390   -58.4   173.7    -71.3   633.2   534.9
  16:18:09.421   -57.7   171.5    -71.3   643.4   536.0
  16:18:09.468   -57.7   171.5    -71.3   643.4   536.0
  16:18:09.515   -56.9   169.3    -71.3   644.2   533.8
  16:18:09.562   -56.2   167.0    -71.3   644.9   531.5
  16:18:09.609   -55.4   164.9    -71.3   645.7   529.3
  16:18:09.640   -54.7   162.6    -71.3   646.4   527.1
  16:18:09.687   -53.9   160.4    -71.3   647.2   524.9
  16:18:09.734   -53.1   158.1    -71.3   647.9   522.6
  16:18:09.781   -52.4   155.9    -71.3   648.7   520.4
  16:18:09.812   -51.7   153.7    -71.3   658.9   521.4
  16:18:09.859   -50.9   151.6    -71.3   659.6   519.3
  16:18:09.906   -50.9   151.6    -71.3   659.6   519.3
  16:18:09.953   -49.4   147.1    -71.3   661.1   514.8
  16:18:09.984   -49.4   147.1    -71.3   670.6   518.0
  16:18:10.031   -48.6   144.8    -71.3   671.4   515.7
  16:18:10.078   -47.9   142.7    -71.3   681.6   516.8
  16:18:10.125   -47.1   140.4    -71.3   682.4   514.5
  16:18:10.156   -46.4   138.3    -71.3   683.1   512.4
  16:18:10.203   -45.7   136.1    -71.3   683.8   510.2
  16:18:10.250   -44.9   133.8    -71.3   684.6   507.9
  16:18:10.296   -44.1   131.5    -71.3   685.4   505.6
  16:18:10.343   -44.1   131.5    -71.3   685.4   505.6
  16:18:10.375   -43.4   129.5    -71.3   686.1   503.6
  16:18:10.421   -42.5   126.7    -71.3   687.0   500.8
  16:18:10.468   -41.9   125.0    -71.3   706.5   505.6
  16:18:10.515   -41.1   122.7    -71.3   707.3   503.2
  16:18:10.546   -40.4   120.6    -71.3   708.0   501.1
  16:18:10.593   -39.5   117.8    -71.3   709.0   498.3
  16:18:10.640   -39.5   117.8    -71.3   718.4   501.5
  16:18:10.671   -38.6   115.3    -71.3   719.3   499.1
  16:18:10.718   -37.9   113.1    -71.3   720.0   496.8
  16:18:10.765   -37.2   111.0    -71.3   711.3   491.5
  16:18:10.812   -36.4   108.7    -71.3   712.0   489.3
  16:18:10.859   -35.6   106.4    -71.3   722.3   490.2
  16:18:10.890   -34.9   104.2    -71.3   713.6   484.7
  16:18:10.937   -34.1   102.1    -71.3   714.3   482.6
  16:18:10.984   -33.4    99.9    -71.3   734.0   486.8
  16:18:11.031   -32.6    97.7    -71.3   734.7   484.6
  16:18:11.078   -31.9    95.5    -71.3   735.5   482.4
  16:18:11.109   -31.9    95.5    -71.3   735.5   482.4
  16:18:11.156   -31.1    93.2    -71.3   736.2   480.2
  16:18:11.203   -30.4    90.9    -71.3   737.0   477.9
  16:18:11.250   -29.4    88.1    -71.3   747.5   478.2
  16:18:11.281   -28.6    85.8    -71.3   757.7   479.2
  16:18:11.328   -27.9    83.6    -71.3   758.4   477.0
  16:18:11.375   -27.1    81.4    -71.3   759.2   474.8
  16:18:11.421   -27.1    81.4    -71.3   749.7   471.6
  16:18:11.468   -26.4    79.1    -71.3   750.5   469.3
  16:18:11.500   -25.6    77.0    -71.3   751.2   467.1
  16:18:11.546   -24.9    74.8    -71.3   752.0   465.0
  16:18:11.593   -24.1    72.5    -71.3   752.8   462.6
  16:18:11.625   -23.4    70.3    -71.3   763.0   463.7
  16:18:11.671   -22.6    68.1    -71.3   773.2   464.6
  16:18:11.718   -21.9    65.9    -71.3   773.9   462.5
  16:18:11.765   -21.1    63.6    -71.3   774.7   460.2
  16:18:11.812   -20.3    61.4    -71.3   775.4   458.0
  16:18:11.843   -20.3    61.4    -71.3   775.4   458.0
  16:18:11.875   -19.6    59.2    -71.3   776.2   455.8
  16:18:11.921   -18.9    57.1    -71.3   795.8   460.1
  16:18:11.968   -18.1    54.8    -71.3   796.6   457.8
  16:18:12.015   -17.3    52.5    -71.3   797.4   455.5
  16:18:12.046   -16.6    50.4    -71.3   798.1   453.4
  16:18:12.093   -15.8    48.1    -71.3   798.9   451.2
  16:18:12.140   -15.8    48.1    -71.3   808.4   454.4
  16:18:12.187   -15.1    46.0    -71.3   799.6   449.0
  16:18:12.234   -14.4    43.8    -71.3   800.4   446.8
  16:18:12.265   -13.6    41.6    -71.3   801.1   444.6
  16:18:12.296   -12.9    39.3    -71.3   801.9   442.3
  16:18:12.343   -12.1    37.2    -71.3   774.2   430.5
  16:18:12.390   -11.3    34.9    -71.3   803.4   437.9
  16:18:12.437   -10.6    32.7    -71.3   813.6   438.9
  16:18:12.468   -10.6    32.7    -71.3   813.6   438.9
  16:18:12.515    -9.9    30.5    -71.3   823.8   440.0
  16:18:12.562    -9.1    28.2    -71.3   824.6   437.6
  16:18:12.609    -8.3    25.9    -71.3   825.4   435.3
  16:18:12.640    -7.4    23.4    -71.3   845.2   439.2
  16:18:12.687    -6.6    20.9    -71.3   836.5   433.5
  16:18:12.734    -6.6    20.9    -71.3   836.5   433.5
  16:18:12.781    -5.9    18.7    -71.3   837.3   431.3
  16:18:12.812    -5.1    16.3    -71.3   857.0   435.4
  16:18:12.859    -4.4    14.3    -71.3   848.3   430.1
  16:18:12.906    -3.6    11.9    -71.3   858.5   431.0
  16:18:12.937    -2.9     9.8    -71.3   859.2   428.9
  16:18:12.984    -2.1     7.6    -71.3   850.5   423.4
  16:18:13.031    -1.3     5.3    -71.3   851.3   421.2
  16:18:13.078    -0.6     3.2    -71.3   861.5   422.2
  16:18:13.109     0.2     0.9    -71.3   862.2   420.0
  16:18:13.156     0.6    -0.4    -71.3   872.2   421.8
  16:18:13.203     0.6    -0.4    -71.3   881.6   425.1
  16:18:13.250     0.7    -0.5    -71.3   881.7   424.9
  16:18:13.296     0.7    -0.5    -71.3   910.1   434.6
  16:18:13.343     0.7    -0.5    -71.3   891.2   428.1
  16:18:13.375     0.7    -0.5    -71.3   881.7   424.9
  16:18:13.640     0.7    -0.5    -71.3   891.2   428.1
  16:18:13.640     0.7    -0.5    -71.3   900.6   431.4
  16:18:13.640     0.7    -0.5    -71.3   900.6   431.4
  16:18:13.640     0.7    -0.5    -71.3   900.6   431.4
  16:18:13.640     0.7    -0.5    -71.3   900.6   431.4
  16:18:13.640     0.7    -0.5    -71.3   891.2   428.1
  16:18:13.687     0.7    -0.5    -71.3   900.6   431.4
  16:18:13.718     0.7    -0.5    -71.3   900.6   431.4
  16:18:13.765     0.7    -0.5    -71.3   891.2   428.1
  16:18:13.812     0.7    -0.5    -71.3   891.2   428.1
  16:18:13.859     0.7    -0.5    -71.3   891.2   428.1
  16:18:13.890     0.7    -0.5    -71.3   891.2   428.1
