Лабораторная работа 1. Анализ сенсорных данных об объекте

Маршрут: квадрат
Направление движения: против часовой стрелки
Скорость движения: 50.0 мм/с
Рабочий дальномер: левый (Rf_L)

Выходная информация: положение робота, координаты точек объекта

          Time   X_rob   Y_rob  Ang_rob   X_obj   Y_obj
  чч:мм:сс.ссс      мм      мм     град      мм      мм
  17:06:24.109   660.4     0.0      0.0   540.4  1001.0
  17:06:24.140   660.4     0.0      0.0   540.4   851.0
  17:06:24.171   663.4     0.0      0.0   543.4   851.0
  17:06:24.203   663.4     0.0      0.0   543.4   611.0
  17:06:24.250   665.7     0.0      0.0   545.7   551.0
  17:06:24.281   668.2     0.0      0.0   548.2   551.0
  17:06:24.328   670.4     0.0      0.0   550.4   531.0
  17:06:24.375   672.8     0.0      0.0   552.8   531.0
  17:06:24.421   675.1     0.0      0.0   555.1   531.0
  17:06:24.453   677.4     0.0      0.0   557.4   531.0
  17:06:24.515   679.8     0.0      0.0   559.8   531.0
  17:06:24.546   679.8     0.0      0.0   559.8   541.0
  17:06:24.593   682.9     0.0      0.0   562.9   531.0
  17:06:24.625   685.3     0.0      0.0   565.3   531.0
  17:06:24.671   687.7     0.0      0.0   567.7   531.0
  17:06:24.703   690.0     0.0      0.0   570.0   531.0
  17:06:24.750   692.3     0.0      0.0   572.3   531.0
  17:06:24.796   694.7     0.0      0.0   574.7   531.0
  17:06:24.843   694.7     0.0      0.0   574.7   531.0
  17:06:24.859   697.0     0.0      0.0   577.0   531.0
  17:06:24.906   699.3     0.0      0.0   579.3   531.0
  17:06:24.953   701.6     0.0      0.0   581.6   531.0
  17:06:24.984   704.0     0.0      0.0   584.0   531.0
  17:06:25.031   706.4     0.0      0.0   586.4   531.0
  17:06:25.078   706.4     0.0      0.0   586.4   531.0
  17:06:25.109   708.6     0.0      0.0   588.6   531.0
  17:06:25.156   711.0     0.0      0.0   591.0   531.0
  17:06:25.203   713.4     0.0      0.0   593.4   531.0
  17:06:25.234   715.7     0.0      0.0   595.7   531.0
  17:06:25.281   718.1     0.0      0.0   598.1   531.0
  17:06:25.328   720.3     0.0      0.0   600.3   531.0
  17:06:25.375   722.6     0.0      0.0   602.6   531.0
  17:06:25.406   722.6     0.0      0.0   602.6   531.0
  17:06:25.453   725.1     0.0      0.0   605.1   531.0
  17:06:25.500   727.4     0.0      0.0   607.4   531.0
  17:06:25.546   729.8     0.0      0.0   609.8   531.0
  17:06:25.578   732.0     0.0      0.0   612.0   531.0
  17:06:25.625   734.3     0.0      0.0   614.3   531.0
  17:06:25.671   736.7     0.0      0.0   616.7   531.0
  17:06:25.703   739.1     0.0      0.0   619.1   521.0
  17:06:25.750   741.4     0.0      0.0   621.4   521.0
  17:06:25.796   743.8     0.0      0.0   623.8   531.0
  17:06:25.843   743.8     0.0      0.0   623.8   531.0
  17:06:25.890   746.1     0.0      0.0   626.1   531.0
  17:06:25.937   748.5     0.0      0.0   628.5   531.0
  17:06:25.968   750.7     0.0      0.0   630.7   531.0
  17:06:26.015   753.1     0.0      0.0   633.1   531.0
  17:06:26.062   755.5     0.0      0.0   635.5   531.0
  17:06:26.093   757.7     0.0      0.0   637.7   531.0
  17:06:26.140   760.2     0.0      0.0   640.2   531.0
  17:06:26.187   762.4     0.0      0.0   642.4   531.0
  17:06:26.218   762.4     0.0      0.0   642.4   531.0
  17:06:26.265   764.7     0.0      0.0   644.7   531.0
  17:06:26.312   767.2     0.0      0.0   647.2   531.0
  17:06:26.359   769.5     0.0      0.0   649.5   531.0
  17:06:26.406   771.9     0.0      0.0   651.9   521.0
  17:06:26.437   774.2     0.0      0.0   654.2   521.0
  17:06:26.484   776.6     0.0      0.0   656.6   521.0
  17:06:26.531   778.8     0.0      0.0   658.8   521.0
  17:06:26.578   781.4     0.0      0.0   661.4   521.0
  17:06:26.609   783.4     0.0      0.0   663.4   521.0
  17:06:26.656   783.4     0.0      0.0   663.4   521.0
  17:06:26.703   785.9     0.0      0.0   665.9   521.0
  17:06:26.734   788.2     0.0      0.0   668.2   521.0
  17:06:26.781   791.6     0.0      0.0   671.6   521.0
  17:06:26.812   791.6     0.0      0.0   671.6   521.0
  17:06:26.859   793.6     0.0      0.0   673.6   521.0
  17:06:26.906   795.9     0.0      0.0   675.9   521.0
  17:06:26.937   798.3     0.0      0.0   678.3   521.0
  17:06:26.984   800.6     0.0      0.0   680.6   521.0
  17:06:27.031   803.1     0.0      0.0   683.1   521.0
  17:06:27.078   805.4     0.0      0.0   685.4   521.0
  17:06:27.125   807.6     0.0      0.0   687.6   521.0
  17:06:27.171   810.0     0.0      0.0   690.0   521.0
  17:06:27.203   810.0     0.0      0.0   690.0   521.0
  17:06:27.250   813.2     0.0      0.0   693.2   521.0
  17:06:27.296   815.5     0.0      0.0   695.5   521.0
  17:06:27.328   817.8     0.0      0.0   697.8   521.0
  17:06:27.375   820.8     0.0      0.0   700.8   521.0
  17:06:27.421   820.8     0.0      0.0   700.8   521.0
  17:06:27.468   823.3     0.0      0.0   703.3   521.0
  17:06:27.500   825.6     0.0      0.0   705.6   521.0
  17:06:27.546   827.9     0.0      0.0   707.9   521.0
  17:06:27.593   830.3     0.0      0.0   710.3   521.0
  17:06:27.640   832.5     0.0      0.0   712.5   521.0
  17:06:27.656   832.5     0.0      0.0   712.5   521.0
  17:06:27.703   834.9     0.0      0.0   714.9   521.0
  17:06:27.734   837.3     0.0      0.0   717.3   521.0
  17:06:27.781   839.6     0.0      0.0   719.6   521.0
  17:06:27.828   841.9     0.0      0.0   721.9   521.0
  17:06:27.875   844.3     0.0      0.0   724.3   521.0
  17:06:27.906   846.7     0.0      0.0   726.7   521.0
  17:06:27.953   846.7     0.0      0.0   726.7   521.0
  17:06:27.984   849.1     0.0      0.0   729.1   521.0
  17:06:28.031   851.3     0.0      0.0   731.3   521.0
  17:06:28.078   853.6     0.0      0.0   733.6   521.0
  17:06:28.125   856.1     0.0      0.0   736.1   521.0
  17:06:28.171   858.4     0.0      0.0   738.4   511.0
  17:06:28.203   860.7     0.0      0.0   740.7   511.0
  17:06:28.250   863.0     0.0      0.0   743.0   511.0
  17:06:28.296   865.4     0.0      0.0   745.4   511.0
  17:06:28.343   867.8     0.0      0.0   747.8   511.0
  17:06:28.375   867.8     0.0      0.0   747.8   511.0
  17:06:28.421   870.1     0.0      0.0   750.1   511.0
  17:06:28.468   872.4     0.0      0.0   752.4   511.0
  17:06:28.515   874.7     0.0      0.0   754.7   521.0
  17:06:28.546   877.2     0.0      0.0   757.2   521.0
  17:06:28.593   879.4     0.0      0.0   759.4   521.0
  17:06:28.640   881.7     0.0      0.0   761.7   521.0
  17:06:28.687   884.1     0.0      0.0   764.1   521.0
  17:06:28.718   886.4     0.0      0.0   766.4   521.0
  17:06:28.781   888.8     0.0      0.0   768.8   521.0
  17:06:28.812   888.8     0.0      0.0   768.8   511.0
  17:06:28.859   891.1     0.0      0.0   771.1   521.0
  17:06:28.890   893.5     0.0      0.0   773.5   521.0
  17:06:28.937   895.8     0.0      0.0   775.8   511.0
  17:06:28.984   898.2     0.0      0.0   778.2   511.0
  17:06:29.031   900.5     0.0      0.0   780.5   511.0
  17:06:29.062   902.8     0.0      0.0   782.8   511.0
  17:06:29.109   905.2     0.0      0.0   785.2   511.0
  17:06:29.156   907.5     0.0      0.0   787.5   521.0
  17:06:29.203   909.8     0.0      0.0   789.8   511.0
  17:06:29.250   909.8     0.0      0.0   789.8   511.0
  17:06:29.281   912.2     0.0      0.0   792.2   511.0
  17:06:29.328   914.5     0.0      0.0   794.5   511.0
  17:06:29.375   916.8     0.0      0.0   796.8   511.0
  17:06:29.421   919.1     0.0      0.0   799.1   511.0
  17:06:29.453   921.5     0.0      0.0   801.5   511.0
  17:06:29.500   923.9     0.0      0.0   803.9   511.0
  17:06:29.546   926.2     0.0      0.0   806.2   511.0
  17:06:29.593   928.5     0.0      0.0   808.5   511.0
  17:06:29.625   928.5     0.0      0.0   808.5   511.0
  17:06:29.671   930.8     0.0      0.0   810.8   511.0
  17:06:29.718   933.3     0.0      0.0   813.3   511.0
  17:06:29.750   935.7     0.0      0.0   815.7   521.0
  17:06:29.796   937.8     0.0      0.0   817.8   521.0
  17:06:29.828   940.3     0.0      0.0   820.3   521.0
  17:06:29.875   942.5     0.0      0.0   822.5   531.0
  17:06:29.921   945.0     0.0      0.0   825.0   561.0
  17:06:29.968   945.0     0.0      0.0   825.0   561.0
  17:06:30.015   947.3     0.0      0.0   827.3   621.0
  17:06:30.031   949.6     0.0      0.0   829.6   621.0
  17:06:30.078   952.0     0.0      0.0   832.0   621.0
  17:06:30.125   954.3     0.0      0.0   834.3   631.0
  17:06:30.171   956.7     0.0      0.0   836.7   641.0
  17:06:30.203   959.0     0.0      0.0   839.0   641.0
  17:06:30.250   959.0     0.0      0.0   839.0   641.0
  17:06:30.296   961.3     0.0      0.0   841.3   641.0
  17:06:30.328   963.7     0.0      0.0   843.7   641.0
  17:06:30.375   965.9     0.0      0.0   845.9   641.0
  17:06:30.421   968.4     0.0      0.0   848.4   641.0
  17:06:30.468   970.7     0.0      0.0   850.7   641.0
  17:06:30.515   972.9     0.0      0.0   852.9   641.0
  17:06:30.546   975.3     0.0      0.0   855.3   641.0
  17:06:30.593   977.6     0.0      0.0   857.6   641.0
  17:06:30.640   980.0     0.0      0.0   860.0   641.0
  17:06:30.687   980.0     0.0      0.0   860.0   641.0
  17:06:30.718   982.3     0.0      0.0   862.3   641.0
  17:06:30.765   984.7     0.0      0.0   864.7   641.0
  17:06:30.812   987.0     0.0      0.0   867.0   641.0
  17:06:30.859   989.6     0.0      0.0   869.6   641.0
  17:06:30.890   991.7     0.0      0.0   871.7   641.0
  17:06:30.937   994.1     0.0      0.0   874.1   641.0
  17:06:30.984   996.3     0.0      0.0   876.3   641.0
  17:06:31.031   998.8     0.0      0.0   878.8   641.0
  17:06:31.062  1001.0     0.0      0.0   881.0   641.0
  17:06:31.093  1001.0     0.0      0.0   881.0   641.0
  17:06:31.140  1003.5     0.0      0.0   883.5   641.0
  17:06:31.171  1005.7     0.0      0.0   885.7   641.0
  17:06:31.234  1008.0     0.0      0.0   888.0   641.0
  17:06:31.265  1010.5     0.0      0.0   890.5   641.0
  17:06:31.312  1010.5     0.0      0.0   890.5   641.0
  17:06:31.343  1012.8     0.0      0.0   892.8   641.0
  17:06:31.390  1015.2     0.0      0.0   895.2   641.0
  17:06:31.437  1017.4     0.0      0.0   897.4   641.0
  17:06:31.468  1019.8     0.0      0.0   899.8   631.0
  17:06:31.515  1022.1     0.0      0.0   902.1   631.0
  17:06:31.562  1024.4     0.0      0.0   904.4   641.0
  17:06:31.609  1026.8     0.0      0.0   906.8   641.0
  17:06:31.640  1029.2     0.0      0.0   909.2   641.0
  17:06:31.687  1031.5     0.0      0.0   911.5   631.0
  17:06:31.734  1031.5     0.0      0.0   911.5   631.0
  17:06:31.781  1033.8     0.0      0.0   913.8   641.0
  17:06:31.812  1036.1     0.0      0.0   916.1   641.0
  17:06:31.859  1038.5     0.0      0.0   918.5   641.0
  17:06:31.906  1040.8     0.0      0.0   920.8   641.0
  17:06:31.953  1043.1     0.0      0.0   923.1   651.0
  17:06:32.000  1045.7     0.0      0.0   925.7   651.0
  17:06:32.031  1047.8     0.0      0.0   927.8   651.0
  17:06:32.078  1050.2     0.0      0.0   930.2   671.0
  17:06:32.125  1052.5     0.0      0.0   932.5   671.0
  17:06:32.171  1054.8     0.0      0.0   934.8   701.0
  17:06:32.234  1057.3     0.0      0.0   937.3   711.0
  17:06:32.250  1057.3     0.0      0.0   937.3   711.0
  17:06:32.296  1059.7     0.0      0.0   939.7   741.0
  17:06:32.343  1061.9     0.0      0.0   941.9   751.0
  17:06:32.390  1064.3     0.0      0.0   944.3   751.0
  17:06:32.421  1066.5     0.0      0.0   946.5   781.0
  17:06:32.468  1068.8     0.0      0.0   948.8   781.0
  17:06:32.515  1071.2     0.0      0.0   951.2   781.0
  17:06:32.562  1073.5     0.0      0.0   953.5  1031.0
  17:06:32.609  1076.0     0.0      0.0   956.0  1181.0
  17:06:32.656  1076.0     0.0      0.0   956.0  1181.0
  17:06:59.437  1414.3   646.3     90.0   183.3   526.0
  17:06:59.468  1414.3   646.3     90.0   433.3   526.1
  17:06:59.515  1414.3   648.6     90.0   433.3   528.3
  17:06:59.562  1414.3   651.0     90.0   763.3   530.8
  17:06:59.593  1414.3   653.3     90.0   793.3   533.1
  17:06:59.640  1414.3   655.6     90.0   793.3   535.5
  17:06:59.687  1414.3   658.0     90.0   813.3   537.9
  17:06:59.734  1414.3   660.4     90.0   823.3   540.2
  17:06:59.765  1414.3   662.7     90.0   823.3   542.6
  17:06:59.812  1414.3   665.0     90.0   823.3   544.9
  17:06:59.843  1414.3   665.0     90.0   823.3   544.9
  17:06:59.890  1414.3   667.4     90.0   823.3   547.3
  17:06:59.937  1414.3   669.7     90.0   823.3   549.6
  17:06:59.984  1414.3   672.0     90.0   823.3   551.8
  17:07:00.015  1414.3   674.3     90.0   823.3   554.2
  17:07:00.062  1414.3   676.6     90.0   823.3   556.5
  17:07:00.109  1414.3   679.0     90.0   833.3   558.9
  17:07:00.156  1414.3   681.4     90.0   823.3   561.2
  17:07:00.187  1414.3   681.4     90.0   823.3   561.2
  17:07:00.234  1414.3   683.8     90.0   823.3   563.7
  17:07:00.265  1414.3   686.1     90.0   823.3   566.0
  17:07:00.296  1414.3   688.5     90.0   823.3   568.3
  17:07:00.328  1414.3   688.5     90.0   823.3   568.3
  17:07:00.375  1414.3   690.7     90.0   823.3   570.5
  17:07:00.421  1414.3   693.1     90.0   823.3   572.9
  17:07:00.484  1414.3   695.4     90.0   833.3   575.3
  17:07:00.500  1414.3   698.3     90.0   823.3   578.2
  17:07:00.546  1414.3   700.9     90.0   823.3   580.7
  17:07:00.593  1414.3   700.9     90.0   823.3   580.7
  17:07:00.625  1414.3   703.2     90.0   823.3   583.0
  17:07:00.671  1414.3   705.5     90.0   823.3   585.4
  17:07:00.718  1414.3   708.0     90.0   823.3   587.8
  17:07:00.765  1414.3   710.2     90.0   823.3   590.1
  17:07:00.796  1414.3   712.7     90.0   823.3   592.5
  17:07:00.843  1414.3   714.8     90.0   833.3   594.7
  17:07:00.890  1414.3   717.2     90.0   823.3   597.1
  17:07:00.921  1414.3   719.6     90.0   833.3   599.5
  17:07:00.968  1414.3   719.6     90.0   833.3   599.5
  17:07:01.015  1414.2   721.9     90.0   833.3   601.8
  17:07:01.062  1414.2   724.4     90.0   833.3   604.2
  17:07:01.109  1414.2   726.7     90.0   833.3   606.6
  17:07:01.156  1414.2   729.8     90.0   833.3   609.7
  17:07:01.187  1414.2   732.1     90.0   833.3   612.0
  17:07:01.234  1414.2   732.1     90.0   833.3   612.0
  17:07:01.281  1414.2   734.4     90.0   833.3   614.2
  17:07:01.312  1414.2   736.9     90.0   833.3   616.8
  17:07:01.343  1414.2   739.1     90.0   833.3   619.0
  17:07:01.390  1414.2   741.5     90.0   833.3   621.3
  17:07:01.437  1414.2   743.7     90.0   833.3   623.6
  17:07:01.468  1414.2   743.7     90.0   833.3   623.6
  17:07:01.515  1414.2   746.0     90.0   833.3   625.9
  17:07:01.562  1414.2   748.5     90.0   833.3   628.3
  17:07:01.593  1414.2   750.9     90.0   833.3   630.7
  17:07:01.640  1414.2   753.1     90.0   833.3   633.0
  17:07:01.703  1414.2   755.5     90.0   833.3   635.4
  17:07:01.734  1414.2   757.7     90.0   833.3   637.6
  17:07:01.765  1414.2   760.1     90.0   833.3   639.9
  17:07:01.812  1414.2   762.4     90.0   833.3   642.3
  17:07:01.859  1414.2   762.4     90.0   833.3   642.3
  17:07:01.906  1414.2   764.8     90.0   833.3   644.6
  17:07:01.937  1414.2   767.2     90.0   833.3   647.0
  17:07:01.984  1414.2   769.5     90.0   833.3   649.4
  17:07:02.031  1414.2   771.9     90.0   833.3   651.8
  17:07:02.062  1414.2   774.2     90.0   833.3   654.1
  17:07:02.109  1414.2   777.0     90.0   833.3   656.9
  17:07:02.156  1414.2   778.9     90.0   833.3   658.8
  17:07:02.203  1414.2   781.1     90.0   833.3   661.0
  17:07:02.234  1414.2   783.4     90.0   833.3   663.3
  17:07:02.312  1414.2   785.8     90.0   833.3   665.7
  17:07:02.328  1414.2   785.8     90.0   833.3   665.7
  17:07:02.375  1414.2   788.9     90.0   853.3   668.8
  17:07:02.421  1414.2   791.3     90.0   853.3   671.2
  17:07:02.453  1414.2   793.7     90.0   893.3   673.6
  17:07:02.500  1414.2   796.1     90.0   903.3   676.0
  17:07:02.546  1414.2   798.4     90.0   903.3   678.3
  17:07:02.593  1414.2   798.4     90.0   913.3   678.3
  17:07:02.625  1414.2   800.7     90.0   913.3   680.6
  17:07:02.671  1414.2   803.1     90.0   913.3   683.0
  17:07:02.718  1414.2   805.4     90.0   913.3   685.3
  17:07:02.765  1414.2   807.7     90.0   923.3   687.6
  17:07:02.796  1414.2   810.1     90.0   923.3   690.0
  17:07:02.843  1414.2   812.4     90.0   923.3   692.3
  17:07:02.890  1414.2   814.7     90.0   923.3   694.6
  17:07:02.921  1414.2   817.0     90.0   923.3   696.9
  17:07:02.968  1414.2   819.3     90.0   923.3   699.2
  17:07:03.015  1414.2   819.3     90.0   923.3   699.2
  17:07:03.062  1414.2   821.8     90.0   923.3   701.7
  17:07:03.109  1414.2   824.0     90.0   923.3   703.9
  17:07:03.156  1414.2   826.5     90.0   923.3   706.4
  17:07:03.187  1414.2   828.9     90.0   923.3   708.8
  17:07:03.234  1414.2   831.1     90.0   923.3   711.0
  17:07:03.281  1414.2   833.4     90.0   923.3   713.3
  17:07:03.328  1414.2   835.8     90.0   923.3   715.7
  17:07:03.359  1414.2   838.1     90.0   923.3   718.0
  17:07:03.406  1414.2   840.4     90.0   923.3   720.3
  17:07:03.453  1414.2   842.8     90.0   923.3   722.7
  17:07:03.500  1414.2   842.8     90.0   923.3   722.7
  17:07:03.531  1414.2   845.2     90.0   923.2   725.1
  17:07:03.578  1414.2   847.5     90.0   923.2   727.4
  17:07:03.625  1414.2   849.8     90.0   923.2   729.7
  17:07:03.671  1414.2   852.2     90.0   923.2   732.1
  17:07:03.718  1414.2   854.6     90.0   923.2   734.5
  17:07:03.750  1414.2   856.9     90.0   923.2   736.8
  17:07:03.796  1414.2   859.3     90.0   923.2   739.2
  17:07:03.843  1414.2   861.6     90.0   923.2   741.4
  17:07:03.890  1414.2   863.9     90.0   923.2   743.8
  17:07:03.921  1414.2   863.9     90.0   923.2   743.8
  17:07:03.968  1414.2   866.2     90.0   923.2   746.1
  17:07:04.015  1414.2   868.5     90.0   923.2   748.4
  17:07:04.062  1414.2   870.9     90.0   923.2   750.8
  17:07:04.093  1414.2   873.2     90.0   923.2   753.1
  17:07:04.140  1414.2   875.5     90.0   923.2   755.4
  17:07:04.187  1414.2   877.9     90.0   923.2   757.8
  17:07:04.234  1414.2   880.3     90.0   923.2   760.2
  17:07:04.265  1414.2   882.5     90.0   923.2   762.4
  17:07:04.312  1414.2   884.9     90.0   923.2   764.8
  17:07:04.359  1414.2   884.9     90.0   923.2   764.8
  17:07:04.406  1414.2   887.3     90.0   923.2   767.2
  17:07:04.453  1414.2   889.5     90.0   923.2   769.4
  17:07:04.484  1414.2   891.9     90.0   923.2   771.8
  17:07:04.546  1414.2   896.8     90.0   923.2   776.6
  17:07:04.578  1414.2   896.8     90.0   923.2   776.6
  17:07:04.609  1414.2   898.9     90.0   923.2   778.8
  17:07:04.656  1414.2   901.2     90.0   923.2   781.1
  17:07:04.703  1414.2   903.6     90.0   923.2   783.5
  17:07:04.734  1414.2   903.6     90.0   923.2   783.5
  17:07:04.781  1414.2   906.0     90.0   923.2   785.9
  17:07:04.812  1414.2   908.4     90.0   923.2   788.3
  17:07:04.859  1414.2   910.7     90.0   923.2   790.6
  17:07:04.984  1414.2   915.2     90.0   923.2   795.1
  17:07:05.031  1414.2   917.6     90.0   923.2   797.5
  17:07:05.109  1414.2   922.3     90.0   923.2   802.2
  17:07:06.906  1414.2  1009.7     90.0   923.2   889.6
  17:07:06.953  1414.2  1012.0     90.0   923.2   891.9
  17:07:07.000  1414.2  1014.4     90.0   923.2   894.3
  17:07:07.031  1414.2  1016.8     90.0   893.2   896.7
  17:07:07.078  1414.2  1018.9     90.0   883.2   898.8
  17:07:07.125  1414.2  1021.3     90.0   883.2   901.2
  17:07:07.187  1414.2  1023.6     90.0   853.2   903.5
  17:07:07.218  1414.2  1026.0     90.0   823.2   905.9
  17:07:07.265  1414.2  1028.4     90.0   823.2   908.3
  17:07:07.312  1414.2  1030.7     90.0   793.2   910.5
  17:07:07.375  1414.2  1033.0     90.0   793.2   912.9
  17:07:07.406  1414.2  1035.4     90.0   793.2   915.3
  17:07:07.437  1414.2  1035.4     90.0   723.2   915.3
  17:07:07.484  1414.2  1037.7     90.0   703.2   917.6
  17:07:07.531  1414.2  1040.0     90.0   703.2   919.9
  17:07:07.562  1414.2  1042.4     90.0   493.2   922.2
  17:07:07.625  1414.2  1044.8     90.0   353.2   924.6
  17:07:07.656  1414.2  1047.2     90.0   353.2   926.9
  17:07:34.421   807.5  1414.1   -180.0   928.0   253.2
  17:07:34.468   804.4  1414.1   -180.0   924.8   483.2
  17:07:34.515   802.0  1414.1   -180.0   922.4   483.2
  17:07:34.562   799.7  1414.1   -180.0   920.0   793.2
  17:07:34.593   797.3  1414.1   -180.0   917.5   863.2
  17:07:34.640   795.1  1414.1   -180.0   915.3   863.2
  17:07:34.687   795.1  1414.1   -180.0   915.3   893.2
  17:07:34.734   792.7  1414.1   -180.0   912.9   893.2
  17:07:34.781   790.4  1414.1   -180.0   910.6   893.2
  17:07:34.828   788.0  1414.1   -180.0   908.2   893.2
  17:07:34.859   785.6  1414.1   -180.0   905.8   893.2
  17:07:34.906   783.3  1414.1   -180.0   903.5   893.2
  17:07:34.953   781.0  1414.1   -180.0   901.3   893.2
  17:07:35.015   778.7  1414.1   -180.0   898.9   893.2
  17:07:35.031   778.7  1414.1   -180.0   898.9   893.2
  17:07:35.078   775.6  1414.1   -180.0   895.8   893.2
  17:07:35.109   773.3  1414.1   -180.0   893.5   893.2
  17:07:35.156   770.8  1414.1   -180.0   891.0   893.2
  17:07:35.203   768.6  1414.1   -180.0   888.8   893.2
  17:07:35.250   766.2  1414.1   -180.0   886.4   893.2
  17:07:35.281   763.9  1414.1   -180.0   884.1   893.2
  17:07:35.328   761.5  1414.1   -180.0   881.7   893.2
  17:07:35.375   761.5  1414.1   -180.0   881.7   893.2
  17:07:35.421   759.1  1414.1   -180.0   879.3   893.2
  17:07:35.453   756.2  1414.1   -180.0   876.5   903.2
  17:07:35.484   753.7  1414.1   -180.0   873.9   903.2
  17:07:35.515   753.7  1414.1   -180.0   873.9   893.2
  17:07:35.562   751.3  1414.1   -180.0   871.6   893.2
  17:07:35.593   749.1  1414.1   -180.0   869.3   903.2
  17:07:35.640   749.1  1414.1   -180.0   869.3   893.2
  17:07:35.671   745.9  1414.1   -180.0   866.2   893.2
  17:07:35.718   743.6  1414.1   -180.0   863.8   903.2
  17:07:35.765   741.3  1414.1   -180.0   861.5   893.2
  17:07:35.812   741.3  1414.1   -180.0   861.5   903.2
  17:07:35.843   738.9  1414.1   -180.0   859.1   903.2
  17:07:35.890   735.8  1414.1   -180.0   856.0   903.2
  17:07:35.937   733.5  1414.1   -180.0   853.7   903.2
  17:07:35.984   731.1  1414.1   -180.0   851.3   903.2
  17:07:36.015   728.8  1414.1   -180.0   849.0   903.2
  17:07:36.062   726.5  1414.1   -180.0   846.7   893.2
  17:07:36.109   724.1  1414.1   -180.0   844.3   903.2
  17:07:36.140   721.7  1414.1   -180.0   841.9   903.2
  17:07:36.187   719.5  1414.1   -180.0   839.7   903.2
  17:07:36.234   716.9  1414.1   -180.0   837.1   903.2
  17:07:36.281   716.9  1414.1   -180.0   837.1   903.2
  17:07:36.328   714.7  1414.1   -180.0   835.0   903.2
  17:07:36.359   712.4  1414.1   -180.0   832.7   903.2
  17:07:36.421   710.0  1414.1   -180.0   830.2   903.2
  17:07:36.453   707.0  1414.1   -180.0   827.2   893.2
  17:07:36.500   704.6  1414.1   -180.0   824.9   903.1
  17:07:36.546   702.3  1414.1   -180.0   822.5   903.1
  17:07:36.578   702.3  1414.1   -180.0   822.5   903.1
  17:07:36.625   699.9  1414.1   -180.0   820.1   903.1
  17:07:36.671   697.6  1414.1   -180.0   817.8   903.1
  17:07:36.718   695.1  1414.1   -180.0   815.4   903.1
  17:07:36.750   692.9  1414.1   -180.0   813.1   903.1
  17:07:36.796   690.6  1414.1   -180.0   810.8   903.1
  17:07:36.843   688.2  1414.1   -180.0   808.4   903.1
  17:07:36.890   685.8  1414.1   -180.0   806.0   903.1
  17:07:36.921   683.6  1414.1   -180.0   803.8   903.1
  17:07:36.968   681.2  1414.1   -180.0   801.4   903.1
  17:07:37.031   678.8  1414.1   -180.0   799.0   903.1
  17:07:37.062   678.8  1414.1   -180.0   799.0   903.1
  17:07:37.093   676.5  1414.1   -180.0   796.7   903.1
  17:07:37.140   674.2  1414.1   -180.0   794.4   903.1
  17:07:37.187   671.8  1414.1   -180.0   792.0   903.1
  17:07:37.234   669.6  1414.1   -180.0   789.8   903.1
  17:07:37.265   667.2  1414.1   -180.0   787.4   903.1
  17:07:37.312   664.9  1414.1   -180.0   785.1   903.1
  17:07:37.359   662.5  1414.1   -180.0   782.7   903.1
  17:07:37.406   662.5  1414.1   -180.0   782.7   903.1
  17:07:37.453   660.1  1414.1   -180.0   780.4   903.1
  17:07:37.500   657.8  1414.1   -180.0   778.0   903.1
  17:07:37.531   655.5  1414.1   -180.0   775.7   903.1
  17:07:37.578   653.1  1414.1   -180.0   773.4   903.1
  17:07:37.625   650.8  1414.1   -180.0   771.0   903.1
  17:07:37.656   648.4  1414.1   -180.0   768.6   903.1
  17:07:37.703   646.1  1414.1   -180.0   766.3   903.1
  17:07:37.750   643.8  1414.1   -180.0   764.1   903.1
  17:07:37.796   641.4  1414.1   -180.0   761.6   903.1
  17:07:37.843   639.0  1414.1   -180.0   759.3   903.1
  17:07:37.875   636.8  1414.1   -180.0   757.0   903.1
  17:07:37.921   636.8  1414.1   -180.0   757.0   903.1
  17:07:37.968   634.4  1414.1   -180.0   754.6   903.1
  17:07:38.015   632.0  1414.1   -180.0   752.2   903.1
  17:07:38.046   629.7  1414.1   -180.0   750.0   903.1
  17:07:38.093   627.4  1414.1   -180.0   747.6   903.1
  17:07:38.140   625.0  1414.1   -180.0   745.2   903.1
  17:07:38.171   622.7  1414.1   -180.0   742.9   903.1
  17:07:38.218   620.4  1414.1   -180.0   740.7   903.1
  17:07:38.265   618.0  1414.1   -180.0   738.3   903.1
  17:07:38.312   618.0  1414.1   -180.0   738.3   903.1
  17:07:38.359   615.7  1414.1   -180.0   735.9   903.1
  17:07:38.390   613.3  1414.1   -180.0   733.5   903.1
  17:07:38.437   611.0  1414.1   -180.0   731.2   903.1
  17:07:38.484   608.7  1414.1   -180.0   729.0   903.1
  17:07:38.531   606.3  1414.1   -180.0   726.5   903.1
  17:07:38.562   604.0  1414.1   -180.0   724.2   903.1
  17:07:38.609   601.7  1414.1   -180.0   721.9   903.1
  17:07:38.656   599.3  1414.1   -180.0   719.5   903.1
  17:07:38.703   597.0  1414.1   -180.0   717.2   903.1
  17:07:38.750   594.7  1414.1   -180.0   714.9   903.1
  17:07:38.781   594.7  1414.1   -180.0   714.9   903.1
  17:07:38.828   592.4  1414.1   -180.0   712.6   903.1
  17:07:38.875   590.0  1414.0   -180.0   710.2   903.1
  17:07:38.906   587.6  1414.0   -180.0   707.8   903.1
  17:07:38.953   585.2  1414.0   -180.0   705.4   903.1
  17:07:39.000   582.9  1414.0   -180.0   703.1   903.1
  17:07:39.046   580.7  1414.0   -180.0   700.9   903.1
  17:07:39.093   580.7  1414.0   -180.0   700.9   903.1
  17:07:39.125   578.0  1414.0   -180.0   698.2   903.1
  17:07:39.171   575.1  1414.0   -180.0   695.3   903.1
  17:07:39.218   572.8  1414.0   -180.0   693.0   913.1
  17:07:39.265   570.5  1414.0   -180.0   690.7   903.1
  17:07:39.296   568.1  1414.0   -180.0   688.3   903.1
  17:07:39.343   565.8  1414.0   -180.0   686.0   903.1
  17:07:39.390   563.4  1414.0   -180.0   683.7   903.1
  17:07:39.437   561.0  1414.0   -180.0   681.2   903.1
  17:07:39.484   561.0  1414.0   -180.0   681.2   903.1
  17:07:39.500   558.7  1414.0   -180.0   678.9   903.1
  17:07:39.546   556.4  1414.0   -180.0   676.6   903.1
  17:07:39.593   554.0  1414.0   -180.0   674.3   903.1
  17:07:39.625   551.6  1414.0   -180.0   671.9   903.1
  17:07:39.671   551.6  1414.0   -180.0   671.9   893.1
  17:07:39.703   549.4  1414.0   -180.0   669.6   893.1
  17:07:39.750   547.1  1414.0   -180.0   667.4   853.1
  17:07:39.796   544.7  1414.0   -180.0   665.0   823.1
  17:07:39.828   542.3  1414.0   -180.0   662.5   823.1
  17:07:39.875   540.0  1414.0   -180.0   660.3   793.1
  17:07:39.921   537.6  1414.0   -180.0   657.9   763.1
  17:07:39.968   535.4  1414.0   -180.0   655.7   763.1
  17:07:40.000   533.1  1414.0   -180.0   653.4   733.1
  17:07:40.046   533.1  1414.0   -180.0   653.4   723.1
  17:07:40.093   530.7  1414.0   -180.0   651.0   723.1
  17:07:40.125   528.3  1414.0   -180.0   648.6   713.1
  17:07:40.171   526.1  1414.0   -180.0   646.4   713.1
  17:07:40.203   523.7  1414.0   -180.0   644.0   723.1
  17:07:40.250   521.4  1414.0   -180.0   641.7   713.1
  17:07:40.296   518.9  1414.0   -180.0   639.2   713.1
  17:07:40.343   516.7  1414.0   -180.0   637.0   713.1
  17:07:40.390   516.7  1414.0   -180.0   637.0   713.1
  17:07:40.421   514.3  1414.0   -180.0   634.6   713.1
  17:07:40.484   512.0  1414.0   -180.0   632.3   713.1
  17:07:40.515   509.1  1414.0   -180.0   629.4   713.1
  17:07:40.562   506.4  1414.0   -180.0   626.7   713.1
  17:07:40.609   504.1  1414.0   -180.0   624.4   713.1
  17:07:40.640   504.1  1414.0   -180.0   624.4   713.1
  17:07:40.687   501.8  1414.0   -180.0   622.1   703.1
  17:07:40.734   499.6  1414.0   -180.0   619.9   713.1
  17:07:40.765   496.8  1414.0   -180.0   617.1   713.1
  17:07:40.812   494.8  1414.0   -180.0   615.1   713.1
  17:07:40.859   492.5  1414.0   -180.0   612.8   713.1
  17:07:40.906   490.2  1414.0   -180.0   610.5   713.1
  17:07:40.937   487.8  1414.0   -180.0   608.1   723.1
  17:07:40.984   485.4  1414.0   -180.0   605.7   723.1
  17:07:41.031   483.1  1414.0   -180.0   603.4   723.1
  17:07:41.093   480.7  1414.0   -180.0   601.0   723.1
  17:07:41.109   480.7  1414.0   -180.0   601.0   723.1
  17:07:41.156   478.5  1414.0   -180.0   598.8   723.1
  17:07:41.203   476.1  1414.0   -180.0   596.4   723.1
  17:07:41.250   473.8  1414.0   -180.0   594.1   723.1
  17:07:41.281   471.4  1414.0   -180.0   591.7   723.1
  17:07:41.328   469.1  1414.0   -180.0   589.4   723.0
  17:07:41.375   466.7  1414.0   -180.0   587.0   723.0
  17:07:41.421   464.4  1414.0   -180.0   584.7   713.0
  17:07:41.453   464.4  1414.0   -180.0   584.7   723.0
  17:07:41.500   462.1  1414.0   -180.0   582.4   723.0
  17:07:41.531   459.7  1414.0   -180.0   580.0   713.0
  17:07:41.578   457.3  1414.0   -180.0   577.6   713.0
  17:07:41.625   455.1  1414.0   -180.0   575.4   713.0
  17:07:41.671   452.7  1414.0   -180.0   573.0   713.0
  17:07:41.703   450.4  1414.0   -180.0   570.7   713.0
  17:07:41.734   450.4  1414.0   -180.0   570.7   713.0
  17:07:41.781   448.1  1414.0   -180.0   568.4   713.0
  17:07:41.828   445.7  1414.0   -180.0   566.0   713.0
  17:07:41.875   443.4  1414.0   -180.0   563.7   713.0
  17:07:41.906   441.1  1414.0   -180.0   561.4   713.0
  17:07:41.953   438.7  1414.0   -180.0   559.0   713.0
  17:07:42.000   436.4  1414.0   -180.0   556.7   723.0
  17:07:42.046   434.0  1414.0   -180.0   554.3   723.0
  17:07:42.078   431.7  1414.0   -180.0   552.0   723.0
  17:07:42.125   431.7  1414.0   -180.0   552.0   723.0
  17:07:42.171   429.3  1414.0   -180.0   549.6   723.0
  17:07:42.218   427.0  1414.0   -180.0   547.3   733.0
  17:07:42.265   424.6  1414.0   -180.0   544.9   733.0
  17:07:42.296   422.3  1414.0   -180.0   542.6   723.0
  17:07:42.343   420.0  1414.0   -180.0   540.3   723.0
  17:07:42.390   417.6  1414.0   -180.0   537.9   723.0
  17:07:42.437   415.3  1414.0   -180.0   535.6   723.0
  17:07:42.468   413.0  1414.0   -180.0   533.3   713.0
  17:07:42.515   410.6  1414.0   -180.0   530.9   713.0
  17:07:42.562   408.2  1414.0   -180.0   528.5   713.0
  17:07:42.609   408.2  1414.0   -180.0   528.5   703.0
  17:07:42.656   405.9  1414.0   -180.0   526.2   703.0
  17:07:42.687   403.6  1414.0   -180.0   524.0   693.0
  17:07:42.734   401.3  1414.0   -180.0   521.6   693.0
  17:07:42.781   398.8  1414.0   -180.0   519.2   693.0
  17:07:42.812   396.6  1414.0   -180.0   517.0   533.0
  17:07:42.843   394.2  1414.0   -180.0   514.5   523.0
  17:07:42.875   394.2  1414.0   -180.0   514.5   523.0
  17:07:42.921   392.0  1414.0   -180.0   512.5   253.0
  17:07:42.953   389.4  1414.0   -180.0   509.9   173.0
  17:07:43.000   387.2  1414.0   -180.0   507.8   173.0
  17:08:11.375     0.1   777.6    -90.0  1281.0   898.4
  17:08:11.421     0.1   775.3    -90.0  1281.0   896.1
  17:08:11.453     0.1   773.0    -90.0  1111.0   893.7
  17:08:11.500     0.1   770.6    -90.0   911.0   891.2
  17:08:11.546     0.1   768.3    -90.0   911.0   888.9
  17:08:11.593     0.1   765.9    -90.0   691.0   886.3
  17:08:11.640     0.1   763.6    -90.0   671.0   884.1
  17:08:11.671     0.1   761.3    -90.0   671.0   881.7
  17:08:11.718     0.1   761.3    -90.0   651.0   881.7
  17:08:11.765     0.1   758.9    -90.0   651.0   879.3
  17:08:11.812     0.1   756.6    -90.0   651.1   877.0
  17:08:11.843     0.1   754.2    -90.0   651.1   874.6
  17:08:11.890     0.1   752.0    -90.0   651.1   872.4
  17:08:11.937     0.1   749.6    -90.0   651.1   870.0
  17:08:11.984     0.1   747.2    -90.0   651.1   867.7
  17:08:12.015     0.1   744.9    -90.0   651.1   865.4
  17:08:12.062     0.1   742.6    -90.0   651.1   863.0
  17:08:12.109     0.1   740.3    -90.0   651.1   860.7
  17:08:12.156     0.1   737.8    -90.0   651.1   858.2
  17:08:12.187     0.1   737.8    -90.0   651.1   858.2
  17:08:12.234     0.1   735.4    -90.0   641.1   855.8
  17:08:12.281     0.1   733.2    -90.0   641.1   853.6
  17:08:12.328     0.1   730.8    -90.0   651.1   851.2
  17:08:12.375     0.1   728.5    -90.0   651.1   848.9
  17:08:12.421     0.1   726.2    -90.0   641.1   846.6
  17:08:12.453     0.1   723.9    -90.0   651.1   844.3
  17:08:12.500     0.2   721.5    -90.0   651.1   841.9
  17:08:12.546     0.2   719.1    -90.0   651.1   839.5
  17:08:12.578     0.2   716.8    -90.0   651.1   837.2
  17:08:12.625     0.2   716.8    -90.0   651.1   837.2
  17:08:12.671     0.2   714.4    -90.0   651.1   834.8
  17:08:12.703     0.2   712.1    -90.0   651.1   832.5
  17:08:12.750     0.2   709.7    -90.0   651.1   830.2
  17:08:12.796     0.2   707.4    -90.0   651.1   827.9
  17:08:12.828     0.2   705.2    -90.0   651.1   825.6
  17:08:12.875     0.2   702.7    -90.0   651.1   823.2
  17:08:12.921     0.2   702.7    -90.0   651.1   823.2
  17:08:12.953     0.2   700.3    -90.0   651.1   820.8
  17:08:12.984     0.2   698.1    -90.0   651.1   818.5
  17:08:13.031     0.2   695.7    -90.0   651.1   816.1
  17:08:13.078     0.2   693.4    -90.0   651.1   813.8
  17:08:13.125     0.2   691.1    -90.0   651.1   811.5
  17:08:13.156     0.2   688.7    -90.0   651.1   809.1
  17:08:13.203     0.2   686.4    -90.0   651.1   806.8
  17:08:13.250     0.2   686.4    -90.0   651.1   806.8
  17:08:13.296     0.2   684.1    -90.0   651.1   804.5
  17:08:13.312     0.2   681.7    -90.0   651.1   802.1
  17:08:13.359     0.2   679.3    -90.0   651.1   799.8
  17:08:13.406     0.2   677.0    -90.0   651.1   797.4
  17:08:13.453     0.2   677.0    -90.0   651.1   797.4
  17:08:13.484     0.2   673.8    -90.0   651.1   794.3
  17:08:13.531     0.2   671.5    -90.0   651.1   791.9
  17:08:13.578     0.2   669.2    -90.0   651.1   789.6
  17:08:13.625     0.2   666.9    -90.0   651.1   787.3
  17:08:13.671     0.2   664.5    -90.0   651.1   784.9
  17:08:13.703     0.2   662.2    -90.0   651.1   782.6
  17:08:13.750     0.2   659.9    -90.0   651.1   780.3
  17:08:13.796     0.2   659.9    -90.0   651.1   780.3
  17:08:13.828     0.2   657.1    -90.0   651.1   777.5
  17:08:13.875     0.2   655.2    -90.0   651.1   775.6
  17:08:13.921     0.2   652.8    -90.0   651.1   773.2
  17:08:13.968     0.2   650.5    -90.0   651.1   770.9
  17:08:14.015     0.2   648.1    -90.0   651.1   768.6
  17:08:14.046     0.2   645.8    -90.0   651.1   766.2
  17:08:14.093     0.2   643.5    -90.0   651.1   763.9
  17:08:14.140     0.2   641.1    -90.0   651.1   761.5
  17:08:14.171     0.2   638.8    -90.0   651.1   759.2
  17:08:14.218     0.2   638.8    -90.0   651.1   759.2
  17:08:14.265     0.2   636.5    -90.0   651.1   756.9
  17:08:14.312     0.2   634.0    -90.0   651.1   754.4
  17:08:14.359     0.2   631.7    -90.0   651.1   752.2
  17:08:14.390     0.2   629.4    -90.0   651.1   749.9
  17:08:14.437     0.2   627.0    -90.0   651.1   747.4
  17:08:14.484     0.2   624.6    -90.0   651.1   745.0
  17:08:14.531     0.2   622.4    -90.0   641.1   742.8
  17:08:14.562     0.2   620.1    -90.0   641.1   740.6
  17:08:14.609     0.2   617.7    -90.0   651.1   738.1
  17:08:14.640     0.2   617.7    -90.0   651.1   738.1
  17:08:14.687     0.2   615.4    -90.0   641.1   735.8
  17:08:14.718     0.2   613.2    -90.0   641.1   733.6
  17:08:14.765     0.2   610.7    -90.0   641.1   731.2
  17:08:14.812     0.2   608.3    -90.0   641.1   728.7
  17:08:14.859     0.2   606.1    -90.0   641.1   726.5
  17:08:14.890     0.2   603.8    -90.0   641.1   724.2
  17:08:14.937     0.2   603.8    -90.0   641.1   724.2
  17:08:14.968     0.2   601.4    -90.0   641.2   721.8
  17:08:15.015     0.2   599.0    -90.0   641.2   719.4
  17:08:15.046     0.2   596.6    -90.0   641.2   717.0
  17:08:15.093     0.2   596.6    -90.0   641.2   717.0
  17:08:15.125     0.2   594.3    -90.0   641.2   714.7
  17:08:15.171     0.2   591.9    -90.0   641.2   712.3
  17:08:15.218     0.2   589.7    -90.0   641.2   710.1
  17:08:15.265     0.2   587.4    -90.0   641.2   707.8
  17:08:15.296     0.2   585.0    -90.0   641.2   705.5
  17:08:15.343     0.2   582.6    -90.0   641.2   703.0
  17:08:15.390     0.2   580.3    -90.0   641.2   700.7
  17:08:15.437     0.2   578.1    -90.0   641.2   698.5
  17:08:15.468     0.2   578.1    -90.0   641.2   698.5
  17:08:15.515     0.2   575.7    -90.0   641.2   696.1
  17:08:15.562     0.2   573.4    -90.0   641.2   693.8
  17:08:15.609     0.2   571.0    -90.0   641.2   691.4
  17:08:15.640     0.2   568.7    -90.0   641.2   689.1
  17:08:15.687     0.3   566.2    -90.0   641.2   686.6
  17:08:15.734     0.3   564.0    -90.0   641.2   684.4
  17:08:15.781     0.3   561.6    -90.0   611.2   682.0
  17:08:15.828     0.3   559.2    -90.0   591.2   679.6
  17:08:15.859     0.3   556.9    -90.0   591.2   677.3
  17:08:15.906     0.3   554.6    -90.0   551.2   675.0
  17:08:15.953     0.3   552.2    -90.0   551.2   672.6
  17:08:16.000     0.3   552.2    -90.0   551.2   672.6
  17:08:16.031     0.3   550.0    -90.0   541.2   670.3
  17:08:16.078     0.3   547.6    -90.0   541.2   668.0
  17:08:16.125     0.3   545.2    -90.0   541.2   665.5
  17:08:16.171     0.3   542.8    -90.0   541.2   663.1
  17:08:16.218     0.3   540.6    -90.0   541.2   660.9
  17:08:16.250     0.3   538.2    -90.0   541.2   658.6
  17:08:16.296     0.3   536.0    -90.0   541.2   656.3
  17:08:16.343     0.3   533.6    -90.0   541.2   654.0
  17:08:16.390     0.3   531.2    -90.0   541.2   651.6
  17:08:16.421     0.3   531.2    -90.0   541.2   651.6
  17:08:16.468     0.3   528.9    -90.0   541.2   649.3
  17:08:16.515     0.3   526.5    -90.0   541.2   646.9
  17:08:16.562     0.3   524.2    -90.0   541.2   644.6
  17:08:16.593     0.3   521.8    -90.0   541.2   642.1
  17:08:16.640     0.3   519.4    -90.0   541.2   639.8
  17:08:16.687     0.3   517.2    -90.0   541.2   637.5
  17:08:16.734     0.3   514.9    -90.0   541.2   635.2
  17:08:16.781     0.3   512.5    -90.0   541.2   632.8
  17:08:16.812     0.3   510.2    -90.0   541.2   630.5
  17:08:16.859     0.3   507.5    -90.0   531.2   627.9
  17:08:16.906     0.3   507.5    -90.0   531.2   627.9
  17:08:16.953     0.3   505.5    -90.0   531.2   625.9
  17:08:16.984     0.3   503.1    -90.0   531.2   623.4
  17:08:17.046     0.3   500.7    -90.0   531.2   621.1
  17:08:17.078     0.3   498.2    -90.0   531.2   618.6
  17:08:17.125     0.3   496.1    -90.0   531.2   616.5
  17:08:17.171     0.3   493.7    -90.0   531.2   614.1
  17:08:17.203     0.3   491.4    -90.0   531.2   611.7
  17:08:17.250     0.3   489.0    -90.0   531.2   609.4
  17:08:17.296     0.3   486.8    -90.0   531.2   607.1
  17:08:17.343     0.3   486.8    -90.0   531.2   607.1
  17:08:17.375     0.3   484.4    -90.0   531.2   604.7
  17:08:17.421     0.3   482.0    -90.0   531.2   602.4
  17:08:17.484     0.3   479.7    -90.0   531.2   600.0
  17:08:17.515     0.3   477.4    -90.0   531.2   597.8
  17:08:17.546     0.3   475.0    -90.0   531.2   595.4
  17:08:17.593     0.3   472.8    -90.0   531.2   593.1
  17:08:17.640     0.3   470.4    -90.0   531.2   590.8
  17:08:17.687     0.3   467.7    -90.0   531.2   588.1
  17:08:17.734     0.3   465.6    -90.0   531.2   586.0
  17:08:17.781     0.3   463.4    -90.0   531.2   583.7
  17:08:17.812     0.3   463.4    -90.0   541.2   583.7
  17:08:17.859     0.3   461.0    -90.0   531.2   581.3
  17:08:17.906     0.3   458.7    -90.0   531.2   579.0
  17:08:17.953     0.3   456.4    -90.0   531.2   576.8
  17:08:17.984     0.3   454.0    -90.0   531.2   574.3
  17:08:18.031     0.3   451.7    -90.0   531.2   572.1
  17:08:18.078     0.3   449.2    -90.0   531.2   569.6
  17:08:18.125     0.3   447.0    -90.0   531.3   567.3
  17:08:18.156     0.3   444.6    -90.0   531.3   564.9
  17:08:18.203     0.3   442.4    -90.0   531.3   562.7
  17:08:18.281     0.3   439.9    -90.0   521.3   560.2
  17:08:18.296     0.3   439.9    -90.0   521.3   560.2
  17:08:18.343     0.3   436.9    -90.0   531.3   557.2
  17:08:18.375     0.3   434.6    -90.0   521.3   554.9
  17:08:18.421     0.3   432.2    -90.0   521.3   552.5
  17:08:18.468     0.3   432.2    -90.0   531.3   552.5
  17:08:18.515     0.3   427.5    -90.0   531.3   547.9
  17:08:18.546     0.3   427.5    -90.0   531.3   547.9
  17:08:18.593     0.3   425.1    -90.0   531.3   545.4
  17:08:18.640     0.3   422.8    -90.0   531.3   543.1
  17:08:18.671     0.3   420.4    -90.0   531.3   540.7
  17:08:18.718     0.3   418.2    -90.0   531.3   538.5
  17:08:18.765     0.3   415.8    -90.0   541.3   536.1
  17:08:18.796     0.3   413.5    -90.0   541.3   533.9
  17:08:18.843     0.4   411.2    -90.0   551.3   531.5
  17:08:18.890     0.4   411.2    -90.0   571.3   531.5
  17:08:18.937     0.4   408.7    -90.0   571.3   529.1
  17:08:18.968     0.4   406.5    -90.0   581.3   526.8
  17:08:19.015     0.4   404.1    -90.0   611.3   524.5
  17:08:19.062     0.4   401.8    -90.0   611.3   522.2
  17:08:19.109     0.4   399.2    -90.0   641.3   519.6
  17:08:19.140     0.4   397.0    -90.0   661.3   517.5
  17:08:19.187     0.4   394.7    -90.0   661.3   515.1
  17:08:19.203     0.4   394.7    -90.0   671.3   515.1
  17:08:19.234     0.4   392.4    -90.0   731.3   512.9
  17:08:19.281     0.4   390.1    -90.0   731.3   510.6
  17:08:19.328     0.4   387.8    -90.0   841.3   508.3
  17:08:19.375     0.4   387.8    -90.0   831.3   508.3
  17:08:19.406     0.4   385.4    -90.0   831.3   505.9
  17:08:19.453     0.4   383.0    -90.0   951.3   503.6
  17:08:19.500     0.4   380.8    -90.0  1061.3   501.5
  17:08:19.546     0.4   378.4    -90.0  1061.3   499.1
