Лабораторная работа 1. Анализ сенсорных данных об объекте

Маршрут: шестиугольник
Направление движения: против часовой стрелки
Скорость движения: 50.0 мм/с
Рабочий дальномер: левый (Rf_L)

Выходная информация: положение робота, координаты точек объекта

          Time   X_rob   Y_rob  Ang_rob   X_obj   Y_obj
  чч:мм:сс.ссс      мм      мм     град      мм      мм
  15:37:30.765   535.2    69.7     -5.9   550.8  1386.1
  15:37:30.796   535.2    69.7     -5.9   548.8  1366.2
  15:37:30.843   537.5    69.5     -5.9   541.8  1276.4
  15:37:30.890   539.9    69.2     -5.9   518.4  1027.5
  15:37:30.937   542.3    69.0     -5.9   523.9  1057.1
  15:37:30.968   544.6    68.7     -5.9   516.0   957.4
  15:37:31.000   546.9    68.5     -5.9   518.3   957.2
  15:37:31.046   546.9    68.5     -5.9   521.4   987.0
  15:37:31.078   549.3    68.2     -5.9   514.4   897.2
  15:37:31.125   551.6    68.0     -5.9   517.8   906.9
  15:37:31.171   553.9    67.8     -5.9   519.0   896.8
  15:37:31.203   556.1    67.5     -5.9   519.2   876.6
  15:37:31.234   556.1    67.5     -5.9   519.2   876.6
  15:37:31.281   558.5    67.3     -5.9   519.5   856.5
  15:37:31.328   560.9    67.0     -5.9   520.9   846.3
  15:37:31.375   563.2    66.8     -5.9   521.2   826.2
  15:37:31.406   565.5    66.6     -5.9   522.4   816.0
  15:37:31.453   567.9    66.3     -5.9   524.8   815.7
  15:37:31.500   570.2    66.1     -5.9   526.1   805.5
  15:37:31.531   572.5    65.8     -5.9   526.3   785.4
  15:37:31.562   572.5    65.8     -5.9   525.3   775.5
  15:37:31.609   574.9    65.6     -5.9   527.7   775.2
  15:37:31.656   577.2    65.4     -5.9   528.9   765.0
  15:37:31.703   579.4    65.1     -5.9   531.2   764.8
  15:37:31.734   581.8    64.9     -5.9   531.5   744.7
  15:37:31.781   584.2    64.6     -5.9   532.9   734.5
  15:37:31.828   586.4    64.4     -5.9   534.1   724.3
  15:37:31.859   586.4    64.4     -5.9   533.0   714.4
  15:37:31.890   588.7    64.2     -5.9   534.3   704.2
  15:37:31.937   591.1    63.9     -5.9   535.7   694.0
  15:37:31.984   593.5    63.7     -5.9   537.0   683.8
  15:37:32.031   595.8    63.4     -5.9   537.2   663.6
  15:37:32.062   598.0    63.2     -5.9   539.5   663.4
  15:37:32.109   600.5    62.9     -5.9   542.0   663.2
  15:37:32.140   600.5    62.9     -5.9   540.9   653.2
  15:37:32.187   602.8    62.7     -5.9   543.2   653.0
  15:37:32.234   605.0    62.5     -5.9   544.4   642.8
  15:37:32.281   607.4    62.2     -5.9   546.8   642.6
  15:37:32.312   607.4    62.2     -5.9   546.8   642.6
  15:37:32.343   610.4    61.9     -5.9   549.8   642.2
  15:37:32.390   612.9    61.7     -5.9   552.3   642.0
  15:37:32.437   615.2    61.4     -5.9   554.6   641.7
  15:37:32.484   617.4    61.2     -5.9   556.8   641.5
  15:37:32.515   619.8    60.9     -5.9   559.2   641.3
  15:37:32.562   622.1    60.7     -5.9   561.5   641.0
  15:37:32.609   624.4    60.5     -5.9   563.8   640.8
  15:37:32.656   626.7    60.2     -5.9   566.2   640.5
  15:37:32.687   626.7    60.2     -5.9   566.2   640.5
  15:37:32.718   629.1    60.0     -5.9   568.5   640.3
  15:37:32.765   631.3    59.8     -5.9   570.8   640.1
  15:37:32.828   633.7    59.5     -5.9   573.2   639.8
  15:37:32.843   636.2    59.2     -5.9   575.6   639.6
  15:37:32.875   636.2    59.2     -5.9   575.6   639.6
  15:37:32.921   638.4    59.0     -5.9   577.8   639.3
  15:37:32.953   640.7    58.8     -5.9   580.1   639.1
  15:37:33.000   643.1    58.5     -5.9   582.5   638.9
  15:37:33.046   645.3    58.3     -5.9   584.8   638.6
  15:37:33.093   647.7    58.1     -5.9   587.1   638.4
  15:37:33.140   650.0    57.8     -5.9   589.4   638.1
  15:37:33.171   652.4    57.6     -5.9   591.8   637.9
  15:37:33.218   652.4    57.6     -5.9   591.8   637.9
  15:37:33.250   654.7    57.3     -5.9   594.1   637.7
  15:37:33.296   657.0    57.1     -5.9   596.4   637.4
  15:37:33.343   659.4    56.9     -5.9   599.8   647.1
  15:37:33.390   661.6    56.6     -5.9   602.1   646.9
  15:37:33.421   663.9    56.4     -5.9   604.4   646.6
  15:37:33.453   666.2    56.1     -5.9   606.7   646.4
  15:37:33.500   666.2    56.1     -5.9   605.7   636.5
  15:37:33.546   668.7    55.9     -5.9   609.1   646.2
  15:37:33.593   670.9    55.7     -5.9   611.3   645.9
  15:37:33.625   673.3    55.4     -5.9   612.8   635.7
  15:37:33.687   675.7    55.2     -5.9   616.1   645.4
  15:37:33.703   675.7    55.2     -5.9   616.1   645.4
  15:37:33.750   678.7    54.9     -5.9   619.2   645.1
  15:37:33.781   681.1    54.6     -5.9   621.5   644.9
  15:37:33.828   683.3    54.4     -5.9   623.8   644.6
  15:37:33.875   685.7    54.1     -5.9   626.1   644.4
  15:37:33.906   688.0    53.9     -5.9   628.5   644.2
  15:37:33.953   688.0    53.9     -5.9   628.5   644.2
  15:37:34.000   690.3    53.7     -5.9   630.7   643.9
  15:37:34.031   692.7    53.4     -5.9   633.1   643.7
  15:37:34.078   695.0    53.2     -5.9   635.4   643.4
  15:37:34.125   697.3    52.9     -5.9   637.8   643.2
  15:37:34.171   699.7    52.7     -5.9   640.1   642.9
  15:37:34.187   702.0    52.4     -5.9   642.4   642.7
  15:37:34.234   702.0    52.4     -5.9   642.4   642.7
  15:37:34.281   704.3    52.2     -5.9   644.7   642.5
  15:37:34.328   706.6    52.0     -5.9   648.1   652.2
  15:37:34.359   709.0    51.7     -5.9   649.5   642.0
  15:37:34.406   711.2    51.5     -5.9   651.7   641.7
  15:37:34.453   713.5    51.2     -5.9   654.0   641.5
  15:37:34.500   716.0    51.0     -5.9   656.4   641.3
  15:37:34.531   718.3    50.8     -5.9   659.8   651.0
  15:37:34.578   718.3    50.8     -5.9   659.8   651.0
  15:37:34.609   720.6    50.5     -5.9   662.1   650.7
  15:37:34.640   723.0    50.3     -5.9   664.5   650.5
  15:37:34.687   725.2    50.0     -5.9   666.7   650.3
  15:37:34.718   727.6    49.8     -5.9   670.1   659.9
  15:37:34.765   730.0    49.5     -5.9   672.5   659.7
  15:37:34.812   730.0    49.5     -5.9   673.5   669.7
  15:37:34.859   732.4    49.3     -5.9   677.0   679.3
  15:37:34.890   734.5    49.1     -5.9   678.0   669.2
  15:37:34.937   736.9    48.8     -5.9   681.5   678.9
  15:37:34.984   739.2    48.6     -5.9   684.8   688.6
  15:37:35.031   741.5    48.4     -5.9   687.1   688.4
  15:37:35.062   743.8    48.1     -5.9   688.4   678.2
  15:37:35.109   746.2    47.9     -5.9   691.8   687.9
  15:37:35.140   746.2    47.9     -5.9   691.8   687.9
  15:37:35.187   748.5    47.6     -5.9   694.1   687.6
  15:37:35.218   750.8    47.4     -5.9   696.4   687.4
  15:37:35.265   753.2    47.1     -5.9   698.8   687.1
  15:37:35.312   755.5    46.9     -5.9   701.1   686.9
  15:37:35.359   757.8    46.7     -5.9   703.4   686.7
  15:37:35.406   760.2    46.4     -5.9   705.8   686.4
  15:37:35.421   760.2    46.4     -5.9   705.8   686.4
  15:37:35.468   762.5    46.2     -5.9   708.1   686.2
  15:37:35.515   764.8    45.9     -5.9   710.4   685.9
  15:37:35.562   767.1    45.7     -5.9   712.7   685.7
  15:37:35.593   769.4    45.5     -5.9   715.0   685.5
  15:37:35.640   771.8    45.2     -5.9   717.4   685.2
  15:37:35.687   774.1    45.0     -5.9   719.6   685.0
  15:37:35.718   776.5    44.7     -5.9   722.1   684.7
  15:37:35.765   776.5    44.7     -5.9   722.1   684.7
  15:37:35.828   778.8    44.5     -5.9   724.4   684.5
  15:37:35.859   781.2    44.2     -5.9   726.8   684.2
  15:37:35.890   783.4    44.0     -5.9   728.9   684.0
  15:37:35.937   785.8    43.8     -5.9   731.4   683.8
  15:37:35.968   785.8    43.8     -5.9   731.4   683.8
  15:37:36.000   788.1    43.5     -5.9   733.7   683.5
  15:37:36.046   790.4    43.3     -5.9   736.0   683.3
  15:37:36.093   792.7    43.0     -5.9   738.3   683.1
  15:37:36.140   795.1    42.8     -5.9   740.7   682.8
  15:37:36.171   797.4    42.6     -5.9   743.0   682.6
  15:37:36.203   799.7    42.3     -5.9   745.3   682.3
  15:37:36.250   799.7    42.3     -5.9   745.3   682.3
  15:37:36.296   802.1    42.1     -5.9   747.7   682.1
  15:37:36.328   804.3    41.9     -5.9   749.9   681.9
  15:37:36.375   806.7    41.6     -5.9   752.3   681.6
  15:37:36.406   809.0    41.4     -5.9   755.6   691.3
  15:37:36.453   811.3    41.1     -5.9   757.9   691.1
  15:37:36.500   813.6    40.9     -5.9   760.2   690.8
  15:37:36.546   815.9    40.7     -5.9   762.5   690.6
  15:37:36.593   815.9    40.7     -5.9   762.5   690.6
  15:37:36.625   818.4    40.4     -5.9   766.0   700.3
  15:37:36.671   820.7    40.2     -5.9   767.3   690.1
  15:37:36.718   823.0    39.9     -5.9   769.6   689.9
  15:37:36.765   825.3    39.7     -5.9   771.9   689.6
  15:37:36.796   827.6    39.4     -5.9   774.2   689.4
  15:37:36.843   829.9    39.2     -5.9   776.5   689.2
  15:37:36.890   832.3    39.0     -5.9   778.9   688.9
  15:37:36.921   834.7    38.7     -5.9   781.3   688.7
  15:37:36.968   834.7    38.7     -5.9   781.3   688.7
  15:37:37.015   836.9    38.5     -5.9   783.6   688.4
  15:37:37.062   839.4    38.2     -5.9   786.0   688.2
  15:37:37.093   841.5    38.0     -5.9   789.2   697.9
  15:37:37.125   844.0    37.7     -5.9   790.6   687.7
  15:37:37.171   846.2    37.5     -5.9   792.9   687.5
  15:37:37.218   848.5    37.3     -5.9   795.2   687.2
  15:37:37.250   850.9    37.0     -5.9   797.6   687.0
  15:37:37.312   853.3    36.8     -5.9   799.9   686.7
  15:37:37.328   853.3    36.8     -5.9   799.9   686.7
  15:37:37.375   855.5    36.6     -5.9   802.1   686.5
  15:37:37.421   857.9    36.3     -5.9   805.5   696.2
  15:37:37.453   860.1    36.1     -5.9   807.8   696.0
  15:37:37.500   862.7    35.8     -5.9   811.3   705.7
  15:37:37.546   862.7    35.8     -5.9   811.3   705.7
  15:37:37.578   864.8    35.6     -5.9   813.5   705.4
  15:37:37.625   867.2    35.3     -5.9   815.8   705.2
  15:37:37.671   869.5    35.1     -5.9   817.2   695.0
  15:37:37.718   871.9    34.9     -5.9   821.6   714.6
  15:37:37.750   874.2    34.6     -5.9   824.9   724.4
  15:37:37.781   874.2    34.6     -5.9   832.1   794.0
  15:37:37.828   876.6    34.4     -5.9   877.7  1211.5
  15:37:37.843   878.8    34.1     -5.9   895.5  1360.5
  15:37:37.937   883.4    33.7     -5.9   900.0  1360.0
  15:37:57.281  1369.3   280.9     60.0   234.4   797.2
  15:37:57.312  1369.3   280.9     60.0   182.4   827.2
  15:37:57.343  1370.5   283.0     60.0   183.6   829.2
  15:37:57.390  1371.6   285.0     60.0   366.7   726.3
  15:37:57.437  1372.8   287.0     60.0   419.8   698.3
  15:37:57.484  1374.0   289.0     60.0   516.3   645.4
  15:37:57.515  1375.2   291.1     60.0   534.8   637.4
  15:37:57.562  1375.2   291.1     60.0   534.8   637.4
  15:37:57.609  1376.3   293.0     60.0   535.9   639.4
  15:37:57.656  1377.5   295.1     60.0   545.8   636.4
  15:37:57.687  1378.7   297.2     60.0   547.0   638.5
  15:37:57.734  1379.9   299.2     60.0   548.1   640.6
  15:37:57.781  1381.0   301.2     60.0   566.6   632.5
  15:37:57.812  1382.2   303.2     60.0   567.8   634.6
  15:37:57.859  1383.4   305.3     60.0   560.3   641.6
  15:37:57.906  1384.5   307.3     60.0   570.1   638.7
  15:37:57.937  1384.5   307.3     60.0   578.8   633.7
  15:37:57.984  1385.7   309.3     60.0   562.6   645.6
  15:37:58.015  1386.8   311.3     60.0   589.8   632.7
  15:37:58.046  1386.8   311.3     60.0   581.1   637.7
  15:37:58.078  1388.0   313.3     60.0   590.9   634.6
  15:37:58.125  1389.2   315.3     60.0   592.1   636.7
  15:37:58.171  1390.4   317.4     60.0   602.0   633.8
  15:37:58.203  1391.5   319.4     60.0   611.7   630.7
  15:37:58.250  1392.7   321.5     60.0   595.7   642.9
  15:37:58.296  1393.8   323.4     60.0   614.1   634.8
  15:37:58.328  1393.8   323.4     60.0   614.1   634.8
  15:37:58.375  1395.0   325.5     60.0   615.3   636.9
  15:37:58.406  1396.2   327.6     60.0   607.8   643.9
  15:37:58.453  1397.4   329.6     60.0   626.3   636.0
  15:37:58.484  1398.5   331.5     60.0   618.7   642.9
  15:37:58.531  1399.7   333.6     60.0   637.3   634.9
  15:37:58.578  1400.8   335.6     60.0   629.7   641.9
  15:37:58.609  1400.8   335.6     60.0   638.4   636.9
  15:37:58.640  1402.1   337.7     60.0   639.7   639.1
  15:37:58.687  1403.2   339.6     60.0   640.8   641.0
  15:37:58.734  1404.4   341.7     60.0   642.0   643.1
  15:37:58.765  1405.5   343.7     60.0   643.1   645.1
  15:37:58.812  1405.5   343.7     60.0   643.1   645.1
  15:37:58.843  1406.8   345.9     60.0   653.0   642.3
  15:37:58.875  1407.9   347.8     60.0   645.5   649.2
  15:37:58.937  1409.1   349.9     60.0   664.0   641.2
  15:37:58.968  1410.2   351.8     60.0   656.5   648.2
  15:37:58.984  1410.2   351.8     60.0   656.5   648.2
  15:37:59.031  1411.4   353.8     60.0   657.6   650.2
  15:37:59.078  1412.6   355.9     60.0   650.1   657.2
  15:37:59.125  1413.7   357.9     60.0   660.0   654.3
  15:37:59.171  1414.9   359.9     60.0   661.1   656.3
  15:37:59.203  1416.1   362.0     60.0   662.3   658.4
  15:37:59.234  1416.1   362.0     60.0   671.0   653.4
  15:37:59.265  1417.3   364.0     60.0   654.8   665.4
  15:37:59.312  1418.4   366.0     60.0   656.0   667.4
  15:37:59.359  1419.6   368.1     60.0   665.8   664.5
  15:37:59.406  1420.7   370.1     60.0   658.3   671.4
  15:37:59.437  1421.9   372.1     60.0   650.8   678.5
  15:37:59.484  1421.9   372.1     60.0   659.5   673.5
  15:37:59.515  1423.1   374.1     60.0   660.7   675.5
  15:37:59.562  1424.3   376.2     60.0   661.8   677.5
  15:37:59.609  1425.4   378.1     60.0   662.9   679.5
  15:37:59.640  1426.6   380.2     60.0   672.8   676.6
  15:37:59.687  1427.8   382.3     60.0   674.0   678.6
  15:37:59.718  1428.9   384.3     60.0   683.8   675.7
  15:37:59.765  1428.9   384.3     60.0   683.8   675.7
  15:37:59.812  1430.1   386.3     60.0   685.0   677.7
  15:37:59.843  1431.3   388.3     60.0   694.8   674.7
  15:37:59.890  1432.4   390.3     60.0   696.0   676.7
  15:37:59.937  1433.6   392.3     60.0   688.5   683.7
  15:37:59.984  1434.8   394.4     60.0   707.0   675.8
  15:38:00.031  1435.9   396.4     60.0   708.2   677.8
  15:38:00.062  1437.1   398.4     60.0   709.3   679.8
  15:38:00.109  1438.3   400.5     60.0   719.2   676.8
  15:38:00.156  1439.5   402.6     60.0   720.4   679.0
  15:38:00.218  1440.6   404.6     60.0   721.5   680.9
  15:38:00.234  1440.6   404.6     60.0   721.5   680.9
  15:38:00.281  1441.8   406.5     60.0   731.3   677.9
  15:38:00.312  1443.0   408.6     60.0   741.2   675.0
  15:38:00.359  1444.2   410.7     60.0   742.4   677.1
  15:38:00.406  1445.3   412.6     60.0   743.5   679.0
  15:38:00.453  1446.4   414.6     60.0   744.6   681.0
  15:38:00.500  1447.6   416.6     60.0   754.5   678.0
  15:38:00.531  1447.6   416.6     60.0   754.5   678.0
  15:38:00.578  1448.9   418.8     60.0   755.7   680.2
  15:38:00.625  1450.0   420.7     60.0   756.8   682.1
  15:38:00.671  1451.2   422.9     60.0   766.7   679.3
  15:38:00.703  1452.3   424.8     60.0   759.2   686.2
  15:38:00.734  1453.5   426.9     60.0   769.0   683.3
  15:38:00.765  1453.5   426.9     60.0   769.0   683.3
  15:38:00.828  1454.6   428.8     60.0   770.2   685.2
  15:38:00.843  1456.1   431.4     60.0   780.3   682.8
  15:38:00.890  1456.1   431.4     60.0   780.3   682.8
  15:38:00.937  1457.4   433.6     60.0   781.6   685.0
  15:38:00.968  1458.5   435.6     60.0   791.4   682.0
  15:38:01.015  1459.7   437.6     60.0   792.6   684.0
  15:38:01.046  1461.3   440.3     60.0   794.1   686.7
  15:38:01.093  1462.4   442.3     60.0   803.9   683.7
  15:38:01.140  1462.4   442.3     60.0   795.3   688.7
  15:38:01.187  1463.7   444.5     60.0   796.5   690.9
  15:38:01.218  1464.8   446.4     60.0   797.6   692.8
  15:38:01.250  1465.9   448.4     60.0   798.8   694.8
  15:38:01.296  1467.1   450.5     60.0   808.6   691.9
  15:38:01.328  1467.1   450.5     60.0   800.0   696.9
  15:38:01.375  1468.2   452.4     60.0   809.8   693.8
  15:38:01.421  1469.4   454.5     60.0   802.3   700.9
  15:38:01.453  1470.6   456.5     60.0   803.5   702.9
  15:38:01.500  1471.8   458.5     60.0   804.6   704.9
  15:38:01.546  1473.0   460.6     60.0   805.8   707.0
  15:38:01.578  1474.1   462.6     60.0   807.0   709.0
  15:38:01.625  1474.1   462.6     60.0   798.3   714.0
  15:38:01.656  1475.5   465.0     60.0   799.7   716.4
  15:38:01.687  1476.9   467.4     60.0   809.8   713.8
  15:38:01.734  1478.0   469.3     60.0   802.2   720.7
  15:38:01.781  1478.0   469.3     60.0   802.2   720.7
  15:38:01.812  1479.2   471.4     60.0   803.4   722.8
  15:38:01.859  1480.4   473.4     60.0   804.6   724.8
  15:38:01.906  1481.5   475.3     60.0   797.0   731.7
  15:38:01.953  1482.7   477.4     60.0   798.2   733.8
  15:38:02.000  1483.9   479.5     60.0   799.4   735.8
  15:38:02.015  1483.9   479.5     60.0   799.4   735.8
  15:38:02.046  1485.0   481.4     60.0   800.5   737.8
  15:38:02.093  1486.2   483.5     60.0   801.7   739.9
  15:38:02.140  1487.4   485.5     60.0   802.9   741.9
  15:38:02.187  1488.6   487.6     60.0   804.1   744.0
  15:38:02.234  1489.7   489.6     60.0   796.6   751.0
  15:38:02.265  1490.9   491.7     60.0   806.4   748.1
  15:38:02.312  1492.0   493.6     60.0   798.9   755.0
  15:38:02.359  1493.3   495.8     60.0   800.1   757.2
  15:38:02.390  1493.3   495.8     60.0   808.8   752.2
  15:38:02.437  1494.3   497.6     60.0   792.5   764.0
  15:38:02.484  1495.5   499.7     60.0   802.4   761.1
  15:38:02.515  1496.7   501.7     60.0   803.6   763.1
  15:38:02.546  1497.9   503.8     60.0   796.1   770.2
  15:38:02.593  1497.9   503.8     60.0   796.1   770.2
  15:38:02.640  1499.0   505.8     60.0   797.2   772.1
  15:38:02.687  1500.3   507.9     60.0   798.5   774.3
  15:38:02.718  1501.4   509.9     60.0   808.3   771.3
  15:38:02.765  1502.6   511.9     60.0   800.8   778.3
  15:38:02.812  1503.7   513.8     60.0   810.6   775.2
  15:38:02.875  1504.9   516.0     60.0   820.5   772.4
  15:38:02.890  1506.1   518.0     60.0   813.0   779.4
  15:38:02.937  1507.3   520.0     60.0   814.1   781.4
  15:38:02.968  1507.3   520.0     60.0   822.8   776.4
  15:38:03.015  1508.4   522.0     60.0   824.0   778.4
  15:38:03.046  1509.6   524.0     60.0   825.1   780.4
  15:38:03.093  1510.7   526.0     60.0   834.9   777.4
  15:38:03.140  1511.9   528.1     60.0   836.1   779.5
  15:38:03.171  1513.1   530.1     60.0   837.2   781.5
  15:38:03.218  1514.3   532.2     60.0   838.5   783.6
  15:38:03.265  1514.3   532.2     60.0   847.1   778.6
  15:38:03.312  1515.4   534.1     60.0   848.3   780.5
  15:38:03.343  1516.6   536.3     60.0   849.5   782.7
  15:38:03.390  1517.7   538.1     60.0   850.6   784.5
  15:38:03.437  1519.0   540.3     60.0   843.1   791.7
  15:38:03.484  1520.1   542.2     60.0   844.3   793.6
  15:38:03.515  1521.3   544.3     60.0   845.4   795.7
  15:38:03.562  1522.4   546.3     60.0   838.0   802.7
  15:38:03.593  1522.4   546.3     60.0   838.0   802.7
  15:38:03.640  1523.7   548.4     60.0   847.9   799.8
  15:38:03.687  1524.8   550.5     60.0   840.4   806.8
  15:38:03.718  1526.3   553.1     60.0   841.9   809.5
  15:38:03.765  1527.5   555.0     60.0   834.3   816.4
  15:38:03.812  1528.7   557.1     60.0   835.5   818.5
  15:38:03.859  1528.7   557.1     60.0   835.5   818.5
  15:38:03.890  1529.8   559.1     60.0   819.3   830.5
  15:38:03.937  1531.0   561.2     60.0   829.2   827.6
  15:38:03.984  1532.1   563.1     60.0   830.4   829.5
  15:38:04.015  1533.3   565.2     60.0   814.2   841.5
  15:38:04.046  1534.5   567.3     60.0   815.4   843.6
  15:38:04.093  1534.5   567.3     60.0   815.4   843.6
  15:38:04.125  1535.7   569.2     60.0   816.5   845.6
  15:38:04.140  1535.7   569.2     60.0   816.5   845.6
  15:38:04.171  1536.9   571.3     60.0   809.1   852.7
  15:38:04.218  1538.0   573.3     60.0   818.9   849.7
  15:38:04.281  1539.2   575.4     60.0   811.4   856.8
  15:38:04.312  1540.5   577.6     60.0   795.4   869.0
  15:38:04.343  1541.5   579.4     60.0   787.7   875.8
  15:38:04.390  1542.7   581.4     60.0   788.9   877.8
  15:38:04.421  1542.7   581.4     60.0   797.6   872.8
  15:38:04.468  1543.8   583.4     60.0   781.4   884.8
  15:38:04.515  1545.0   585.4     60.0   782.6   886.8
  15:38:04.562  1546.2   587.5     60.0   783.8   888.8
  15:38:04.593  1547.4   589.6     60.0   776.3   895.9
  15:38:04.640  1548.6   591.6     60.0   777.5   898.0
  15:38:04.687  1549.7   593.6     60.0   778.7   900.0
  15:38:04.703  1549.7   593.6     60.0   778.7   900.0
  15:38:04.750  1550.9   595.6     60.0   771.1   907.0
  15:38:04.781  1552.0   597.6     60.0   789.6   899.0
  15:38:04.828  1553.2   599.6     60.0   773.5   911.0
  15:38:04.875  1554.4   601.7     60.0   774.6   913.0
  15:38:04.906  1554.4   601.7     60.0   783.3   908.0
  15:38:04.953  1555.5   603.7     60.0   775.8   915.1
  15:38:04.984  1556.7   605.8     60.0   777.0   917.1
  15:38:05.031  1557.9   607.7     60.0   778.1   919.1
  15:38:05.046  1557.9   607.7     60.0   778.1   919.1
  15:38:05.093  1559.1   609.8     60.0   770.7   926.2
  15:38:05.140  1560.2   611.8     60.0   780.5   923.2
  15:38:05.187  1561.6   614.1     60.0   764.5   935.5
  15:38:05.218  1562.6   615.9     60.0   774.2   932.3
  15:38:05.265  1563.7   617.9     60.0   766.7   939.3
  15:38:05.312  1564.9   619.9     60.0   776.5   936.3
  15:38:05.359  1566.1   622.0     60.0   769.0   943.4
  15:38:05.390  1567.2   623.9     60.0   761.5   950.3
  15:38:05.437  1567.2   623.9     60.0   761.5   950.3
  15:38:05.500  1569.7   628.1     60.0   755.3   959.5
  15:38:05.531  1569.7   628.1     60.0   755.3   959.5
  15:38:05.562  1570.7   630.0     60.0   756.3   961.4
  15:38:05.609  1571.9   632.1     60.0   748.9   968.5
  15:38:05.640  1573.1   634.2     60.0   750.1   970.5
  15:38:05.687  1574.2   636.1     60.0   759.9   967.5
  15:38:05.718  1574.2   636.1     60.0   751.2   972.5
  15:38:05.765  1575.5   638.2     60.0   761.1   969.6
  15:38:05.812  1576.6   640.2     60.0   770.9   966.5
  15:38:05.859  1577.8   642.2     60.0   754.7   978.6
  15:38:05.890  1579.0   644.3     60.0   755.9   980.6
  15:38:05.937  1580.1   646.2     60.0   731.0   997.5
  15:38:05.984  1581.2   648.2     60.0   654.2  1044.6
  15:38:06.031  1582.5   650.4     60.0   577.5  1091.7
  15:38:06.062  1583.6   652.3     60.0   578.6  1093.6
  15:38:06.125  1584.8   654.4     60.0   372.0  1215.6
  15:38:25.625  1507.5  1211.9    120.0   605.6   552.1
  15:38:25.656  1505.9  1214.6    120.0   768.6   649.9
  15:38:25.703  1504.7  1216.7    120.0   750.0   641.9
  15:38:25.750  1503.6  1218.6    120.0   783.5   663.9
  15:38:25.781  1502.4  1220.7    120.0   791.0   671.0
  15:38:25.828  1501.2  1222.8    120.0   807.1   683.1
  15:38:25.875  1501.2  1222.8    120.0   807.1   683.1
  15:38:25.906  1500.0  1224.8    120.0   814.6   690.1
  15:38:25.937  1498.9  1226.8    120.0   787.5   677.0
  15:38:26.000  1497.7  1228.8    120.0   795.0   684.1
  15:38:26.031  1496.4  1231.0    120.0   802.4   691.3
  15:38:26.062  1495.3  1232.9    120.0   783.9   683.2
  15:38:26.109  1495.3  1232.9    120.0   801.3   693.2
  15:38:26.140  1494.3  1234.8    120.0   800.2   695.1
  15:38:26.171  1493.0  1236.9    120.0   807.6   702.3
  15:38:26.218  1491.8  1239.1    120.0   789.1   694.4
  15:38:26.265  1490.7  1240.9    120.0   788.0   696.2
  15:38:26.312  1489.5  1243.0    120.0   795.4   703.3
  15:38:26.343  1489.5  1243.0    120.0   795.4   703.3
  15:38:26.390  1488.4  1245.0    120.0   802.9   710.3
  15:38:26.437  1487.2  1247.1    120.0   801.7   712.4
  15:38:26.484  1486.1  1249.0    120.0   800.6   714.3
  15:38:26.515  1484.9  1251.1    120.0   799.4   716.4
  15:38:26.562  1483.7  1253.1    120.0   789.6   713.4
  15:38:26.609  1482.5  1255.1    120.0   788.5   715.4
  15:38:26.640  1481.4  1257.1    120.0   795.9   722.4
  15:38:26.671  1481.4  1257.1    120.0   804.6   727.4
  15:38:26.718  1480.2  1259.2    120.0   794.7   724.5
  15:38:26.765  1479.0  1261.2    120.0   802.2   731.5
  15:38:26.796  1477.8  1263.3    120.0   801.0   733.6
  15:38:26.843  1476.7  1265.2    120.0   791.3   730.5
  15:38:26.890  1475.5  1267.3    120.0   807.3   742.7
  15:38:26.906  1475.5  1267.3    120.0   798.7   737.7
  15:38:26.953  1474.3  1269.3    120.0   788.9   734.6
  15:38:27.000  1473.2  1271.3    120.0   805.0   746.6
  15:38:27.031  1472.0  1273.4    120.0   795.2   743.7
  15:38:27.078  1470.8  1275.4    120.0   794.0   745.7
  15:38:27.125  1469.6  1277.4    120.0   801.5   752.7
  15:38:27.171  1468.5  1279.4    120.0   800.3   754.7
  15:38:27.218  1467.2  1281.7    120.0   799.1   757.0
  15:38:27.250  1467.2  1281.7    120.0   799.1   757.0
  15:38:27.296  1466.1  1283.5    120.0   806.7   763.8
  15:38:27.328  1464.9  1285.5    120.0   805.5   765.9
  15:38:27.375  1463.8  1287.6    120.0   795.7   762.9
  15:38:27.421  1462.6  1289.5    120.0   794.5   764.8
  15:38:27.468  1461.5  1291.5    120.0   810.7   776.8
  15:38:27.500  1460.3  1293.7    120.0   800.8   774.0
  15:38:27.546  1459.1  1295.7    120.0   808.3   781.0
  15:38:27.593  1459.1  1295.7    120.0   808.3   781.0
  15:38:27.640  1457.9  1297.7    120.0   807.1   783.0
  15:38:27.687  1456.7  1299.7    120.0   814.6   790.1
  15:38:27.718  1455.6  1301.8    120.0   813.4   792.1
  15:38:27.765  1454.4  1303.8    120.0   812.3   794.1
  15:38:27.812  1453.2  1305.8    120.0   819.7   801.1
  15:38:27.859  1452.1  1307.8    120.0   818.6   803.1
  15:38:27.890  1450.9  1309.8    120.0   834.8   815.1
  15:38:27.937  1449.8  1311.8    120.0   825.0   812.1
  15:38:27.984  1449.8  1311.8    120.0   825.0   812.1
  15:38:28.015  1448.6  1313.8    120.0   841.1   824.2
  15:38:28.062  1447.4  1316.0    120.0   839.9   826.3
  15:38:28.109  1446.2  1317.9    120.0   847.4   833.3
  15:38:28.140  1445.1  1319.9    120.0   854.9   840.3
  15:38:28.187  1443.9  1322.0    120.0   853.7   842.3
  15:38:28.218  1442.7  1324.0    120.0   852.5   844.3
  15:38:28.250  1442.7  1324.0    120.0   852.5   844.3
  15:38:28.296  1441.5  1326.1    120.0   851.3   846.4
  15:38:28.343  1440.4  1328.0    120.0   850.2   848.4
  15:38:28.375  1439.2  1330.0    120.0   849.0   850.4
  15:38:28.421  1438.0  1332.1    120.0   856.5   857.5
  15:38:28.468  1436.8  1334.2    120.0   855.3   859.6
  15:38:28.500  1436.8  1334.2    120.0   855.3   859.6
  15:38:28.546  1435.7  1336.2    120.0   854.2   861.5
  15:38:28.593  1434.5  1338.2    120.0   835.7   853.6
  15:38:28.640  1433.4  1340.2    120.0   843.2   860.5
  15:38:28.671  1432.2  1342.3    120.0   833.3   857.6
  15:38:28.718  1431.0  1344.2    120.0   840.8   864.6
  15:38:28.750  1429.8  1346.3    120.0   848.3   871.7
  15:38:28.796  1428.6  1348.3    120.0   829.8   863.7
  15:38:28.843  1428.6  1348.3    120.0   829.8   863.7
  15:38:28.875  1427.5  1350.3    120.0   828.6   865.7
  15:38:28.890  1426.3  1352.4    120.0   827.5   867.7
  15:38:28.937  1425.2  1354.3    120.0   826.3   869.7
  15:38:28.984  1425.2  1354.3    120.0   817.7   864.7
  15:38:29.031  1424.0  1356.4    120.0   833.8   876.7
  15:38:29.078  1422.8  1358.4    120.0   824.0   873.8
  15:38:29.109  1421.6  1360.5    120.0   822.8   875.9
  15:38:29.156  1420.5  1362.5    120.0   813.0   872.8
  15:38:29.203  1419.3  1364.4    120.0   811.8   874.8
  15:38:29.234  1418.1  1366.5    120.0   802.0   871.8
  15:38:29.281  1417.0  1368.5    120.0   800.8   873.9
  15:38:29.328  1415.8  1370.5    120.0   791.0   870.8
  15:38:29.359  1415.8  1370.5    120.0   791.0   870.8
  15:38:29.406  1414.6  1372.6    120.0   789.8   872.9
  15:38:29.453  1413.5  1374.6    120.0   788.6   875.0
  15:38:29.484  1412.2  1376.8    120.0   787.4   877.2
  15:38:29.531  1411.2  1378.6    120.0   795.0   883.9
  15:38:29.562  1409.9  1380.7    120.0   785.1   881.1
  15:38:29.593  1409.9  1380.7    120.0   785.1   881.1
  15:38:29.625  1408.8  1382.7    120.0   792.6   888.0
  15:38:29.671  1407.6  1384.8    120.0   782.8   885.1
  15:38:29.718  1406.4  1386.8    120.0   790.2   892.1
  15:38:29.750  1405.3  1388.8    120.0   780.5   889.1
  15:38:29.796  1405.3  1388.8    120.0   780.5   889.1
  15:38:29.843  1404.1  1390.8    120.0   788.0   896.1
  15:38:29.890  1402.9  1392.9    120.0   778.1   893.2
  15:38:29.921  1401.8  1394.9    120.0   776.9   895.2
  15:38:29.953  1400.6  1396.9    120.0   775.7   897.3
  15:38:30.000  1399.4  1398.9    120.0   791.9   909.2
  15:38:30.031  1399.4  1398.9    120.0   783.3   904.2
  15:38:30.078  1398.3  1400.9    120.0   790.7   911.3
  15:38:30.125  1397.1  1402.9    120.0   780.9   908.3
  15:38:30.156  1395.9  1405.1    120.0   779.7   910.4
  15:38:30.203  1394.7  1407.0    120.0   778.6   912.4
  15:38:30.250  1393.6  1409.0    120.0   777.4   914.3
  15:38:30.281  1392.4  1411.1    120.0   767.5   911.5
  15:38:30.328  1391.2  1413.1    120.0   775.1   918.4
  15:38:30.375  1391.2  1413.1    120.0   766.4   913.4
  15:38:30.421  1390.1  1415.1    120.0   756.6   910.4
  15:38:30.453  1388.9  1417.2    120.0   764.0   917.5
  15:38:30.500  1387.7  1419.2    120.0   762.9   919.5
  15:38:30.531  1386.5  1421.2    120.0   761.7   921.6
  15:38:30.578  1385.4  1423.2    120.0   760.6   923.5
  15:38:30.609  1385.4  1423.2    120.0   769.2   928.5
  15:38:30.687  1383.0  1427.3    120.0   766.8   932.7
  15:38:30.687  1383.0  1427.3    120.0   775.5   937.7
  15:38:30.718  1381.8  1429.4    120.0   765.7   934.7
  15:38:30.750  1381.8  1429.4    120.0   765.7   934.7
  15:38:30.796  1380.7  1431.3    120.0   764.5   936.7
  15:38:30.843  1379.5  1433.3    120.0   772.0   943.7
  15:38:30.875  1378.3  1435.4    120.0   762.2   940.7
  15:38:30.921  1377.2  1437.4    120.0   769.7   947.8
  15:38:30.968  1376.0  1439.4    120.0   777.2   954.7
  15:38:31.015  1374.8  1441.5    120.0   767.3   951.9
  15:38:31.046  1373.6  1443.6    120.0   774.8   958.9
  15:38:31.093  1372.5  1445.5    120.0   765.0   955.8
  15:38:31.140  1372.5  1445.5    120.0   756.3   950.8
  15:38:31.171  1371.3  1447.6    120.0   755.1   952.9
  15:38:31.218  1370.2  1449.5    120.0   754.0   954.9
  15:38:31.281  1369.0  1451.5    120.0   752.8   956.9
  15:38:31.281  1367.7  1453.7    120.0   751.6   959.1
  15:38:31.328  1367.7  1453.7    120.0   734.3   949.1
  15:38:31.375  1366.7  1455.6    120.0   733.2   950.9
  15:38:31.421  1365.5  1457.6    120.0   732.0   952.9
  15:38:31.468  1364.3  1459.7    120.0   730.8   955.0
  15:38:31.500  1363.0  1462.0    120.0   720.8   952.3
  15:38:31.546  1361.6  1464.4    120.0   719.4   954.8
  15:38:31.578  1361.6  1464.4    120.0   719.4   954.8
  15:38:31.625  1360.4  1466.5    120.0   709.6   951.8
  15:38:31.671  1359.2  1468.5    120.0   699.8   948.8
  15:38:31.703  1358.1  1470.5    120.0   698.6   950.8
  15:38:31.750  1356.9  1472.5    120.0   697.5   952.8
  15:38:31.781  1355.7  1474.5    120.0   678.9   944.8
  15:38:31.828  1354.6  1476.5    120.0   669.1   941.9
  15:38:31.859  1354.6  1476.5    120.0   669.1   941.9
  15:38:31.906  1353.4  1478.6    120.0   693.9   958.9
  15:38:31.937  1352.2  1480.6    120.0   658.1   940.9
  15:38:31.984  1351.0  1482.7    120.0   665.6   948.0
  15:38:32.031  1349.9  1484.6    120.0   647.1   939.9
  15:38:32.078  1348.7  1486.7    120.0   637.3   937.0
  15:38:32.109  1348.7  1486.7    120.0   646.0   942.0
  15:38:32.140  1347.5  1488.7    120.0   636.1   939.0
  15:38:32.171  1346.4  1490.7    120.0   634.9   941.0
  15:38:32.218  1345.2  1492.8    120.0   633.7   943.1
  15:38:32.250  1345.2  1492.8    120.0   633.7   943.1
  15:38:32.281  1344.0  1494.8    120.0   632.6   945.1
  15:38:32.328  1342.9  1496.7    120.0   640.1   952.0
  15:38:32.375  1341.7  1498.8    120.0   638.9   954.1
  15:38:32.421  1340.5  1500.8    120.0   637.8   956.1
  15:38:32.453  1339.4  1502.9    120.0   636.6   958.2
  15:38:32.500  1338.2  1504.9    120.0   626.8   955.2
  15:38:32.546  1338.2  1504.9    120.0   635.4   960.2
  15:38:32.593  1337.0  1506.9    120.0   634.3   962.2
  15:38:32.625  1335.8  1508.9    120.0   633.1   964.2
  15:38:32.671  1334.7  1510.9    120.0   640.6   971.2
  15:38:32.734  1333.5  1512.9    120.0   622.1   963.2
  15:38:32.765  1332.3  1515.0    120.0   629.6   970.3
  15:38:32.796  1331.1  1517.1    120.0   628.4   972.4
  15:38:32.843  1330.0  1519.1    120.0   627.2   974.4
  15:38:32.890  1328.8  1521.1    120.0   626.1   976.4
  15:38:32.921  1328.8  1521.1    120.0   626.1   976.4
  15:38:32.968  1327.7  1523.1    120.0   642.2   988.4
  15:38:33.000  1326.5  1525.1    120.0   623.7   980.4
  15:38:33.046  1325.3  1527.3    120.0   622.5   982.6
  15:38:33.093  1324.1  1529.2    120.0   638.7   994.5
  15:38:33.125  1324.1  1529.2    120.0   621.4   984.5
  15:38:33.156  1323.0  1531.2    120.0   620.2   986.5
  15:38:33.203  1321.7  1533.3    120.0   619.0   988.6
  15:38:33.234  1320.6  1535.3    120.0   617.9   990.6
  15:38:33.281  1319.5  1537.2    120.0   616.7   992.5
  15:38:33.328  1319.5  1537.2    120.0   616.7   992.5
  15:38:33.359  1318.3  1539.3    120.0   598.2   984.6
  15:38:33.390  1316.7  1542.0    120.0   596.7   987.3
  15:38:33.437  1315.6  1544.0    120.0   586.9   984.3
  15:38:33.484  1314.4  1546.1    120.0   585.6   986.4
  15:38:33.531  1314.4  1546.1    120.0   585.6   986.4
  15:38:33.546  1313.2  1548.1    120.0   575.8   983.4
  15:38:33.593  1312.0  1550.2    120.0   591.9   995.5
  15:38:33.640  1310.9  1552.2    120.0   564.8   982.5
  15:38:33.687  1309.8  1554.1    120.0   555.0   979.4
  15:38:33.718  1308.5  1556.2    120.0   545.2   976.5
  15:38:33.765  1307.3  1558.3    120.0   552.6   983.6
  15:38:33.812  1306.2  1560.2    120.0   542.8   980.5
  15:38:33.859  1306.2  1560.2    120.0   516.9   965.5
  15:38:33.890  1305.1  1562.2    120.0   541.7   982.5
  15:38:33.937  1303.9  1564.2    120.0   531.9   979.5
  15:38:33.984  1302.5  1566.7    120.0   504.5   966.9
  15:38:34.031  1301.5  1568.4    120.0   503.5   968.6
  15:38:34.062  1300.4  1570.3    120.0   476.4   955.6
  15:38:34.140  1299.1  1572.5    120.0   457.9   947.7
  15:38:34.140  1299.1  1572.5    120.0   449.2   942.7
  15:38:34.171  1297.6  1575.0    120.0   447.7   945.3
  15:38:34.218  1296.5  1577.1    120.0   308.0   867.3
  15:38:34.265  1295.3  1579.1    120.0   202.9   809.3
  15:38:49.531  1206.7  1732.4   -180.0  1327.4   391.4
  15:38:50.031  1206.7  1732.4   -180.0  1327.4   441.4
  15:38:50.718  1182.8  1732.4   -180.0  1303.4   481.4
  15:38:50.734  1182.8  1732.4   -180.0  1303.4   481.4
  15:38:50.781  1180.5  1732.4   -180.0  1301.1   461.4
  15:38:51.062  1166.4  1732.3   -180.0  1287.1   391.4
  15:38:51.375  1152.3  1732.3   -180.0  1273.0   411.4
  15:38:52.421  1100.8  1732.3   -180.0  1221.5   451.4
  15:38:53.093  1068.2  1732.3   -180.0  1188.9   401.4
  15:38:53.125  1065.7  1732.3   -180.0  1186.4   401.4
  15:38:53.390  1051.7  1732.3   -180.0  1172.4   411.3
  15:38:53.625  1040.1  1732.3   -180.0  1160.8   391.3
  15:38:53.671  1040.1  1732.3   -180.0  1160.8   391.3
  15:38:53.921  1026.0  1732.3   -180.0  1146.7   441.3
  15:38:54.250  1009.7  1732.3   -180.0  1130.4   391.3
  15:38:54.718   987.8  1732.3   -180.0  1108.4   511.3
  15:38:55.406   955.1  1732.2   -180.0  1075.8   391.3
  15:38:56.250   912.2  1732.2   -180.0  1032.9   391.3
  15:38:56.296   909.9  1732.2   -180.0  1030.6   391.3
  15:38:56.609   895.8  1732.2   -180.0  1016.5   491.3
  15:38:58.765   789.9  1732.1   -180.0   910.6   401.2
  15:38:59.093   773.5  1732.1   -180.0   894.1   451.2
  15:39:00.656   698.5  1732.1   -180.0   819.2   461.2
  15:39:00.734   694.0  1732.1   -180.0   814.6   471.2
  15:39:00.796   691.6  1732.1   -180.0   812.2   471.2
  15:39:00.843   689.2  1732.1   -180.0   809.7   801.2
  15:39:00.859   686.8  1732.1   -180.0   807.3   871.2
  15:39:00.906   684.6  1732.1   -180.0   805.1   861.2
  15:39:00.953   684.6  1732.1   -180.0   805.0   881.2
  15:39:01.000   682.2  1732.1   -180.0   802.7   901.2
  15:39:01.031   679.9  1732.1   -180.0   800.3   891.2
  15:39:01.078   677.5  1732.1   -180.0   798.0   891.2
  15:39:01.109   675.2  1732.1   -180.0   795.7   901.2
  15:39:01.156   672.8  1732.1   -180.0   793.2   901.2
  15:39:01.203   670.5  1732.1   -180.0   790.9   911.1
  15:39:01.234   668.2  1732.1   -180.0   788.7   911.1
  15:39:01.281   668.2  1732.1   -180.0   788.7   921.1
  15:39:01.312   665.8  1732.1   -180.0   786.3   921.1
  15:39:01.359   663.5  1732.1   -180.0   783.9   931.1
  15:39:01.406   661.1  1732.1   -180.0   781.5   921.1
  15:39:01.437   658.8  1732.1   -180.0   779.2   931.1
  15:39:01.484   656.5  1732.1   -180.0   776.9   921.1
  15:39:01.531   656.5  1732.1   -180.0   776.9   931.1
  15:39:01.562   654.1  1732.1   -180.0   774.6   921.1
  15:39:01.609   651.8  1732.1   -180.0   772.3   931.1
  15:39:01.640   649.4  1732.1   -180.0   769.8   941.1
  15:39:01.687   647.2  1732.1   -180.0   767.6   921.1
  15:39:01.718   644.8  1732.1   -180.0   765.2   921.1
  15:39:01.765   644.8  1732.1   -180.0   765.2   931.1
  15:39:01.812   642.5  1732.1   -180.0   762.9   921.1
  15:39:01.843   640.1  1732.1   -180.0   760.5   921.1
  15:39:01.890   637.7  1732.1   -180.0   758.2   911.1
  15:39:01.937   635.4  1732.1   -180.0   755.8   911.1
  15:39:01.984   633.1  1732.1   -180.0   753.5   921.1
  15:39:02.015   630.6  1732.1   -180.0   751.1   901.1
  15:39:02.062   628.4  1732.1   -180.0   748.8   901.1
  15:39:02.093   628.4  1732.1   -180.0   748.8   901.1
  15:39:02.140   626.0  1732.1   -180.0   746.5   891.1
  15:39:02.171   623.7  1732.1   -180.0   744.2   891.1
  15:39:02.218   621.4  1732.1   -180.0   741.8   891.1
  15:39:02.250   619.0  1732.1   -180.0   739.4   881.1
  15:39:02.296   616.7  1732.1   -180.0   737.1   861.1
  15:39:02.328   616.7  1732.1   -180.0   737.1   851.1
  15:39:02.375   613.5  1732.1   -180.0   733.9   851.1
  15:39:02.406   611.3  1732.1   -180.0   731.8   851.1
  15:39:02.453   608.9  1732.1   -180.0   729.4   841.1
  15:39:02.515   606.6  1732.1   -180.0   727.1   841.1
  15:39:02.531   606.6  1732.1   -180.0   727.1   831.1
  15:39:02.578   604.2  1732.1   -180.0   724.7   841.1
  15:39:02.625   602.0  1732.1   -180.0   722.5   831.1
  15:39:02.656   599.6  1732.1   -180.0   720.0   831.1
  15:39:02.687   599.6  1732.1   -180.0   720.0   811.1
  15:39:02.718   597.3  1732.0   -180.0   717.8   821.1
  15:39:02.765   594.8  1732.0   -180.0   715.3   811.1
  15:39:02.796   592.5  1732.0   -180.0   712.9   811.1
  15:39:02.843   590.3  1732.0   -180.0   710.7   811.1
  15:39:02.890   587.8  1732.0   -180.0   708.3   791.1
  15:39:02.937   585.5  1732.0   -180.0   705.9   801.1
  15:39:02.968   585.5  1732.0   -180.0   706.0   791.1
  15:39:03.000   583.2  1732.0   -180.0   703.7   791.1
  15:39:03.046   580.9  1732.0   -180.0   701.4   791.1
  15:39:03.093   578.5  1732.0   -180.0   699.0   801.1
  15:39:03.125   575.9  1732.0   -180.0   696.4   781.1
  15:39:03.171   573.9  1732.0   -180.0   694.4   781.1
  15:39:03.218   571.5  1732.0   -180.0   692.0   791.1
  15:39:03.265   571.5  1732.0   -180.0   692.0   791.1
  15:39:03.281   569.1  1732.0   -180.0   689.6   801.1
  15:39:03.312   566.7  1732.0   -180.0   687.2   801.1
  15:39:03.359   564.5  1732.0   -180.0   684.9   821.1
  15:39:03.406   564.5  1732.0   -180.0   684.9   811.1
  15:39:03.453   562.0  1732.0   -180.0   682.5   831.1
  15:39:03.484   559.7  1732.0   -180.0   680.2   831.1
  15:39:03.531   557.5  1732.0   -180.0   678.0   871.1
  15:39:03.578   555.2  1732.0   -180.0   675.7   871.1
  15:39:03.625   552.7  1732.0   -180.0   673.2   901.1
  15:39:03.656   550.5  1732.0   -180.0   671.0   911.1
  15:39:03.687   550.5  1732.0   -180.0   671.0   911.1
  15:39:03.734   548.1  1732.0   -180.0   668.5   921.1
  15:39:03.796   545.8  1732.0   -180.0   666.2   911.1
  15:39:03.812   542.8  1732.0   -180.0   663.2   911.1
  15:39:03.859   540.4  1732.0   -180.0   660.8   911.1
  15:39:03.906   540.4  1732.0   -180.0   660.8   901.1
  15:39:03.937   538.0  1732.0   -180.0   658.4   921.1
  15:39:03.984   535.6  1732.0   -180.0   656.0   931.1
  15:39:04.031   533.1  1732.0   -180.0   653.5   941.1
  15:39:04.078   531.0  1732.0   -180.0   651.4   961.1
  15:39:04.109   528.7  1732.0   -180.0   649.1   961.1
  15:39:04.156   526.3  1732.0   -180.0   646.7   971.1
  15:39:04.187   523.9  1732.0   -180.0   644.3   981.1
  15:39:04.234   523.9  1732.0   -180.0   644.3   971.1
  15:39:04.281   521.5  1732.0   -180.0   641.9   971.1
  15:39:04.312   519.3  1732.0   -180.0   639.7   971.1
  15:39:04.359   516.9  1732.0   -180.0   637.3   981.1
  15:39:04.421   514.6  1732.0   -180.0   635.0   971.1
  15:39:04.437   514.6  1732.0   -180.0   635.0   981.1
  15:39:04.484   510.7  1732.0   -180.0   631.1   981.1
  15:39:04.515   510.7  1732.0   -180.0   631.1   981.1
  15:39:04.546   508.3  1732.0   -180.0   628.7   971.1
  15:39:04.593   506.0  1732.0   -180.0   626.4   981.1
  15:39:04.640   503.7  1732.0   -180.0   624.0   981.1
  15:39:04.687   501.3  1732.0   -180.0   621.7   981.1
  15:39:04.734   499.0  1732.0   -180.0   619.4   981.1
  15:39:04.765   496.7  1732.0   -180.0   617.1   971.1
  15:39:04.812   494.2  1732.0   -180.0   614.6   981.1
  15:39:04.843   494.2  1732.0   -180.0   614.6   981.1
  15:39:04.890   492.0  1732.0   -180.0   612.4   981.1
  15:39:04.937   489.6  1732.0   -180.0   610.0   981.1
  15:39:04.953   487.2  1732.0   -180.0   607.6   981.1
  15:39:05.015   484.9  1732.0   -180.0   605.3   981.1
  15:39:05.046   484.9  1732.0   -180.0   605.3   981.1
  15:39:05.093   481.9  1732.0   -180.0   602.3   971.1
  15:39:05.140   479.6  1732.0   -180.0   600.0   981.1
  15:39:05.171   477.2  1732.0   -180.0   597.5   981.0
  15:39:05.218   474.7  1732.0   -180.0   595.1   981.0
  15:39:05.234   474.7  1732.0   -180.0   595.1   971.0
  15:39:05.281   472.4  1732.0   -180.0   592.8   981.0
  15:39:05.328   470.1  1732.0   -180.0   590.5   981.0
  15:39:05.343   467.7  1732.0   -180.0   588.1   981.0
  15:39:05.390   467.7  1732.0   -180.0   588.1   981.0
  15:39:05.437   465.4  1732.0   -180.0   585.8   971.0
  15:39:05.468   463.1  1732.0   -180.0   583.5   971.0
  15:39:05.515   460.8  1732.0   -180.0   581.2   981.0
  15:39:05.562   458.5  1732.0   -180.0   578.9   971.0
  15:39:05.609   456.1  1732.0   -180.0   576.5   971.0
  15:39:05.640   453.7  1732.0   -180.0   574.1   981.0
  15:39:05.687   451.4  1732.0   -180.0   571.8   971.0
  15:39:05.718   449.1  1732.0   -180.0   569.5   971.0
  15:39:05.765   449.1  1732.0   -180.0   569.5   971.0
  15:39:05.796   446.8  1732.0   -180.0   567.2   971.0
  15:39:05.843   444.4  1732.0   -180.0   564.8   981.0
  15:39:05.875   444.4  1732.0   -180.0   564.8   971.0
  15:39:05.906   442.0  1732.0   -180.0   562.4   971.0
  15:39:05.953   439.7  1732.0   -180.0   560.1   981.0
  15:39:06.000   437.4  1732.0   -180.0   557.8   981.0
  15:39:06.031   435.0  1732.0   -180.0   555.4   971.0
  15:39:06.078   432.8  1732.0   -180.0   553.2   971.0
  15:39:06.125   430.4  1732.0   -180.0   550.8   971.0
  15:39:06.140   430.4  1732.0   -180.0   550.8   971.0
  15:39:06.187   428.1  1732.0   -180.0   548.5   981.0
  15:39:06.203   425.6  1732.0   -180.0   546.0   971.0
  15:39:06.250   425.6  1732.0   -180.0   546.0   971.0
  15:39:06.296   423.3  1732.0   -180.0   543.7   981.0
  15:39:06.343   421.0  1732.0   -180.0   541.4   981.0
  15:39:06.390   418.6  1732.0   -180.0   539.0   971.0
  15:39:06.453   416.4  1732.0   -180.0   536.8   981.0
  15:39:06.468   413.6  1732.0   -180.0   534.0   971.0
  15:39:06.515   410.9  1732.0   -180.0   531.3   981.0
  15:39:06.562   408.5  1732.0   -180.0   528.9   971.0
  15:39:06.609   406.2  1731.9   -180.0   526.6   971.0
  15:39:06.640   406.2  1731.9   -180.0   526.6   981.0
  15:39:06.671   403.8  1731.9   -180.0   524.2   971.0
  15:39:06.703   401.5  1731.9   -180.0   521.9   961.0
  15:39:06.750   399.3  1731.9   -180.0   519.7   951.0
  15:39:06.796   396.8  1731.9   -180.0   517.3   881.0
  15:39:06.843   396.8  1731.9   -180.0   517.3   781.0
  15:39:06.875   394.5  1731.9   -180.0   515.0   641.0
  15:39:06.906   392.2  1731.9   -180.0   512.8   551.0
  15:39:06.953   389.9  1731.9   -180.0   510.4   621.0
  15:39:07.046   385.2  1731.9   -180.0   505.9   471.0
  15:39:10.718   206.6  1731.8   -180.0   327.3   410.9
  15:39:11.140   206.6  1731.8   -180.0   327.3   410.9
  15:39:16.109   206.6  1731.8   -120.0  1419.6  1171.1
  15:39:16.328   205.9  1730.6   -120.0  1366.9  1199.8
  15:39:16.656   198.6  1717.9   -120.0  1403.0  1162.1
  15:39:16.812   193.8  1709.7   -120.0  1380.9  1163.8
  15:39:16.843   193.8  1709.7   -120.0  1380.9  1163.8
  15:39:25.625   -20.4  1338.1   -120.0  1184.0   782.3
  15:39:25.859   -26.2  1328.1   -120.0  1160.9   782.3
  15:39:26.062   -30.9  1319.9   -120.0  1156.2   774.1
  15:39:26.078   -32.0  1317.9   -120.0   990.4   867.0
  15:39:26.125   -33.2  1315.8   -120.0  1032.5   839.9
  15:39:26.156   -33.2  1315.8   -120.0   859.3   939.8
  15:39:26.203   -34.4  1313.9   -120.0   849.5   942.9
  15:39:26.234   -35.5  1311.8   -120.0   848.3   940.8
  15:39:26.281   -36.7  1309.8   -120.0   829.8   948.8
  15:39:26.328   -37.9  1307.7   -120.0   802.6   961.7
  15:39:26.375   -39.0  1305.7   -120.0   818.8   949.7
  15:39:26.406   -40.2  1303.7   -120.0   826.3   942.7
  15:39:26.453   -40.2  1303.7   -120.0   791.6   962.6
  15:39:26.484   -41.4  1301.6   -120.0   799.1   955.6
  15:39:26.531   -42.5  1299.7   -120.0   798.0   953.7
  15:39:26.578   -43.8  1297.6   -120.0   788.1   956.5
  15:39:26.609   -44.9  1295.6   -120.0   778.3   959.5
  15:39:26.656   -46.1  1293.5   -120.0   785.7   952.5
  15:39:26.687   -47.2  1291.6   -120.0   767.3   960.6
  15:39:26.734   -47.2  1291.6   -120.0   767.3   960.6
  15:39:26.765   -48.8  1288.8   -120.0   757.0   962.7
  15:39:26.796   -50.0  1286.7   -120.0   747.2   965.7
  15:39:26.843   -50.0  1286.7   -120.0   755.9   960.7
  15:39:26.890   -51.1  1284.8   -120.0   754.7   958.7
  15:39:26.921   -52.2  1282.8   -120.0   753.6   956.8
  15:39:26.968   -53.4  1280.8   -120.0   735.1   964.7
  15:39:27.015   -54.7  1278.6   -120.0   725.2   967.6
  15:39:27.046   -55.8  1276.7   -120.0   724.1   965.6
  15:39:27.093   -57.0  1274.6   -120.0   714.2   968.6
  15:39:27.140   -57.0  1274.6   -120.0   688.2   983.5
  15:39:27.171   -58.1  1272.7   -120.0   687.1   981.6
  15:39:27.203   -59.3  1270.7   -120.0   685.9   979.6
  15:39:27.250   -60.5  1268.6   -120.0   667.4   987.5
  15:39:27.281   -61.7  1266.5   -120.0   657.6   990.4
  15:39:27.328   -62.8  1264.6   -120.0   656.5   988.5
  15:39:27.375   -62.8  1264.6   -120.0   647.8   993.5
  15:39:27.406   -64.0  1262.4   -120.0   646.5   991.3
  15:39:27.453   -65.2  1260.5   -120.0   645.4   989.3
  15:39:27.468   -66.3  1258.5   -120.0   644.3   987.4
  15:39:27.515   -66.3  1258.5   -120.0   635.6   992.4
  15:39:27.562   -67.5  1256.4   -120.0   634.4   990.3
  15:39:27.609   -68.7  1254.4   -120.0   624.6   993.2
  15:39:27.640   -69.8  1252.3   -120.0   623.4   991.2
  15:39:27.671   -71.0  1250.3   -120.0   622.2   989.2
  15:39:27.718   -72.2  1248.3   -120.0   612.4   992.2
  15:39:27.765   -73.3  1246.3   -120.0   611.3   990.2
  15:39:27.812   -73.3  1246.3   -120.0   611.3   990.2
  15:39:27.843   -74.5  1244.2   -120.0   610.1   988.1
  15:39:27.890   -75.6  1242.3   -120.0   608.9   986.1
  15:39:27.937   -76.8  1240.2   -120.0   590.4   994.1
  15:39:27.984   -78.0  1238.2   -120.0   597.9   987.1
  15:39:28.015   -79.1  1236.2   -120.0   596.8   985.1
  15:39:28.046   -79.1  1236.2   -120.0   588.1   990.1
  15:39:28.078   -80.4  1234.1   -120.0   586.9   987.9
  15:39:28.125   -81.5  1232.1   -120.0   585.7   985.9
  15:39:28.171   -82.7  1230.0   -120.0   575.9   988.9
  15:39:28.187   -83.9  1228.0   -120.0   583.4   981.9
  15:39:28.234   -85.0  1226.0   -120.0   573.6   984.9
  15:39:28.281   -85.0  1226.0   -120.0   564.9   989.9
  15:39:28.328   -86.2  1224.0   -120.0   563.7   987.8
  15:39:28.359   -87.3  1222.0   -120.0   562.6   985.9
  15:39:28.406   -88.5  1220.0   -120.0   561.4   983.9
  15:39:28.453   -89.7  1217.9   -120.0   551.6   986.7
  15:39:28.484   -90.9  1215.8   -120.0   550.4   984.7
  15:39:28.515   -90.9  1215.8   -120.0   550.4   984.7
  15:39:28.562   -92.0  1213.9   -120.0   549.3   982.7
  15:39:28.593   -93.2  1211.8   -120.0   539.4   985.7
  15:39:28.640   -94.3  1209.8   -120.0   546.9   978.7
  15:39:28.687   -95.5  1207.8   -120.0   537.1   981.6
  15:39:28.718   -96.7  1205.7   -120.0   535.9   979.6
  15:39:28.781   -97.9  1203.7   -120.0   534.7   977.6
  15:39:28.796   -97.9  1203.7   -120.0   534.7   977.6
  15:39:28.843   -99.0  1201.7   -120.0   533.6   975.5
  15:39:28.875  -100.2  1199.7   -120.0   532.4   973.5
  15:39:28.921  -101.3  1197.7   -120.0   531.3   971.6
  15:39:28.968  -102.5  1195.6   -120.0   530.0   969.4
  15:39:29.000  -103.7  1193.6   -120.0   537.6   962.4
  15:39:29.046  -103.7  1193.6   -120.0   528.9   967.4
  15:39:29.093  -104.9  1191.5   -120.0   536.4   960.4
  15:39:29.125  -106.0  1189.6   -120.0   535.2   958.4
  15:39:29.171  -107.2  1187.6   -120.0   534.1   956.4
  15:39:29.203  -108.4  1185.5   -120.0   532.9   954.3
  15:39:29.250  -109.5  1183.5   -120.0   531.7   952.3
  15:39:29.296  -110.7  1181.4   -120.0   530.5   950.3
  15:39:29.343  -110.7  1181.4   -120.0   539.2   945.3
  15:39:29.375  -111.9  1179.4   -120.0   529.4   948.2
  15:39:29.421  -113.3  1177.0   -120.0   536.7   940.9
  15:39:29.453  -113.3  1177.0   -120.0   536.7   940.9
  15:39:29.484  -114.6  1174.7   -120.0   535.3   938.6
  15:39:29.531  -115.7  1172.7   -120.0   534.2   936.5
  15:39:29.578  -116.9  1170.7   -120.0   533.0   934.5
  15:39:29.625  -118.1  1168.5   -120.0   531.8   932.4
  15:39:29.656  -119.3  1166.6   -120.0   530.6   930.4
  15:39:29.703  -120.4  1164.6   -120.0   529.5   928.5
  15:39:29.750  -121.6  1162.5   -120.0   537.0   921.3
  15:39:29.765  -121.6  1162.5   -120.0   537.0   921.3
  15:39:29.812  -122.7  1160.6   -120.0   535.8   919.4
  15:39:29.859  -123.9  1158.5   -120.0   534.6   917.3
  15:39:29.890  -125.1  1156.4   -120.0   533.5   915.3
  15:39:29.937  -126.3  1154.5   -120.0   532.3   913.3
  15:39:30.000  -127.4  1152.4   -120.0   539.8   906.3
  15:39:30.015  -127.4  1152.4   -120.0   539.8   906.3
  15:39:30.062  -129.0  1149.7   -120.0   529.6   908.6
  15:39:30.093  -130.2  1147.7   -120.0   537.1   901.5
  15:39:30.140  -130.2  1147.7   -120.0   537.1   901.5
  15:39:30.203  -132.5  1143.6   -120.0   526.1   902.4
  15:39:30.218  -132.5  1143.6   -120.0   543.4   892.4
  15:39:30.265  -133.7  1141.6   -120.0   533.6   895.5
  15:39:30.312  -134.8  1139.6   -120.0   532.4   893.5
  15:39:30.343  -136.0  1137.6   -120.0   539.9   886.5
  15:39:30.390  -137.2  1135.5   -120.0   538.7   884.4
  15:39:30.421  -137.2  1135.5   -120.0   538.7   884.4
  15:39:30.453  -138.3  1133.5   -120.0   537.6   882.4
  15:39:30.500  -139.5  1131.5   -120.0   536.4   880.4
  15:39:30.546  -140.7  1129.4   -120.0   535.2   878.2
  15:39:30.578  -141.8  1127.4   -120.0   516.7   886.3
  15:39:30.609  -141.8  1127.4   -120.0   542.7   871.3
  15:39:30.640  -143.0  1125.3   -120.0   541.5   869.2
  15:39:30.687  -144.2  1123.4   -120.0   540.4   867.3
  15:39:30.734  -145.3  1121.4   -120.0   539.2   865.2
  15:39:30.765  -146.5  1119.3   -120.0   538.0   863.1
  15:39:30.812  -146.5  1119.3   -120.0   538.0   863.1
  15:39:30.843  -147.7  1117.3   -120.0   536.9   861.1
  15:39:30.875  -148.9  1115.2   -120.0   535.7   859.1
  15:39:30.921  -150.0  1113.2   -120.0   534.5   857.1
  15:39:30.968  -151.2  1111.2   -120.0   542.1   850.1
  15:39:31.000  -151.2  1111.2   -120.0   542.1   850.1
  15:39:31.031  -152.5  1108.9   -120.0   540.7   847.8
  15:39:31.078  -153.5  1107.1   -120.0   539.7   846.0
  15:39:31.125  -154.7  1105.2   -120.0   538.6   844.0
  15:39:31.156  -155.8  1103.2   -120.0   537.4   842.1
  15:39:31.203  -157.0  1101.1   -120.0   536.2   840.0
  15:39:31.250  -158.2  1099.1   -120.0   535.1   838.0
  15:39:31.296  -159.3  1097.1   -120.0   533.9   836.0
  15:39:31.328  -159.3  1097.1   -120.0   542.6   831.0
  15:39:31.375  -160.5  1095.0   -120.0   541.4   828.9
  15:39:31.406  -161.7  1093.0   -120.0   540.2   826.9
  15:39:31.453  -162.9  1090.9   -120.0   547.7   819.8
  15:39:31.468  -162.9  1090.9   -120.0   547.7   819.8
  15:39:31.515  -164.0  1088.9   -120.0   546.5   817.8
  15:39:31.562  -165.2  1086.8   -120.0   545.3   815.7
  15:39:31.609  -166.4  1084.9   -120.0   544.2   813.8
  15:39:31.640  -167.5  1082.9   -120.0   551.7   806.8
  15:39:31.687  -168.7  1080.9   -120.0   541.9   809.7
  15:39:31.734  -169.9  1078.8   -120.0   549.3   802.6
  15:39:31.765  -171.1  1076.7   -120.0   548.2   800.6
  15:39:31.812  -171.1  1076.7   -120.0   539.5   805.6
  15:39:31.859  -172.3  1074.7   -120.0   547.0   798.6
  15:39:31.890  -173.4  1072.6   -120.0   545.8   796.5
  15:39:31.937  -174.5  1070.7   -120.0   553.4   789.6
  15:39:31.984  -175.8  1068.6   -120.0   552.1   787.5
  15:39:32.031  -176.9  1066.6   -120.0   542.3   790.5
  15:39:32.062  -178.1  1064.5   -120.0   549.8   783.4
  15:39:32.109  -179.2  1062.6   -120.0   548.7   781.5
  15:39:32.156  -180.4  1060.5   -120.0   547.5   779.4
  15:39:32.171  -180.4  1060.5   -120.0   547.5   779.4
  15:39:32.234  -181.5  1058.6   -120.0   555.0   772.5
  15:39:32.234  -181.5  1058.6   -120.0   546.4   777.5
  15:39:32.281  -182.8  1056.3   -120.0   553.7   770.2
  15:39:32.328  -183.9  1054.5   -120.0   552.7   768.4
  15:39:32.375  -185.1  1052.5   -120.0   542.8   771.4
  15:39:32.421  -186.2  1050.5   -120.0   559.0   759.4
  15:39:32.453  -187.4  1048.3   -120.0   557.8   757.2
  15:39:32.500  -188.6  1046.4   -120.0   556.6   755.3
  15:39:32.546  -189.8  1044.3   -120.0   555.4   753.2
  15:39:32.593  -190.9  1042.3   -120.0   554.3   751.2
  15:39:32.625  -192.1  1040.3   -120.0   544.5   754.2
  15:39:32.671  -192.1  1040.3   -120.0   553.1   749.2
  15:39:32.703  -193.2  1038.3   -120.0   552.0   747.2
  15:39:32.734  -194.4  1036.2   -120.0   559.5   740.2
  15:39:32.781  -195.6  1034.2   -120.0   558.3   738.1
  15:39:32.812  -195.6  1034.2   -120.0   549.6   743.1
  15:39:32.859  -196.8  1032.2   -120.0   557.1   736.1
  15:39:32.906  -197.9  1030.2   -120.0   556.0   734.1
  15:39:32.937  -199.1  1028.1   -120.0   554.8   732.0
  15:39:32.984  -200.2  1026.1   -120.0   553.6   730.0
  15:39:33.031  -201.5  1024.0   -120.0   552.4   727.9
  15:39:33.062  -202.6  1022.0   -120.0   559.9   720.9
  15:39:33.109  -202.6  1022.0   -120.0   559.9   720.9
  15:39:33.156  -203.8  1019.9   -120.0   550.1   723.8
  15:39:33.187  -204.9  1018.1   -120.0   549.0   722.0
  15:39:33.234  -206.2  1015.8   -120.0   556.4   714.8
  15:39:33.265  -207.3  1013.9   -120.0   546.6   717.8
  15:39:33.296  -208.5  1011.9   -120.0   545.4   715.8
  15:39:33.343  -208.5  1011.9   -120.0   562.8   705.8
  15:39:33.390  -209.6  1009.9   -120.0   552.9   708.8
  15:39:33.421  -210.8  1007.7   -120.0   560.4   701.7
  15:39:33.468  -211.9  1005.9   -120.0   559.3   699.8
  15:39:33.500  -213.1  1003.8   -120.0   558.1   697.7
  15:39:33.531  -214.3  1001.7   -120.0   556.9   695.7
  15:39:33.578  -214.3  1001.7   -120.0   556.9   695.7
  15:39:33.625  -215.5   999.6   -120.0   564.3   688.5
  15:39:33.671  -216.6   997.8   -120.0   554.6   691.7
  15:39:33.718  -218.2   995.0   -120.0   561.7   683.9
  15:39:33.750  -219.3   993.1   -120.0   560.6   682.0
  15:39:33.796  -220.5   991.0   -120.0   550.7   685.0
  15:39:33.843  -220.5   991.0   -120.0   559.4   680.0
  15:39:33.890  -221.6   989.0   -120.0   566.9   672.9
  15:39:33.906  -222.8   987.0   -120.0   565.7   670.9
  15:39:33.953  -224.0   984.9   -120.0   555.9   673.9
  15:39:33.984  -224.0   984.9   -120.0   564.5   668.9
  15:39:34.031  -225.2   982.9   -120.0   554.7   671.8
  15:39:34.078  -226.4   980.8   -120.0   562.2   664.7
  15:39:34.109  -227.5   978.8   -120.0   561.0   662.8
  15:39:34.156  -228.7   976.7   -120.0   551.2   665.7
  15:39:34.203  -229.8   974.8   -120.0   558.7   658.7
  15:39:34.250  -231.0   972.8   -120.0   557.5   656.7
  15:39:34.281  -232.2   970.7   -120.0   556.3   654.6
  15:39:34.328  -233.4   968.6   -120.0   563.8   647.6
  15:39:34.359  -233.4   968.6   -120.0   563.8   647.6
  15:39:34.406  -234.5   966.6   -120.0   562.7   645.6
  15:39:34.453  -235.7   964.6   -120.0   561.5   643.6
  15:39:34.468  -236.9   962.6   -120.0   560.3   641.6
  15:39:34.515  -238.0   960.5   -120.0   550.5   644.5
  15:39:34.562  -238.0   960.5   -120.0   550.5   644.5
  15:39:34.593  -239.2   958.5   -120.0   540.7   647.5
  15:39:34.640  -240.4   956.5   -120.0   539.5   645.4
  15:39:34.687  -241.6   954.4   -120.0   538.3   643.4
  15:39:34.734  -242.7   952.5   -120.0   580.5   616.5
  15:39:34.765  -243.9   950.4   -120.0   691.9   549.5
  15:39:34.812  -245.0   948.4   -120.0   742.8   517.5
  15:39:34.875  -246.2   946.4   -120.0   750.3   510.5
  15:39:34.890  -246.2   946.4   -120.0   776.2   495.5
  15:39:42.750  -292.9   865.4    -71.3   862.8  1383.9
  15:39:44.890  -269.4   796.2    -71.3   924.1  1327.6
  15:39:48.531  -211.6   625.7    -71.3   944.1  1144.2
  15:39:48.562  -211.6   625.7    -71.3   858.8  1115.3
  15:39:48.609  -210.9   623.5    -71.3   850.1  1109.9
  15:39:48.656  -210.1   621.1    -71.3   652.0  1040.1
  15:39:48.703  -209.3   618.9    -71.3   586.5  1015.4
  15:39:48.734  -208.6   616.6    -71.3   568.3  1006.7
  15:39:48.781  -207.8   614.5    -71.3   559.6  1001.4
  15:39:48.828  -207.1   612.3    -71.3   541.4   992.8
  15:39:48.859  -207.1   612.3    -71.3   550.8   996.0
  15:39:48.906  -206.4   610.1    -71.3   542.1   990.6
  15:39:48.937  -205.6   607.8    -71.3   542.9   988.3
  15:39:48.984  -204.9   605.7    -71.3   534.1   983.0
  15:39:49.015  -204.1   603.5    -71.3   544.4   983.9
  15:39:49.062  -204.1   603.5    -71.3   534.9   980.7
  15:39:49.109  -203.4   601.3    -71.3   545.1   981.8
  15:39:49.140  -202.6   598.9    -71.3   536.4   976.2
  15:39:49.171  -201.9   596.9    -71.3   527.7   970.9
  15:39:49.203  -201.1   594.6    -71.3   537.9   971.9
  15:39:49.250  -200.4   592.4    -71.3   538.6   969.7
  15:39:49.296  -200.4   592.4    -71.3   529.2   966.5
  15:39:49.328  -199.6   590.1    -71.3   539.4   967.4
  15:39:49.375  -198.8   588.0    -71.3   540.1   965.2
  15:39:49.421  -198.1   585.7    -71.3   531.4   959.8
  15:39:49.453  -197.3   583.5    -71.3   541.7   960.8
  15:39:49.500  -196.6   581.3    -71.3   542.4   958.6
  15:39:49.546  -195.8   579.1    -71.3   533.7   953.2
  15:39:49.578  -195.8   579.1    -71.3   533.7   953.2
  15:39:49.625  -195.1   576.9    -71.3   524.9   947.8
  15:39:49.656  -194.4   574.7    -71.3   544.6   952.0
  15:39:49.703  -193.6   572.5    -71.3   535.9   946.6
  15:39:49.750  -192.8   570.2    -71.3   527.2   941.1
  15:39:49.796  -192.1   568.0    -71.3   537.5   942.0
  15:39:49.828  -191.3   565.8    -71.3   528.7   936.6
  15:39:49.875  -190.6   563.7    -71.3   538.9   937.7
  15:39:49.921  -189.8   561.4    -71.3   549.1   938.7
  15:39:49.968  -189.8   561.4    -71.3   530.2   932.3
  15:39:50.000  -189.1   559.1    -71.3   540.5   933.2
  15:39:50.031  -188.3   557.0    -71.3   531.7   927.8
  15:39:50.062  -187.6   554.7    -71.3   532.5   925.5
  15:39:50.109  -186.8   552.6    -71.3   542.7   926.6
  15:39:50.156  -186.8   552.6    -71.3   533.2   923.4
  15:39:50.203  -186.1   550.3    -71.3   543.4   924.4
  15:39:50.250  -185.3   548.1    -71.3   544.2   922.2
  15:39:50.281  -184.5   545.8    -71.3   535.5   916.6
  15:39:50.328  -183.8   543.6    -71.3   545.7   917.7
  15:39:50.375  -183.1   541.5    -71.3   527.5   909.1
  15:39:50.421  -182.3   539.1    -71.3   547.2   913.2
  15:39:50.453  -181.6   537.1    -71.3   547.9   911.1
  15:39:50.515  -180.8   534.9    -71.3   529.7   902.5
  15:39:50.546  -180.8   534.9    -71.3   529.7   902.5
  15:39:50.593  -179.8   531.9    -71.3   530.7   899.6
  15:39:50.609  -179.1   529.6    -71.3   531.5   897.3
  15:39:50.656  -178.3   527.4    -71.3   541.8   898.2
  15:39:50.703  -178.3   527.4    -71.3   541.8   898.2
  15:39:50.734  -177.5   525.1    -71.3   533.0   892.8
  15:39:50.781  -176.8   523.0    -71.3   543.2   893.9
  15:39:50.828  -176.1   520.7    -71.3   534.5   888.4
  15:39:50.875  -175.3   518.5    -71.3   544.7   889.4
  15:39:50.921  -174.5   516.3    -71.3   545.5   887.1
  15:39:50.953  -173.8   514.1    -71.3   536.8   881.7
  15:39:51.000  -173.1   512.0    -71.3   547.0   882.8
  15:39:51.031  -173.1   512.0    -71.3   547.0   882.8
  15:39:51.078  -172.3   509.7    -71.3   538.3   877.3
  15:39:51.125  -171.6   507.5    -71.3   548.5   878.4
  15:39:51.171  -170.8   505.2    -71.3   539.8   872.9
  15:39:51.203  -170.0   503.0    -71.3   540.5   870.6
  15:39:51.250  -169.3   500.8    -71.3   550.8   871.6
  15:39:51.312  -168.5   498.5    -71.3   542.1   866.2
  15:39:51.343  -167.7   496.0    -71.3   542.9   863.6
  15:39:51.375  -167.1   494.2    -71.3   543.5   861.8
  15:39:51.406  -167.1   494.2    -71.3   543.5   861.8
  15:39:51.453  -166.3   492.0    -71.3   534.8   856.5
  15:39:51.484  -165.6   489.8    -71.3   545.0   857.5
  15:39:51.531  -164.8   487.5    -71.3   545.8   855.2
  15:39:51.578  -164.0   485.2    -71.3   546.6   852.9
  15:39:51.625  -163.3   483.0    -71.3   547.3   850.7
  15:39:51.671  -162.5   480.8    -71.3   548.1   848.5
  15:39:51.734  -161.8   478.6    -71.3   539.3   843.1
  15:39:51.750  -161.8   478.6    -71.3   548.8   846.3
  15:39:51.796  -161.0   476.4    -71.3   540.1   840.9
  15:39:51.843  -160.3   474.2    -71.3   550.3   841.8
  15:39:51.890  -159.5   471.9    -71.3   541.6   836.4
  15:39:51.921  -158.8   469.7    -71.3   532.9   831.0
  15:39:51.968  -158.0   467.6    -71.3   552.6   835.2
  15:39:52.015  -157.3   465.4    -71.3   543.8   829.8
  15:39:52.046  -156.5   463.1    -71.3   535.1   824.4
  15:39:52.093  -155.8   461.0    -71.3   545.3   825.4
  15:39:52.140  -155.8   461.0    -71.3   535.9   822.2
  15:39:52.171  -155.0   458.8    -71.3   546.1   823.2
  15:39:52.218  -154.3   456.5    -71.3   546.8   820.9
  15:39:52.265  -153.5   454.2    -71.3   538.2   815.4
  15:39:52.312  -152.8   452.0    -71.3   548.4   816.5
  15:39:52.343  -152.1   449.9    -71.3   549.1   814.4
  15:39:52.390  -151.3   447.7    -71.3   540.4   808.9
  15:39:52.421  -151.3   447.7    -71.3   549.8   812.1
  15:39:52.468  -150.5   445.4    -71.3   541.1   806.6
  15:39:52.515  -149.8   443.2    -71.3   551.4   807.6
  15:39:52.546  -149.0   441.0    -71.3   552.1   805.4
  15:39:52.578  -148.2   438.7    -71.3   543.4   799.9
  15:39:52.625  -148.2   438.7    -71.3   543.4   799.9
  15:39:52.656  -147.5   436.6    -71.3   534.6   794.6
  15:39:52.703  -146.8   434.3    -71.3   544.9   795.5
  15:39:52.750  -146.0   432.2    -71.3   536.1   790.2
  15:39:52.796  -145.2   429.9    -71.3   546.4   791.1
  15:39:52.828  -144.5   427.7    -71.3   547.1   789.0
  15:39:52.875  -143.7   425.5    -71.3   538.4   783.5
  15:39:52.921  -143.0   423.2    -71.3   548.6   784.5
  15:39:52.968  -142.3   421.1    -71.3   549.4   782.4
  15:39:53.000  -141.5   418.8    -71.3   550.1   780.1
  15:39:53.046  -141.5   418.8    -71.3   540.7   776.8
  15:39:53.093  -140.7   416.6    -71.3   550.9   777.8
  15:39:53.125  -140.0   414.4    -71.3   542.2   772.4
  15:39:53.171  -139.3   412.2    -71.3   552.4   773.4
  15:39:53.218  -138.3   409.3    -71.3   553.4   770.5
  15:39:53.265  -137.5   407.1    -71.3   544.6   765.1
  15:39:53.312  -137.5   407.1    -71.3   554.1   768.3
  15:39:53.343  -136.8   404.9    -71.3   554.9   766.1
  15:39:53.375  -136.0   402.6    -71.3   546.2   760.6
  15:39:53.406  -135.3   400.5    -71.3   546.9   758.5
  15:39:53.453  -134.5   398.2    -71.3   557.1   759.4
  15:39:53.500  -133.8   396.0    -71.3   538.9   750.8
  15:39:53.546  -133.8   396.0    -71.3   548.4   754.0
  15:39:53.562  -133.0   393.8    -71.3   549.2   751.8
  15:39:53.609  -132.2   391.5    -71.3   549.9   749.5
  15:39:53.656  -131.5   389.3    -71.3   550.7   747.3
  15:39:53.703  -130.7   387.0    -71.3   551.4   745.1
  15:39:53.734  -130.0   384.9    -71.3   552.2   742.9
  15:39:53.781  -130.0   384.9    -71.3   552.2   742.9
  15:39:53.812  -129.3   382.7    -71.3   552.9   740.7
  15:39:53.859  -128.5   380.4    -71.3   553.7   738.5
  15:39:53.906  -127.8   378.3    -71.3   544.9   733.1
  15:39:53.968  -127.0   376.1    -71.3   555.2   734.1
  15:39:53.984  -126.2   373.7    -71.3   556.0   731.7
  15:39:54.031  -125.5   371.6    -71.3   547.2   726.4
  15:39:54.078  -124.7   369.3    -71.3   548.0   724.1
  15:39:54.125  -124.7   369.3    -71.3   548.0   724.1
  15:39:54.125  -124.0   367.2    -71.3   548.7   722.0
  15:39:54.171  -123.2   364.9    -71.3   549.5   719.7
  15:39:54.218  -123.2   364.9    -71.3   540.0   716.5
  15:39:54.250  -122.5   362.7    -71.3   550.2   717.5
  15:39:54.296  -121.7   360.6    -71.3   551.0   715.4
  15:39:54.343  -121.0   358.3    -71.3   542.2   709.9
  15:39:54.390  -120.2   356.0    -71.3   552.5   710.8
  15:39:54.421  -119.5   353.9    -71.3   553.2   708.7
  15:39:54.468  -118.7   351.7    -71.3   554.0   706.5
  15:39:54.515  -118.0   349.5    -71.3   554.7   704.3
  15:39:54.546  -118.0   349.5    -71.3   554.7   704.3
  15:39:54.578  -117.2   347.3    -71.3   555.5   702.0
  15:39:54.625  -116.5   345.0    -71.3   546.7   696.6
  15:39:54.671  -115.7   342.8    -71.3   557.0   697.6
  15:39:54.703  -115.0   340.5    -71.3   557.7   695.3
  15:39:54.765  -114.2   338.3    -71.3   549.0   689.9
  15:39:54.796  -113.4   336.1    -71.3   549.8   687.7
  15:39:54.843  -113.4   336.1    -71.3   549.8   687.7
  15:39:54.875  -112.7   334.0    -71.3   550.5   685.6
  15:39:54.921  -112.0   331.8    -71.3   551.2   683.4
  15:39:54.953  -111.2   329.6    -71.3   552.0   681.1
  15:39:55.000  -110.5   327.3    -71.3   552.8   678.9
  15:39:55.031  -110.5   327.3    -71.3   552.8   678.9
  15:39:55.062  -109.7   325.1    -71.3   553.5   676.7
  15:39:55.109  -109.0   322.8    -71.3   554.3   674.4
  15:39:55.156  -108.2   320.7    -71.3   555.0   672.3
  15:39:55.187  -107.4   318.4    -71.3   555.8   670.0
  15:39:55.234  -106.7   316.2    -71.3   556.5   667.8
  15:39:55.281  -106.0   314.0    -71.3   557.3   665.6
  15:39:55.328  -105.2   311.8    -71.3   558.0   663.4
  15:39:55.375  -105.2   311.8    -71.3   558.0   663.4
  15:39:55.406  -104.3   309.2    -71.3   558.9   660.7
  15:39:55.453  -103.5   306.7    -71.3   559.7   658.3
  15:39:55.500  -102.7   304.4    -71.3   560.5   656.0
  15:39:55.531  -102.0   302.2    -71.3   551.8   650.6
  15:39:55.578  -102.0   302.2    -71.3   561.3   653.8
  15:39:55.609  -101.2   300.0    -71.3   552.5   648.4
  15:39:55.656  -100.4   297.7    -71.3   562.8   649.3
  15:39:55.687   -99.7   295.5    -71.3   554.1   643.9
  15:39:55.718   -99.0   293.4    -71.3   554.8   641.8
  15:39:55.750   -99.0   293.4    -71.3   554.8   641.8
  15:39:55.796   -98.2   291.1    -71.3   555.6   639.4
  15:39:55.843   -97.4   288.8    -71.3   565.8   640.4
  15:39:55.890   -96.7   286.7    -71.3   566.5   638.3
  15:39:55.937   -95.9   284.4    -71.3   576.8   639.2
  15:39:55.984   -95.2   282.2    -71.3   577.5   637.0
  15:39:56.015   -94.4   280.0    -71.3   606.7   644.4
  15:39:56.062   -93.7   277.8    -71.3   597.9   639.1
  15:39:56.109   -92.9   275.6    -71.3   598.7   636.8
  15:39:56.140   -92.9   275.6    -71.3   608.2   640.0
  15:39:56.187   -92.2   273.4    -71.3   608.9   637.9
  15:39:56.234   -91.4   271.2    -71.3   619.1   638.9
  15:39:56.281   -90.7   268.9    -71.3   629.4   639.8
  15:39:56.312   -89.9   266.7    -71.3   630.1   637.6
  15:39:56.359   -89.2   264.5    -71.3   659.3   645.0
  15:39:56.406   -88.4   262.3    -71.3   688.4   652.4
  15:39:56.437   -87.7   260.2    -71.3   736.5   666.3
  15:39:56.468   -87.7   260.2    -71.3   746.0   669.6
  15:39:56.515   -87.0   258.0    -71.3   850.9   702.7
  15:39:56.546   -86.2   255.7    -71.3   946.4   732.5
  15:39:56.593   -85.4   253.3    -71.3   985.1   743.0
  15:39:56.625   -85.4   253.3    -71.3   985.1   743.0
  15:39:56.703   -83.9   249.0    -71.3  1109.7   780.4
  15:39:56.765   -83.1   246.7    -71.3  1119.9   781.3
  15:39:59.125   -45.6   136.0    -71.3  1166.9   673.9
