Лабораторная работа 1. Анализ сенсорных данных об объекте

Маршрут: шестиугольник
Направление движения: против часовой стрелки
Скорость движения: 50.0 мм/с
Рабочий дальномер: левый (Rf_L)

Выходная информация: положение робота, координаты точек объекта

          Time   X_rob   Y_rob  Ang_rob   X_obj   Y_obj
  чч:мм:сс.ссс      мм      мм     град      мм      мм
  17:12:33.781   660.3     0.0      0.0   540.3  1261.0
  17:12:33.828   662.7     0.0      0.0   542.7  1021.0
  17:12:33.875   665.1     0.0      0.0   545.1  1021.0
  17:12:33.906   667.4     0.0      0.0   547.4   691.0
  17:12:33.953   669.7     0.0      0.0   549.7   581.0
  17:12:34.000   672.1     0.0      0.0   552.1   581.0
  17:12:34.046   674.4     0.0      0.0   554.4   541.0
  17:12:34.093   676.9     0.0      0.0   556.9   531.0
  17:12:34.109   676.9     0.0      0.0   556.9   531.0
  17:12:34.156   679.1     0.0      0.0   559.1   531.0
  17:12:34.187   681.4     0.0      0.0   561.4   531.0
  17:12:34.234   683.8     0.0      0.0   563.8   531.0
  17:12:34.281   686.1     0.0      0.0   566.1   531.0
  17:12:34.328   688.6     0.0      0.0   568.6   531.0
  17:12:34.359   688.6     0.0      0.0   568.6   531.0
  17:12:34.421   693.1     0.0      0.0   573.1   531.0
  17:12:34.453   695.5     0.0      0.0   575.5   531.0
  17:12:34.500   695.5     0.0      0.0   575.5   531.0
  17:12:34.546   697.8     0.0      0.0   577.8   531.0
  17:12:34.593   700.2     0.0      0.0   580.2   531.0
  17:12:34.625   702.5     0.0      0.0   582.5   531.0
  17:12:34.671   704.8     0.0      0.0   584.8   531.0
  17:12:34.718   707.1     0.0      0.0   587.1   531.0
  17:12:34.765   709.5     0.0      0.0   589.5   531.0
  17:12:34.796   711.8     0.0      0.0   591.8   521.0
  17:12:34.843   711.8     0.0      0.0   591.8   521.0
  17:12:34.875   714.2     0.0      0.0   594.2   531.0
  17:12:34.921   716.6     0.0      0.0   596.6   531.0
  17:12:34.968   718.9     0.0      0.0   598.9   531.0
  17:12:35.015   721.3     0.0      0.0   601.3   531.0
  17:12:35.046   723.6     0.0      0.0   603.6   531.0
  17:12:35.093   725.9     0.0      0.0   605.9   531.0
  17:12:35.125   728.3     0.0      0.0   608.3   531.0
  17:12:35.171   730.6     0.0      0.0   610.6   531.0
  17:12:35.218   730.6     0.0      0.0   610.6   531.0
  17:12:35.265   732.8     0.0      0.0   612.8   531.0
  17:12:35.312   735.3     0.0      0.0   615.3   531.0
  17:12:35.343   737.6     0.0      0.0   617.6   531.0
  17:12:35.390   740.0     0.0      0.0   620.0   531.0
  17:12:35.437   742.2     0.0      0.0   622.2   531.0
  17:12:35.468   744.7     0.0      0.0   624.7   531.0
  17:12:35.515   747.0     0.0      0.0   627.0   531.0
  17:12:35.562   749.4     0.0      0.0   629.4   531.0
  17:12:35.609   749.4     0.0      0.0   629.4   531.0
  17:12:35.640   751.6     0.0      0.0   631.6   531.0
  17:12:35.687   754.0     0.0      0.0   634.0   531.0
  17:12:35.734   756.3     0.0      0.0   636.3   531.0
  17:12:35.781   758.6     0.0      0.0   638.6   531.0
  17:12:35.828   761.0     0.0      0.0   641.0   521.0
  17:12:35.859   763.3     0.0      0.0   643.3   521.0
  17:12:35.906   765.7     0.0      0.0   645.7   521.0
  17:12:35.953   768.0     0.0      0.0   648.0   521.0
  17:12:36.000   770.3     0.0      0.0   650.3   521.0
  17:12:36.046   772.6     0.0      0.0   652.6   521.0
  17:12:36.078   772.6     0.0      0.0   652.6   521.0
  17:12:36.125   775.0     0.0      0.0   655.0   521.0
  17:12:36.171   777.4     0.0      0.0   657.4   521.0
  17:12:36.218   779.8     0.0      0.0   659.8   521.0
  17:12:36.250   782.0     0.0      0.0   662.0   521.0
  17:12:36.296   784.5     0.0      0.0   664.5   521.0
  17:12:36.343   786.7     0.0      0.0   666.7   521.0
  17:12:36.390   789.1     0.0      0.0   669.1   521.0
  17:12:36.421   791.4     0.0      0.0   671.4   521.0
  17:12:36.468   793.8     0.0      0.0   673.8   521.0
  17:12:36.515   796.1     0.0      0.0   676.1   521.0
  17:12:36.562   796.1     0.0      0.0   676.1   521.0
  17:12:36.593   798.5     0.0      0.0   678.5   521.0
  17:12:36.656   800.8     0.0      0.0   680.8   521.0
  17:12:36.687   803.6     0.0      0.0   683.6   521.0
  17:12:36.734   806.2     0.0      0.0   686.2   521.0
  17:12:36.765   808.6     0.0      0.0   688.6   521.0
  17:12:36.812   808.6     0.0      0.0   688.6   521.0
  17:12:36.859   811.0     0.0      0.0   691.0   521.0
  17:12:36.906   813.3     0.0      0.0   693.3   521.0
  17:12:36.937   815.7     0.0      0.0   695.7   521.0
  17:12:36.984   817.9     0.0      0.0   697.9   521.0
  17:12:37.031   820.2     0.0      0.0   700.2   521.0
  17:12:37.078   822.7     0.0      0.0   702.7   521.0
  17:12:37.125   824.9     0.0      0.0   704.9   521.0
  17:12:37.156   827.3     0.0      0.0   707.3   521.0
  17:12:37.203   829.7     0.0      0.0   709.7   521.0
  17:12:37.265   832.0     0.0      0.0   712.0   521.0
  17:12:37.281   832.0     0.0      0.0   712.0   521.0
  17:12:37.328   834.3     0.0      0.0   714.3   521.0
  17:12:37.375   836.6     0.0      0.0   716.6   521.0
  17:12:37.406   839.0     0.0      0.0   719.0   521.0
  17:12:37.453   841.3     0.0      0.0   721.3   521.0
  17:12:37.500   843.7     0.0      0.0   723.7   521.0
  17:12:37.546   846.0     0.0      0.0   726.0   521.0
  17:12:37.593   848.4     0.0      0.0   728.4   521.0
  17:12:37.625   848.4     0.0      0.0   728.4   521.0
  17:12:37.671   850.7     0.0      0.0   730.7   521.0
  17:12:37.718   853.0     0.0      0.0   733.0   521.0
  17:12:37.750   855.4     0.0      0.0   735.4   521.0
  17:12:37.796   857.8     0.0      0.0   737.8   521.0
  17:12:37.843   860.0     0.0      0.0   740.0   521.0
  17:12:37.890   862.4     0.0      0.0   742.4   511.0
  17:12:37.937   864.6     0.0      0.0   744.6   511.0
  17:12:37.968   867.0     0.0      0.0   747.0   511.0
  17:12:38.015   867.0     0.0      0.0   747.0   511.0
  17:12:38.062   869.4     0.0      0.0   749.4   511.0
  17:12:38.093   872.3     0.0      0.0   752.3   511.0
  17:12:38.140   874.9     0.0      0.0   754.9   521.0
  17:12:38.187   877.2     0.0      0.0   757.2   511.0
  17:12:38.234   879.5     0.0      0.0   759.5   521.0
  17:12:38.265   879.5     0.0      0.0   759.5   521.0
  17:12:38.312   881.8     0.0      0.0   761.8   511.0
  17:12:38.359   884.3     0.0      0.0   764.3   511.0
  17:12:38.406   886.6     0.0      0.0   766.6   521.0
  17:12:38.437   888.9     0.0      0.0   768.9   511.0
  17:12:38.484   891.1     0.0      0.0   771.1   511.0
  17:12:38.531   893.6     0.0      0.0   773.6   511.0
  17:12:38.578   895.9     0.0      0.0   775.9   511.0
  17:12:38.609   898.3     0.0      0.0   778.3   511.0
  17:12:38.656   900.5     0.0      0.0   780.5   521.0
  17:12:38.703   900.5     0.0      0.0   780.5   511.0
  17:12:38.750   902.9     0.0      0.0   782.9   511.0
  17:12:38.781   905.2     0.0      0.0   785.2   511.0
  17:12:38.828   907.5     0.0      0.0   787.5   511.0
  17:12:38.875   910.0     0.0      0.0   790.0   511.0
  17:12:38.921   912.3     0.0      0.0   792.3   511.0
  17:12:38.953   914.7     0.0      0.0   794.7   511.0
  17:12:39.000   917.0     0.0      0.0   797.0   511.0
  17:12:39.046   919.3     0.0      0.0   799.3   511.0
  17:12:39.093   921.6     0.0      0.0   801.6   511.0
  17:12:39.140   924.0     0.0      0.0   804.0   511.0
  17:12:39.187   924.0     0.0      0.0   804.0   511.0
  17:12:39.218   926.4     0.0      0.0   806.4   511.0
  17:12:39.265   928.6     0.0      0.0   808.6   511.0
  17:12:39.312   931.0     0.0      0.0   811.0   511.0
  17:12:39.343   933.4     0.0      0.0   813.4   511.0
  17:12:39.390   935.8     0.0      0.0   815.8   511.0
  17:12:39.437   938.0     0.0      0.0   818.0   511.0
  17:12:39.484   940.4     0.0      0.0   820.4   511.0
  17:12:39.531   942.7     0.0      0.0   822.7   521.0
  17:12:39.562   945.1     0.0      0.0   825.1   521.0
  17:12:39.609   945.1     0.0      0.0   825.1   521.0
  17:12:39.640   947.4     0.0      0.0   827.4   571.0
  17:12:39.687   949.8     0.0      0.0   829.8   611.0
  17:12:39.734   952.0     0.0      0.0   832.0   611.0
  17:12:39.765   954.4     0.0      0.0   834.4   631.0
  17:12:39.812   956.7     0.0      0.0   836.7   631.0
  17:12:39.859   959.1     0.0      0.0   839.1   631.0
  17:12:39.906   959.1     0.0      0.0   839.1   631.0
  17:12:39.937   961.5     0.0      0.0   841.5   641.0
  17:12:39.984   964.5     0.0      0.0   844.5   631.0
  17:12:40.031   966.9     0.0      0.0   846.9   641.0
  17:12:40.078   969.1     0.0      0.0   849.1   641.0
  17:12:40.125   969.1     0.0      0.0   849.1   631.0
  17:12:40.156   972.1     0.0      0.0   852.1   641.0
  17:12:40.203   974.8     0.0      0.0   854.8   641.0
  17:12:40.250   977.0     0.0      0.0   857.0   641.0
  17:12:40.296   979.4     0.0      0.0   859.4   641.0
  17:12:40.343   981.7     0.0      0.0   861.7   641.0
  17:12:40.375   984.0     0.0      0.0   864.0   641.0
  17:12:40.421   986.3     0.0      0.0   866.3   641.0
  17:12:40.468   988.8     0.0      0.0   868.8   641.0
  17:12:40.515   991.0     0.0      0.0   871.0   641.0
  17:12:40.546   991.0     0.0      0.0   871.0   641.0
  17:12:40.593   993.4     0.0      0.0   873.4   641.0
  17:12:40.640   995.6     0.0      0.0   875.6   641.0
  17:12:40.687   998.0     0.0      0.0   878.0   641.0
  17:12:40.718  1000.4     0.0      0.0   880.4   641.0
  17:12:40.765  1003.5     0.0      0.0   883.5   641.0
  17:12:40.812  1005.8     0.0      0.0   885.8   641.0
  17:12:40.859  1005.8     0.0      0.0   885.8   641.0
  17:12:40.906  1008.3     0.0      0.0   888.3   641.0
  17:12:40.937  1010.6     0.0      0.0   890.6   641.0
  17:12:40.984  1013.0     0.0      0.0   893.0   641.0
  17:12:41.031  1015.3     0.0      0.0   895.3   641.0
  17:12:41.078  1017.5     0.0      0.0   897.5   641.0
  17:12:41.125  1019.9     0.0      0.0   899.9   641.0
  17:12:41.156  1022.3     0.0      0.0   902.3   641.0
  17:12:41.203  1024.5     0.0      0.0   904.5   641.0
  17:12:41.250  1026.9     0.0      0.0   906.9   661.0
  17:12:41.281  1026.9     0.0      0.0   906.9   661.0
  17:12:41.328  1029.3     0.0      0.0   909.3   691.0
  17:12:41.375  1032.4     0.0      0.0   912.4   701.0
  17:12:41.421  1034.8     0.0      0.0   914.8   701.0
  17:12:41.453  1037.0     0.0      0.0   917.0   721.0
  17:12:41.500  1039.5     0.0      0.0   919.5   741.0
  17:12:41.546  1041.7     0.0      0.0   921.7   741.0
  17:12:41.593  1041.7     0.0      0.0   921.7   771.0
  17:12:41.640  1044.1     0.0      0.0   924.1   831.0
  17:12:41.671  1046.4     0.0      0.0   926.4   831.0
  17:12:41.718  1048.7     0.0      0.0   928.7   861.0
  17:12:41.765  1051.0     0.0      0.0   931.0   871.0
  17:12:41.796  1053.5     0.0      0.0   933.5   871.0
  17:12:57.031  1347.1   242.3     60.0   186.3   773.8
  17:12:57.062  1348.3   244.4     60.0   508.0   590.9
  17:12:57.125  1349.5   246.4     60.0   509.2   592.9
  17:12:57.156  1349.5   246.4     60.0   595.8   542.9
  17:12:57.203  1351.0   249.1     60.0   605.9   540.5
  17:12:57.250  1352.2   251.1     60.0   607.1   542.6
  17:12:57.281  1353.4   253.1     60.0   625.6   534.6
  17:12:57.328  1354.6   255.2     60.0   626.8   536.7
  17:12:57.375  1354.6   255.2     60.0   626.8   536.7
  17:12:57.406  1355.7   257.2     60.0   636.6   533.6
  17:12:57.453  1356.9   259.2     60.0   637.8   535.7
  17:12:57.500  1358.1   261.3     60.0   639.0   537.8
  17:12:57.531  1359.2   263.2     60.0   648.8   534.7
  17:12:57.578  1360.5   265.4     60.0   650.1   536.9
  17:12:57.625  1360.5   265.4     60.0   650.1   536.9
  17:12:57.656  1362.0   268.0     60.0   668.9   529.5
  17:12:57.703  1363.1   270.0     60.0   670.0   531.5
  17:12:57.734  1364.3   272.1     60.0   671.2   533.6
  17:12:57.765  1364.3   272.1     60.0   671.2   533.6
  17:12:57.812  1365.6   274.3     60.0   672.5   535.8
  17:12:57.843  1366.7   276.2     60.0   673.6   537.6
  17:12:57.890  1367.8   278.2     60.0   683.4   534.6
  17:12:57.937  1369.0   280.2     60.0   693.2   531.7
  17:12:57.984  1370.1   282.1     60.0   694.3   533.6
  17:12:58.031  1371.3   284.2     60.0   712.9   525.7
  17:12:58.062  1372.5   286.3     60.0   714.0   527.8
  17:12:58.109  1373.6   288.2     60.0   715.2   529.7
  17:12:58.156  1374.8   290.3     60.0   725.0   526.7
  17:12:58.203  1376.0   292.3     60.0   726.2   528.8
  17:12:58.250  1376.0   292.3     60.0   726.2   528.8
  17:12:58.281  1377.2   294.4     60.0   727.4   530.9
  17:12:58.328  1378.3   296.4     60.0   737.2   527.9
  17:12:58.375  1379.5   298.4     60.0   738.3   529.9
  17:12:58.421  1380.9   300.7     60.0   739.7   532.2
  17:12:58.453  1381.9   302.5     60.0   758.0   524.0
  17:12:58.500  1383.0   304.5     60.0   759.2   526.0
  17:12:58.546  1384.1   306.5     60.0   760.3   527.9
  17:12:58.578  1385.4   308.6     60.0   770.2   525.1
  17:12:58.625  1385.4   308.6     60.0   770.2   525.1
  17:12:58.671  1386.5   310.5     60.0   771.3   527.0
  17:12:58.703  1387.7   312.7     60.0   781.2   524.2
  17:12:58.750  1388.9   314.6     60.0   782.4   526.1
  17:12:58.796  1390.0   316.7     60.0   792.2   523.1
  17:12:58.828  1391.1   318.6     60.0   793.3   525.1
  17:12:58.875  1392.4   320.8     60.0   794.6   527.3
  17:12:58.921  1393.5   322.7     60.0   795.7   529.2
  17:12:58.968  1393.5   322.7     60.0   804.4   524.2
  17:12:59.000  1394.7   324.8     60.0   805.5   526.3
  17:12:59.046  1396.3   327.4     60.0   815.7   523.9
  17:12:59.093  1397.4   329.4     60.0   825.6   520.9
  17:12:59.140  1398.6   331.6     60.0   826.8   523.1
  17:12:59.187  1399.8   333.5     60.0   819.2   530.0
  17:12:59.234  1400.9   335.6     60.0   820.4   532.1
  17:12:59.265  1402.1   337.5     60.0   821.6   534.0
  17:12:59.312  1402.1   337.5     60.0   821.6   534.0
  17:12:59.359  1403.3   339.6     60.0   822.8   536.1
  17:12:59.390  1404.4   341.6     60.0   823.9   538.1
  17:12:59.437  1405.6   343.7     60.0   833.8   535.2
  17:12:59.468  1406.8   345.7     60.0   834.9   537.2
  17:12:59.515  1408.0   347.7     60.0   836.1   539.2
  17:12:59.562  1409.1   349.7     60.0   837.3   541.2
  17:12:59.593  1409.1   349.7     60.0   837.3   541.2
  17:12:59.640  1410.3   351.7     60.0   838.4   543.2
  17:12:59.687  1411.4   353.7     60.0   830.9   550.2
  17:12:59.734  1412.6   355.8     60.0   832.1   552.3
  17:12:59.796  1413.8   357.9     60.0   833.3   554.4
  17:12:59.812  1415.2   360.3     60.0   834.7   556.8
  17:12:59.859  1416.2   361.9     60.0   835.6   558.4
  17:12:59.906  1417.3   363.9     60.0   836.8   560.4
  17:12:59.937  1418.5   365.9     60.0   838.0   562.4
  17:12:59.984  1419.6   367.9     60.0   839.1   564.4
  17:13:00.031  1419.6   367.9     60.0   830.5   569.4
  17:13:00.078  1420.8   369.9     60.0   831.6   571.4
  17:13:00.125  1422.0   372.0     60.0   832.8   573.5
  17:13:00.171  1423.2   374.1     60.0   834.0   575.5
  17:13:00.203  1424.5   376.4     60.0   835.3   577.9
  17:13:00.250  1425.8   378.6     60.0   836.6   580.1
  17:13:00.296  1425.8   378.6     60.0   836.6   580.1
  17:13:00.343  1427.4   381.4     60.0   838.2   582.9
  17:13:00.375  1428.6   383.5     60.0   839.4   584.9
  17:13:00.421  1429.8   385.5     60.0   840.6   587.0
  17:13:00.468  1430.9   387.5     60.0   841.8   589.0
  17:13:00.500  1432.1   389.5     60.0   842.9   591.0
  17:13:00.546  1433.3   391.7     60.0   844.2   593.2
  17:13:00.593  1433.3   391.7     60.0   844.2   593.2
  17:13:00.640  1434.4   393.6     60.0   845.3   595.1
  17:13:00.671  1435.6   395.7     60.0   837.8   602.1
  17:13:00.718  1436.8   397.7     60.0   839.0   604.2
  17:13:00.765  1438.0   399.7     60.0   840.1   606.2
  17:13:00.812  1439.2   401.8     60.0   841.3   608.3
  17:13:00.843  1440.3   403.8     60.0   851.2   605.3
  17:13:00.890  1441.5   405.8     60.0   852.3   607.3
  17:13:00.937  1442.7   407.8     60.0   844.8   614.3
  17:13:00.984  1443.8   409.9     60.0   846.0   616.4
  17:13:01.031  1443.8   409.9     60.0   846.0   616.4
  17:13:01.062  1445.0   411.9     60.0   838.5   623.4
  17:13:01.109  1446.5   414.5     60.0   840.0   626.0
  17:13:01.156  1447.7   416.6     60.0   841.2   628.1
  17:13:01.203  1448.9   418.6     60.0   842.4   630.1
  17:13:01.250  1450.0   420.6     60.0   843.5   632.1
  17:13:01.281  1451.2   422.7     60.0   844.7   634.2
  17:13:01.328  1451.2   422.7     60.0   844.7   634.2
  17:13:01.375  1452.4   424.8     60.0   845.9   636.2
  17:13:01.421  1453.5   426.7     60.0   847.0   638.2
  17:13:01.453  1454.7   428.8     60.0   848.3   640.3
  17:13:01.500  1455.9   430.7     60.0   849.4   642.2
  17:13:01.546  1457.1   432.8     60.0   850.6   644.3
  17:13:01.593  1458.2   434.8     60.0   851.7   646.3
  17:13:01.625  1459.4   436.8     60.0   852.9   648.3
  17:13:01.671  1460.6   438.9     60.0   854.1   650.4
  17:13:01.718  1461.8   440.9     60.0   855.3   652.4
  17:13:01.750  1461.8   440.9     60.0   863.9   647.4
  17:13:01.796  1462.9   443.0     60.0   865.1   649.5
  17:13:01.843  1464.1   445.0     60.0   848.9   661.5
  17:13:01.890  1465.2   447.0     60.0   850.1   663.5
  17:13:01.921  1466.4   448.9     60.0   851.2   665.4
  17:13:01.937  1466.4   448.9     60.0   851.2   665.4
  17:13:01.984  1467.6   451.0     60.0   852.4   667.5
  17:13:02.031  1468.8   453.1     60.0   853.6   669.6
  17:13:02.078  1469.9   455.1     60.0   854.8   671.6
  17:13:02.125  1471.1   457.1     60.0   855.9   673.6
  17:13:02.156  1472.3   459.1     60.0   874.4   665.6
  17:13:02.203  1473.4   461.2     60.0   875.6   667.7
  17:13:02.250  1474.6   463.2     60.0   876.8   669.7
  17:13:02.281  1474.6   463.2     60.0   885.5   664.7
  17:13:02.328  1475.8   465.2     60.0   886.6   666.7
  17:13:02.375  1477.0   467.3     60.0   896.5   663.8
  17:13:02.421  1478.1   469.2     60.0   906.3   660.7
  17:13:02.453  1479.3   471.3     60.0   907.5   662.8
  17:13:02.500  1480.8   474.0     60.0   909.0   665.5
  17:13:02.546  1482.0   476.0     60.0   910.2   667.5
  17:13:02.593  1482.0   476.0     60.0   910.2   667.5
  17:13:02.625  1483.2   478.1     60.0   911.4   669.6
  17:13:02.671  1484.4   480.2     60.0   912.6   671.7
  17:13:02.718  1485.5   482.2     60.0   913.7   673.6
  17:13:02.765  1486.7   484.2     60.0   906.2   680.7
  17:13:02.796  1487.9   486.1     60.0   907.3   682.6
  17:13:02.843  1489.0   488.2     60.0   908.5   684.7
  17:13:02.890  1490.2   490.3     60.0   909.7   686.8
  17:13:02.937  1491.4   492.2     60.0   910.9   688.7
  17:13:02.968  1492.5   494.2     60.0   912.0   690.7
  17:13:03.000  1492.5   494.2     60.0   920.7   685.7
  17:13:03.046  1493.7   496.3     60.0   921.9   687.8
  17:13:03.093  1495.3   499.0     60.0   914.8   695.5
  17:13:03.125  1495.3   499.0     60.0   914.8   695.5
  17:13:03.156  1496.4   500.9     60.0   915.9   697.4
  17:13:03.203  1497.6   503.0     60.0   917.1   699.5
  17:13:03.250  1498.8   505.0     60.0   918.2   701.5
  17:13:03.296  1500.0   507.1     60.0   919.5   703.6
  17:13:03.328  1501.1   509.1     60.0   920.6   705.6
  17:13:03.375  1502.3   511.2     60.0   913.2   712.7
  17:13:03.421  1502.3   511.2     60.0   913.2   712.7
  17:13:03.468  1503.5   513.2     60.0   914.3   714.7
  17:13:03.515  1504.6   515.2     60.0   915.5   716.7
  17:13:03.531  1505.8   517.3     60.0   916.7   718.8
  17:13:03.578  1507.0   519.3     60.0   917.8   720.8
  17:13:03.609  1508.1   521.3     60.0   919.0   722.8
  17:13:03.656  1509.3   523.3     60.0   920.1   724.8
  17:13:03.703  1509.3   523.3     60.0   920.1   724.8
  17:13:03.734  1510.5   525.3     60.0   921.3   726.8
  17:13:03.781  1511.6   527.3     60.0   922.4   728.8
  17:13:03.812  1512.8   529.3     60.0   915.0   735.8
  17:13:03.859  1514.0   531.4     60.0   916.1   737.9
  17:13:03.906  1515.2   533.5     60.0   926.0   735.0
  17:13:03.953  1516.3   535.5     60.0   918.5   742.0
  17:13:04.000  1516.3   535.5     60.0   918.5   742.0
  17:13:04.031  1517.5   537.4     60.0   919.6   743.9
  17:13:04.078  1518.7   539.5     60.0   920.8   746.0
  17:13:04.125  1519.8   541.5     60.0   921.9   748.0
  17:13:04.171  1521.0   543.6     60.0   923.2   750.0
  17:13:04.203  1522.2   545.6     60.0   924.3   752.1
  17:13:04.250  1523.4   547.7     60.0   925.5   754.2
  17:13:04.296  1524.5   549.7     60.0   926.7   756.2
  17:13:04.328  1525.6   551.6     60.0   919.1   763.1
  17:13:04.375  1525.6   551.6     60.0   919.1   763.1
  17:13:04.421  1526.8   553.6     60.0   920.3   765.1
  17:13:04.468  1528.0   555.8     60.0   921.5   767.3
  17:13:04.500  1529.2   557.7     60.0   922.7   769.2
  17:13:04.546  1530.4   559.8     60.0   923.9   771.3
  17:13:04.593  1531.5   561.8     60.0   925.0   773.3
  17:13:04.640  1532.7   563.9     60.0   926.2   775.4
  17:13:04.687  1533.9   566.0     60.0   927.4   777.5
  17:13:04.718  1535.0   567.9     60.0   928.6   779.4
  17:13:04.765  1536.2   569.9     60.0   921.1   786.4
  17:13:04.812  1536.2   569.9     60.0   921.1   786.4
  17:13:04.859  1537.4   571.9     60.0   922.2   788.4
  17:13:04.890  1538.5   573.9     60.0   923.4   790.4
  17:13:04.921  1539.7   576.0     60.0   924.6   792.5
  17:13:04.968  1540.8   578.0     60.0   925.7   794.5
  17:13:05.015  1542.0   580.0     60.0   926.9   796.5
  17:13:05.062  1543.2   582.1     60.0   928.1   798.6
  17:13:05.093  1544.4   584.2     60.0   929.3   800.7
  17:13:05.140  1545.5   586.1     60.0   930.4   802.6
  17:13:05.187  1545.5   586.1     60.0   930.4   802.6
  17:13:05.234  1546.7   588.1     60.0   931.5   804.6
  17:13:05.281  1547.9   590.1     60.0   932.7   806.6
  17:13:05.312  1549.1   592.2     60.0   933.9   808.7
  17:13:05.359  1550.2   594.2     60.0   926.4   815.7
  17:13:05.390  1551.4   596.2     60.0   927.6   817.7
  17:13:05.437  1552.5   598.2     60.0   928.7   819.7
  17:13:05.484  1552.5   598.2     60.0   928.7   819.7
  17:13:05.531  1553.7   600.3     60.0   929.9   821.8
  17:13:05.562  1555.0   602.4     60.0   931.1   823.9
  17:13:05.609  1556.1   604.4     60.0   932.3   825.8
  17:13:05.656  1557.2   606.4     60.0   933.4   827.9
  17:13:05.703  1558.4   608.4     60.0   934.6   829.9
  17:13:05.734  1559.6   610.5     60.0   935.8   831.9
  17:13:05.781  1560.8   612.5     60.0   937.0   834.0
  17:13:05.828  1561.9   614.5     60.0   938.1   836.0
  17:13:05.875  1563.1   616.6     60.0   930.7   843.1
  17:13:05.906  1563.1   616.6     60.0   930.7   843.1
  17:13:05.953  1564.4   618.9     60.0   932.0   845.3
  17:13:06.000  1565.4   620.5     60.0   932.9   847.0
  17:13:06.046  1566.6   622.6     60.0   934.1   849.1
  17:13:06.078  1567.8   624.6     60.0   935.3   851.1
  17:13:06.125  1569.0   626.7     60.0   936.5   853.2
  17:13:06.171  1570.1   628.6     60.0   937.6   855.1
  17:13:06.218  1571.3   630.7     60.0   938.8   857.2
  17:13:06.250  1572.4   632.7     60.0   940.0   859.2
  17:13:06.312  1572.4   632.7     60.0   940.0   859.2
  17:13:06.312  1573.6   634.8     60.0   941.2   861.3
  17:13:06.359  1573.6   634.8     60.0   932.5   866.3
  17:13:06.390  1575.1   637.4     60.0   934.0   868.9
  17:13:06.437  1576.3   639.4     60.0   935.2   870.9
  17:13:06.484  1577.5   641.5     60.0   936.4   873.0
  17:13:06.531  1578.9   644.0     60.0   929.1   880.5
  17:13:06.578  1580.3   646.2     60.0   930.5   882.7
  17:13:06.609  1580.3   646.2     60.0   930.5   882.7
  17:13:06.656  1581.4   648.3     60.0   923.0   889.7
  17:13:06.703  1582.6   650.3     60.0   924.1   891.8
  17:13:06.734  1583.8   652.3     60.0   890.7   913.8
  17:13:06.781  1584.9   654.3     60.0   805.2   965.8
  17:13:06.828  1586.0   656.3     60.0   806.3   967.7
  17:13:06.875  1587.3   658.4     60.0   669.0  1049.8
  17:13:06.906  1587.3   658.4     60.0   478.4  1159.8
  17:13:06.937  1588.5   660.4     60.0   479.6  1161.9
  17:13:26.703  1563.3  1115.3    120.0   626.7   435.6
  17:13:26.750  1562.1  1117.3    120.0   842.0   562.7
  17:13:26.781  1562.1  1117.3    120.0   738.1   502.7
  17:13:26.828  1560.9  1119.4    120.0   840.8   564.8
  17:13:26.859  1559.7  1121.6    120.0   865.5   582.0
  17:13:26.906  1558.6  1123.4    120.0   855.8   578.8
  17:13:26.953  1557.4  1125.5    120.0   845.9   575.9
  17:13:27.000  1556.3  1127.4    120.0   862.2   587.8
  17:13:27.046  1555.1  1129.5    120.0   861.0   589.8
  17:13:27.046  1555.1  1129.5    120.0   852.3   584.8
  17:13:27.093  1554.0  1131.5    120.0   851.1   586.9
  17:13:27.140  1552.8  1133.5    120.0   850.0   588.9
  17:13:27.171  1551.6  1135.6    120.0   848.8   591.0
  17:13:27.234  1550.4  1137.6    120.0   847.6   593.0
  17:13:27.265  1549.2  1139.7    120.0   846.4   595.1
  17:13:27.312  1549.2  1139.7    120.0   846.4   595.1
  17:13:27.359  1548.1  1141.6    120.0   845.3   597.0
  17:13:27.390  1546.9  1143.6    120.0   844.1   599.0
  17:13:27.437  1545.7  1145.7    120.0   851.6   606.1
  17:13:27.484  1544.6  1147.7    120.0   850.4   608.1
  17:13:27.531  1543.4  1149.7    120.0   849.3   610.1
  17:13:27.562  1542.2  1151.8    120.0   856.7   617.2
  17:13:27.625  1541.1  1153.7    120.0   855.6   619.1
  17:13:27.656  1539.9  1155.8    120.0   845.7   616.2
  17:13:27.703  1538.7  1157.9    120.0   835.9   613.2
  17:13:27.734  1538.7  1157.9    120.0   844.6   618.2
  17:13:27.781  1537.5  1159.9    120.0   843.4   620.3
  17:13:27.828  1536.4  1161.9    120.0   842.2   622.3
  17:13:27.875  1535.2  1164.0    120.0   849.7   629.4
  17:13:27.906  1534.1  1165.9    120.0   848.6   631.3
  17:13:27.953  1532.9  1168.0    120.0   847.4   633.4
  17:13:28.000  1531.7  1170.0    120.0   846.2   635.4
  17:13:28.046  1530.5  1172.1    120.0   845.0   637.4
  17:13:28.093  1529.4  1174.0    120.0   852.5   644.4
  17:13:28.125  1528.2  1176.1    120.0   860.0   651.5
  17:13:28.171  1528.2  1176.1    120.0   851.4   646.5
  17:13:28.234  1525.9  1180.1    120.0   857.7   655.5
  17:13:28.265  1525.9  1180.1    120.0   857.7   655.5
  17:13:28.296  1524.7  1182.2    120.0   856.5   657.5
  17:13:28.343  1523.5  1184.1    120.0   864.0   664.5
  17:13:28.390  1522.3  1186.2    120.0   862.8   666.6
  17:13:28.437  1521.2  1188.2    120.0   861.7   668.6
  17:13:28.484  1520.0  1190.2    120.0   886.5   685.6
  17:13:28.515  1518.8  1192.3    120.0   893.9   692.7
  17:13:28.562  1517.7  1194.3    120.0   892.8   694.7
  17:13:28.609  1516.5  1196.3    120.0   909.0   706.7
  17:13:28.656  1516.5  1196.3    120.0   917.6   711.7
  17:13:28.687  1515.3  1198.4    120.0   916.4   713.8
  17:13:28.734  1514.2  1200.3    120.0   915.3   715.8
  17:13:28.781  1513.0  1202.4    120.0   914.1   717.8
  17:13:28.812  1511.8  1204.5    120.0   912.9   719.9
  17:13:28.859  1510.4  1206.9    120.0   920.2   727.3
  17:13:28.906  1510.4  1206.9    120.0   920.2   727.3
  17:13:28.953  1509.0  1209.3    120.0   918.8   729.7
  17:13:28.984  1507.9  1211.2    120.0   917.6   731.6
  17:13:29.031  1506.8  1213.2    120.0   916.5   733.6
  17:13:29.078  1505.6  1215.2    120.0   915.4   735.6
  17:13:29.125  1504.4  1217.2    120.0   914.2   737.6
  17:13:29.171  1503.2  1219.3    120.0   930.3   749.7
  17:13:29.203  1502.1  1221.3    120.0   920.5   746.7
  17:13:29.265  1500.9  1223.3    120.0   919.3   748.7
  17:13:29.296  1499.7  1225.5    120.0   926.7   755.9
  17:13:29.343  1498.5  1227.4    120.0   916.9   752.8
  17:13:29.390  1498.5  1227.4    120.0   916.9   752.8
  17:13:29.421  1497.4  1229.4    120.0   924.4   759.8
  17:13:29.468  1496.2  1231.5    120.0   923.3   761.9
  17:13:29.515  1495.0  1233.5    120.0   922.1   763.9
  17:13:29.562  1493.9  1235.5    120.0   920.9   765.9
  17:13:29.593  1492.7  1237.5    120.0   919.8   767.9
  17:13:29.640  1491.5  1239.6    120.0   918.6   770.0
  17:13:29.687  1490.3  1241.6    120.0   917.4   772.0
  17:13:29.734  1489.2  1243.6    120.0   916.3   774.0
  17:13:29.765  1488.0  1245.7    120.0   923.7   781.1
  17:13:29.812  1488.0  1245.7    120.0   923.7   781.1
  17:13:29.859  1486.8  1247.6    120.0   922.6   783.1
  17:13:29.906  1485.7  1249.7    120.0   921.4   785.1
  17:13:29.937  1484.5  1251.6    120.0   920.3   787.1
  17:13:29.984  1483.4  1253.7    120.0   919.1   789.1
  17:13:30.031  1482.2  1255.8    120.0   917.9   791.2
  17:13:30.078  1481.0  1257.7    120.0   916.7   793.2
  17:13:30.109  1479.8  1259.8    120.0   915.6   795.2
  17:13:30.156  1478.6  1261.9    120.0   914.3   797.4
  17:13:30.203  1477.5  1263.8    120.0   921.9   804.2
  17:13:30.250  1477.5  1263.8    120.0   921.9   804.2
  17:13:30.296  1476.3  1265.8    120.0   920.7   806.2
  17:13:30.343  1475.2  1267.9    120.0   919.5   808.3
  17:13:30.375  1474.0  1269.9    120.0   918.4   810.3
  17:13:30.421  1472.8  1272.0    120.0   925.8   817.4
  17:13:30.468  1471.6  1274.0    120.0   924.7   819.4
  17:13:30.515  1470.4  1276.1    120.0   923.5   821.5
  17:13:30.546  1469.3  1278.0    120.0   922.4   823.4
  17:13:30.593  1468.1  1280.1    120.0   921.2   825.5
  17:13:30.640  1467.0  1282.1    120.0   920.0   827.5
  17:13:30.687  1465.8  1284.1    120.0   918.8   829.5
  17:13:30.718  1465.8  1284.1    120.0   918.8   829.5
  17:13:30.765  1464.6  1286.1    120.0   917.7   831.5
  17:13:30.812  1463.4  1288.2    120.0   925.1   838.7
  17:13:30.843  1462.3  1290.2    120.0   924.0   840.6
  17:13:30.890  1461.1  1292.3    120.0   922.8   842.7
  17:13:30.937  1459.5  1295.0    120.0   921.2   845.4
  17:13:30.984  1459.5  1295.0    120.0   921.2   845.4
  17:13:31.015  1458.3  1297.0    120.0   920.0   847.4
  17:13:31.062  1457.2  1299.0    120.0   927.5   854.4
  17:13:31.109  1456.0  1301.0    120.0   926.4   856.4
  17:13:31.156  1454.8  1303.1    120.0   925.2   858.5
  17:13:31.187  1453.7  1305.0    120.0   924.1   860.4
  17:13:31.234  1452.5  1307.1    120.0   922.9   862.5
  17:13:31.296  1451.4  1309.1    120.0   921.7   864.5
  17:13:31.328  1451.4  1309.1    120.0   921.7   864.5
  17:13:31.375  1449.8  1311.8    120.0   920.1   867.2
  17:13:31.406  1448.7  1313.7    120.0   919.0   869.2
  17:13:31.453  1447.5  1315.8    120.0   917.8   871.2
  17:13:31.500  1446.3  1317.9    120.0   916.6   873.3
  17:13:31.546  1446.3  1317.9    120.0   916.6   873.3
  17:13:31.578  1444.7  1320.6    120.0   923.7   881.0
  17:13:31.625  1443.6  1322.6    120.0   922.6   883.0
  17:13:31.687  1441.1  1326.7    120.0   920.2   887.2
  17:13:31.718  1441.1  1326.7    120.0   920.2   887.2
  17:13:31.750  1440.1  1328.6    120.0   919.1   889.0
  17:13:31.796  1438.9  1330.7    120.0   917.9   891.1
  17:13:31.843  1437.7  1332.7    120.0   916.7   893.1
  17:13:31.890  1436.6  1334.7    120.0   915.6   895.1
  17:13:31.921  1435.4  1336.7    120.0   914.4   897.2
  17:13:31.968  1434.2  1338.8    120.0   921.9   904.2
  17:13:32.015  1434.2  1338.8    120.0   921.9   904.2
  17:13:32.062  1433.0  1340.8    120.0   912.0   901.3
  17:13:32.109  1431.8  1342.9    120.0   910.9   903.3
  17:13:32.140  1430.7  1344.9    120.0   909.7   905.3
  17:13:32.187  1429.5  1346.9    120.0   908.5   907.3
  17:13:32.234  1428.4  1348.9    120.0   907.4   909.3
  17:13:32.265  1427.2  1350.9    120.0   906.2   911.3
  17:13:32.296  1427.2  1350.9    120.0   906.2   911.3
  17:13:32.343  1425.9  1353.2    120.0   904.9   913.6
  17:13:32.390  1424.8  1355.0    120.0   903.9   915.4
  17:13:32.437  1423.7  1357.0    120.0   902.7   917.4
  17:13:32.468  1422.5  1359.1    120.0   892.8   914.5
  17:13:32.515  1421.3  1361.1    120.0   891.7   916.5
  17:13:32.562  1420.1  1363.1    120.0   890.5   918.6
  17:13:32.609  1419.0  1365.1    120.0   880.7   915.5
  17:13:32.640  1417.8  1367.2    120.0   879.5   917.6
  17:13:32.703  1416.6  1369.2    120.0   878.3   919.6
  17:13:32.734  1416.6  1369.2    120.0   869.7   914.6
  17:13:32.781  1415.4  1371.3    120.0   868.5   916.7
  17:13:32.812  1414.3  1373.3    120.0   867.3   918.7
  17:13:32.859  1413.1  1375.3    120.0   866.2   920.7
  17:13:32.906  1412.0  1377.3    120.0   865.0   922.7
  17:13:32.953  1410.8  1379.2    120.0   863.9   924.7
  17:13:32.984  1409.6  1381.3    120.0   854.0   921.7
  17:13:33.031  1408.4  1383.4    120.0   852.8   923.8
  17:13:33.078  1407.3  1385.4    120.0   851.6   925.8
  17:13:33.109  1407.3  1385.4    120.0   843.0   920.8
  17:13:33.156  1406.1  1387.4    120.0   841.8   922.9
  17:13:33.203  1404.9  1389.5    120.0   840.6   924.9
  17:13:33.234  1403.7  1391.5    120.0   848.1   931.9
  17:13:33.281  1402.6  1393.5    120.0   855.7   938.9
  17:13:33.312  1402.6  1393.5    120.0   847.0   933.9
  17:13:33.343  1401.4  1395.5    120.0   837.1   931.0
  17:13:33.375  1400.2  1397.6    120.0   836.0   933.0
  17:13:33.421  1399.1  1399.6    120.0   826.1   930.0
  17:13:33.468  1397.9  1401.6    120.0   816.3   927.0
  17:13:33.515  1396.8  1403.6    120.0   815.2   929.0
  17:13:33.562  1395.6  1405.7    120.0   805.3   926.1
  17:13:33.593  1395.6  1405.7    120.0   805.3   926.1
  17:13:33.640  1394.4  1407.6    120.0   804.2   928.0
  17:13:33.687  1393.2  1409.8    120.0   794.3   925.2
  17:13:33.718  1392.0  1411.8    120.0   801.8   932.2
  17:13:33.781  1390.9  1413.8    120.0   800.6   934.2
  17:13:33.828  1389.7  1415.8    120.0   790.8   931.2
  17:13:33.859  1388.5  1417.8    120.0   789.6   933.2
  17:13:33.906  1387.4  1419.7    120.0   788.5   935.1
  17:13:33.937  1386.2  1421.8    120.0   778.7   932.2
  17:13:33.984  1386.2  1421.8    120.0   778.7   932.2
  17:13:34.031  1385.1  1423.8    120.0   777.5   934.2
  17:13:34.062  1383.9  1425.9    120.0   767.6   931.3
  17:13:34.109  1382.7  1428.0    120.0   775.1   938.4
  17:13:34.156  1381.5  1429.9    120.0   774.0   940.3
  17:13:34.203  1380.3  1432.0    120.0   764.1   937.4
  17:13:34.234  1379.2  1434.0    120.0   763.0   939.4
  17:13:34.296  1378.0  1436.1    120.0   761.8   941.5
  17:13:34.328  1376.9  1438.0    120.0   760.6   943.4
  17:13:34.375  1375.6  1440.2    120.0   750.7   940.6
  17:13:34.421  1374.5  1442.1    120.0   758.3   947.5
  17:13:34.468  1374.5  1442.1    120.0   749.6   942.5
  17:13:34.500  1373.3  1444.2    120.0   739.8   939.6
  17:13:34.546  1372.2  1446.1    120.0   738.6   941.5
  17:13:34.593  1371.0  1448.2    120.0   728.8   938.6
  17:13:34.640  1369.8  1450.2    120.0   727.6   940.6
  17:13:34.671  1368.6  1452.3    120.0   726.4   942.7
  17:13:34.718  1367.5  1454.2    120.0   716.6   939.6
  17:13:34.765  1366.3  1456.3    120.0   715.4   941.7
  17:13:34.796  1365.1  1458.3    120.0   722.9   948.7
  17:13:34.843  1365.1  1458.3    120.0   714.3   943.7
  17:13:34.890  1364.0  1460.3    120.0   704.5   940.7
  17:13:34.953  1362.8  1462.3    120.0   703.3   942.7
  17:13:34.984  1361.3  1464.9    120.0   701.8   945.3
  17:13:35.015  1360.1  1467.1    120.0   700.6   947.4
  17:13:35.062  1358.9  1469.1    120.0   699.4   949.5
  17:13:35.109  1357.8  1471.1    120.0   654.9   926.5
  17:13:35.156  1357.8  1471.1    120.0   654.9   926.5
  17:13:35.171  1356.6  1473.2    120.0   653.7   928.5
  17:13:35.203  1355.4  1475.1    120.0   444.8   810.5
  17:13:56.000   775.0  1732.0   -180.0   895.5   581.1
  17:13:56.046   772.7  1732.0   -180.0   893.1   751.1
  17:13:56.093   770.3  1732.0   -180.0   890.8   751.1
  17:13:56.140   767.8  1732.0   -180.0   888.2   921.1
  17:13:56.171   765.7  1732.0   -180.0   886.0   921.1
  17:13:56.218   763.3  1732.0   -180.0   883.7   921.1
  17:13:56.265   761.0  1732.0   -180.0   881.4   931.1
  17:13:56.312   761.0  1732.0   -180.0   881.4   931.1
  17:13:56.359   758.0  1732.0   -180.0   878.4   931.1
  17:13:56.390   755.5  1732.0   -180.0   875.8   941.1
  17:13:56.437   753.1  1732.0   -180.0   873.5   941.1
  17:13:56.484   750.8  1732.0   -180.0   871.2   941.1
  17:13:56.531   748.6  1732.0   -180.0   868.9   931.1
  17:13:56.562   746.1  1732.0   -180.0   866.4   931.1
  17:13:56.609   743.8  1732.0   -180.0   864.1   931.1
  17:13:56.687   741.5  1732.0   -180.0   861.8   931.1
  17:13:56.718   739.1  1732.0   -180.0   859.4   931.1
  17:13:56.765   736.8  1732.0   -180.0   857.1   931.1
  17:13:56.796   734.4  1732.0   -180.0   854.8   931.1
  17:13:56.843   732.0  1732.0   -180.0   852.3   931.1
  17:13:56.890   729.8  1732.0   -180.0   850.1   931.1
  17:13:56.937   729.8  1732.0   -180.0   850.1   931.1
  17:13:56.968   727.5  1732.0   -180.0   847.9   931.1
  17:13:57.015   725.0  1732.0   -180.0   845.3   931.1
  17:13:57.062   722.8  1732.0   -180.0   843.1   931.1
  17:13:57.093   720.4  1732.0   -180.0   840.7   941.1
  17:13:57.156   717.3  1732.0   -180.0   837.6   941.1
  17:13:57.187   717.3  1732.0   -180.0   837.6   931.1
  17:13:57.234   714.9  1732.0   -180.0   835.3   941.1
  17:13:57.281   712.6  1732.0   -180.0   833.0   941.1
  17:13:57.312   709.9  1732.0   -180.0   830.2   941.1
  17:13:57.359   707.1  1732.0   -180.0   827.5   941.1
  17:13:57.406   704.8  1732.0   -180.0   825.2   941.1
  17:13:57.453   702.5  1732.0   -180.0   822.8   941.0
  17:13:57.500   702.5  1732.0   -180.0   822.8   941.0
  17:13:57.531   700.2  1732.0   -180.0   820.5   941.0
  17:13:57.578   697.8  1732.0   -180.0   818.1   941.0
  17:13:57.625   695.5  1732.0   -180.0   815.8   941.0
  17:13:57.656   693.1  1732.0   -180.0   813.5   941.0
  17:13:57.703   690.8  1732.0   -180.0   811.2   941.0
  17:13:57.750   688.5  1732.0   -180.0   808.8   941.0
  17:13:57.796   686.1  1732.0   -180.0   806.5   941.0
  17:13:57.843   683.8  1732.0   -180.0   804.2   941.0
  17:13:57.890   681.4  1732.0   -180.0   801.8   941.0
  17:13:57.921   681.4  1732.0   -180.0   801.8   941.0
  17:13:57.953   679.0  1732.0   -180.0   799.4   971.0
  17:13:58.000   676.8  1732.0   -180.0   797.1   971.0
  17:13:58.046   674.3  1732.0   -180.0   794.7   941.0
  17:13:58.078   672.0  1732.0   -180.0   792.4   941.0
  17:13:58.125   669.8  1732.0   -180.0   790.1   941.0
  17:13:58.156   667.4  1732.0   -180.0   787.7   941.0
  17:13:58.187   667.4  1732.0   -180.0   787.7   941.0
  17:13:58.234   665.0  1732.0   -180.0   785.4   941.0
  17:13:58.281   662.7  1732.0   -180.0   783.1   941.0
  17:13:58.312   660.4  1732.0   -180.0   780.8   941.0
  17:13:58.359   658.0  1732.0   -180.0   778.4   951.0
  17:13:58.406   655.7  1732.0   -180.0   776.0   951.0
  17:13:58.453   655.7  1732.0   -180.0   776.0   951.0
  17:13:58.500   653.3  1732.0   -180.0   773.6   951.0
  17:13:58.531   650.3  1732.0   -180.0   770.6   941.0
  17:13:58.578   647.9  1732.0   -180.0   768.3   941.0
  17:13:58.625   645.5  1732.0   -180.0   765.8   941.0
  17:13:58.671   643.2  1732.0   -180.0   763.5   941.0
  17:13:58.703   640.9  1732.0   -180.0   761.2   941.0
  17:13:58.750   640.9  1732.0   -180.0   761.2   941.0
  17:13:58.796   638.6  1732.0   -180.0   758.9   941.0
  17:13:58.843   636.3  1732.0   -180.0   756.6   941.0
  17:13:58.890   633.9  1732.0   -180.0   754.2   971.0
  17:13:58.921   631.6  1732.0   -180.0   751.9   941.0
  17:13:58.968   629.1  1732.0   -180.0   749.4   941.0
  17:13:59.015   626.8  1732.0   -180.0   747.2   941.0
  17:13:59.046   624.6  1732.0   -180.0   744.9   941.0
  17:13:59.093   622.2  1732.0   -180.0   742.5   941.0
  17:13:59.140   622.2  1732.0   -180.0   742.5   941.0
  17:13:59.187   619.8  1732.0   -180.0   740.2   941.0
  17:13:59.218   617.5  1732.0   -180.0   737.8   941.0
  17:13:59.265   615.2  1732.0   -180.0   735.5   941.0
  17:13:59.312   612.8  1732.0   -180.0   733.1   941.0
  17:13:59.343   610.4  1732.0   -180.0   730.7   941.0
  17:13:59.390   608.1  1732.0   -180.0   728.4   941.0
  17:13:59.437   605.8  1732.0   -180.0   726.1   941.0
  17:13:59.484   603.4  1732.0   -180.0   723.8   941.0
  17:13:59.515   601.1  1732.0   -180.0   721.4   941.0
  17:13:59.562   601.1  1732.0   -180.0   721.4   941.0
  17:13:59.609   598.7  1732.0   -180.0   719.0   941.0
  17:13:59.656   596.5  1732.0   -180.0   716.8   941.0
  17:13:59.671   594.1  1732.0   -180.0   714.4   941.0
  17:13:59.718   591.8  1732.0   -180.0   712.2   941.0
  17:13:59.765   589.4  1731.9   -180.0   709.8   941.0
  17:13:59.812   589.4  1731.9   -180.0   709.8   941.0
  17:13:59.859   587.2  1731.9   -180.0   707.5   951.0
  17:13:59.890   584.7  1731.9   -180.0   705.1   951.0
  17:13:59.937   582.3  1731.9   -180.0   702.7   941.0
  17:13:59.984   580.1  1731.9   -180.0   700.4   941.0
  17:14:00.015   577.8  1731.9   -180.0   698.1   941.0
  17:14:00.062   575.3  1731.9   -180.0   695.6   941.0
  17:14:00.109   573.1  1731.9   -180.0   693.4   941.0
  17:14:00.156   570.8  1731.9   -180.0   691.1   941.0
  17:14:00.187   568.3  1731.9   -180.0   688.7   941.0
  17:14:00.234   568.3  1731.9   -180.0   688.7   951.0
  17:14:00.281   566.0  1731.9   -180.0   686.4   951.0
  17:14:00.328   563.7  1731.9   -180.0   684.0   951.0
  17:14:00.359   561.4  1731.9   -180.0   681.7   941.0
  17:14:00.406   559.0  1731.9   -180.0   679.3   941.0
  17:14:00.453   556.6  1731.9   -180.0   677.0   941.0
  17:14:00.500   554.3  1731.9   -180.0   674.7   941.0
  17:14:00.546   552.0  1731.9   -180.0   672.4   941.0
  17:14:00.578   552.0  1731.9   -180.0   672.4   941.0
  17:14:00.625   548.9  1731.9   -180.0   669.2   941.0
  17:14:00.671   546.6  1731.9   -180.0   666.9   941.0
  17:14:00.718   544.2  1731.9   -180.0   664.6   941.0
  17:14:00.750   541.6  1731.9   -180.0   662.0   941.0
  17:14:00.796   539.5  1731.9   -180.0   659.8   941.0
  17:14:00.843   537.1  1731.9   -180.0   657.5   941.0
  17:14:00.890   534.8  1731.9   -180.0   655.1   941.0
  17:14:00.921   532.5  1731.9   -180.0   652.9   941.0
  17:14:00.968   532.5  1731.9   -180.0   652.9   941.0
  17:14:01.015   530.1  1731.9   -180.0   650.5   941.0
  17:14:01.062   527.8  1731.9   -180.0   648.1   941.0
  17:14:01.093   525.5  1731.9   -180.0   645.9   931.0
  17:14:01.156   523.1  1731.9   -180.0   643.5   931.0
  17:14:01.187   520.5  1731.9   -180.0   640.8   931.0
  17:14:01.234   518.4  1731.9   -180.0   638.8   891.0
  17:14:01.281   516.2  1731.9   -180.0   636.5   871.0
  17:14:01.312   513.8  1731.9   -180.0   634.1   871.0
  17:14:01.359   513.8  1731.9   -180.0   634.2   831.0
  17:14:01.406   510.9  1731.9   -180.0   631.3   801.0
  17:14:01.453   508.3  1731.9   -180.0   628.7   801.0
  17:14:01.484   506.0  1731.9   -180.0   626.4   761.0
  17:14:01.546   503.7  1731.9   -180.0   624.1   751.0
  17:14:01.578   501.3  1731.9   -180.0   621.8   751.0
  17:14:01.625   498.9  1731.9   -180.0   619.3   751.0
  17:14:01.656   498.9  1731.9   -180.0   619.3   751.0
  17:14:01.703   496.7  1731.9   -180.0   617.1   751.0
  17:14:01.765   492.0  1731.9   -180.0   612.4   751.0
  17:14:01.796   492.0  1731.9   -180.0   612.4   751.0
  17:14:01.828   489.6  1731.9   -180.0   610.1   761.0
  17:14:01.875   487.3  1731.9   -180.0   607.7   761.0
  17:14:01.921   485.0  1731.9   -180.0   605.4   761.0
  17:14:01.968   482.6  1731.9   -180.0   603.0   761.0
  17:14:02.000   480.3  1731.9   -180.0   600.7   761.0
  17:14:02.046   477.9  1731.9   -180.0   598.3   761.0
  17:14:02.093   477.9  1731.9   -180.0   598.3   781.0
  17:14:02.156   473.2  1731.9   -180.0   593.7   761.0
  17:14:02.171   473.2  1731.9   -180.0   593.7   761.0
  17:14:02.218   470.9  1731.9   -180.0   591.3   761.0
  17:14:02.265   468.5  1731.9   -180.0   588.9   751.0
  17:14:02.312   466.2  1731.9   -180.0   586.7   740.9
  17:14:02.343   463.8  1731.9   -180.0   584.2   740.9
  17:14:02.390   461.5  1731.9   -180.0   582.0   740.9
  17:14:02.437   459.2  1731.9   -180.0   579.6   740.9
  17:14:02.484   456.9  1731.9   -180.0   577.3   740.9
  17:14:02.531   454.5  1731.9   -180.0   574.9   740.9
  17:14:02.578   454.5  1731.9   -180.0   574.9   740.9
  17:14:02.609   452.1  1731.9   -180.0   572.5   750.9
  17:14:02.656   449.8  1731.9   -180.0   570.3   740.9
  17:14:02.703   447.4  1731.9   -180.0   567.8   740.9
  17:14:02.750   445.2  1731.9   -180.0   565.6   750.9
  17:14:02.781   442.6  1731.9   -180.0   563.0   750.9
  17:14:02.828   440.4  1731.9   -180.0   560.8   740.9
  17:14:02.875   438.2  1731.9   -180.0   558.6   740.9
  17:14:02.906   435.8  1731.9   -180.0   556.2   740.9
  17:14:02.953   433.4  1731.9   -180.0   553.8   740.9
  17:14:03.000   433.4  1731.9   -180.0   553.8   740.9
  17:14:03.031   431.0  1731.9   -180.0   551.5   740.9
  17:14:03.078   428.8  1731.9   -180.0   549.2   750.9
  17:14:03.125   426.5  1731.9   -180.0   546.9   760.9
  17:14:03.171   424.1  1731.9   -180.0   544.5   760.9
  17:14:03.218   421.7  1731.9   -180.0   542.2   760.9
  17:14:03.265   419.4  1731.9   -180.0   539.8   760.9
  17:14:03.296   417.0  1731.9   -180.0   537.4   760.9
  17:14:03.343   414.6  1731.9   -180.0   535.1   750.9
  17:14:03.390   412.4  1731.9   -180.0   532.8   750.9
  17:14:03.437   410.0  1731.9   -180.0   530.5   750.9
  17:14:03.468   410.0  1731.9   -180.0   530.5   740.9
  17:14:03.515   407.8  1731.9   -180.0   528.2   740.9
  17:14:03.562   405.3  1731.9   -180.0   525.8   730.9
  17:14:03.609   402.9  1731.9   -180.0   523.4   730.9
  17:14:03.640   400.6  1731.9   -180.0   521.0   730.9
  17:14:03.687   398.3  1731.9   -180.0   518.7   730.9
  17:14:03.734   396.0  1731.9   -180.0   516.5   730.9
  17:14:03.781   393.7  1731.9   -180.0   514.2   730.9
  17:14:03.828   391.4  1731.9   -180.0   512.0   430.9
  17:14:23.953   -58.5  1271.8   -120.0  1067.9   760.9
  17:14:24.000   -58.5  1271.8   -120.0  1067.9   760.9
  17:14:24.031   -59.5  1269.9   -120.0   867.6   873.9
  17:14:24.078   -60.8  1267.8   -120.0   857.7   876.7
  17:14:24.109   -61.9  1265.8   -120.0   856.5   874.7
  17:14:24.156   -63.1  1263.8   -120.0   864.1   867.8
  17:14:24.203   -64.3  1261.7   -120.0   784.9   910.6
  17:14:24.234   -64.3  1261.7   -120.0   784.9   910.6
  17:14:24.296   -66.7  1257.5   -120.0   773.8   911.4
  17:14:24.328   -66.7  1257.5   -120.0   773.8   911.4
  17:14:24.375   -67.7  1255.7   -120.0   781.4   904.6
  17:14:24.406   -69.0  1253.6   -120.0   780.2   902.5
  17:14:24.453   -70.1  1251.6   -120.0   770.4   905.6
  17:14:24.500   -71.3  1249.6   -120.0   769.2   903.5
  17:14:24.546   -72.5  1247.5   -120.0   768.0   901.4
  17:14:24.593   -73.6  1245.5   -120.0   758.2   904.4
  17:14:24.625   -74.8  1243.5   -120.0   757.1   902.4
  17:14:24.671   -75.9  1241.5   -120.0   755.9   900.4
  17:14:24.718   -75.9  1241.5   -120.0   747.2   905.4
  17:14:24.765   -77.1  1239.5   -120.0   746.1   903.4
  17:14:24.796   -78.3  1237.4   -120.0   744.9   901.3
  17:14:24.843   -79.5  1235.4   -120.0   717.7   914.3
  17:14:24.890   -80.6  1233.4   -120.0   733.9   902.3
  17:14:24.906   -81.8  1231.3   -120.0   732.7   900.1
  17:14:24.953   -81.8  1231.3   -120.0   715.3   910.1
  17:14:25.000   -82.9  1229.4   -120.0   714.3   908.3
  17:14:25.046   -84.1  1227.3   -120.0   721.7   901.2
  17:14:25.078   -85.3  1225.2   -120.0   711.9   904.1
  17:14:25.125   -86.5  1223.2   -120.0   710.7   902.1
  17:14:25.171   -87.6  1221.3   -120.0   700.9   905.1
  17:14:25.218   -88.8  1219.2   -120.0   699.7   903.1
  17:14:25.265   -89.9  1217.2   -120.0   698.6   901.1
  17:14:25.296   -91.2  1215.1   -120.0   697.3   898.9
  17:14:25.343   -92.3  1213.1   -120.0   687.5   901.9
  17:14:25.375   -92.3  1213.1   -120.0   687.5   901.9
  17:14:25.421   -93.4  1211.1   -120.0   677.7   905.0
  17:14:25.468   -94.7  1209.0   -120.0   676.5   902.9
  17:14:25.500   -95.8  1207.0   -120.0   675.4   900.9
  17:14:25.546   -97.2  1204.6   -120.0   665.3   903.5
  17:14:25.593   -98.2  1202.9   -120.0   664.4   901.8
  17:14:25.640   -99.3  1200.9   -120.0   663.2   899.8
  17:14:25.687  -100.5  1198.9   -120.0   653.4   902.8
  17:14:25.718  -100.5  1198.9   -120.0   653.4   902.8
  17:14:25.765  -101.6  1196.9   -120.0   652.2   900.8
  17:14:25.812  -102.9  1194.8   -120.0   642.3   903.7
  17:14:25.843  -104.0  1192.8   -120.0   641.2   901.6
  17:14:25.890  -105.1  1190.8   -120.0   640.1   899.7
  17:14:25.937  -106.4  1188.7   -120.0   621.5   907.6
  17:14:25.984  -107.5  1186.7   -120.0   620.3   905.5
  17:14:26.031  -108.6  1184.8   -120.0   619.2   903.6
  17:14:26.062  -109.8  1182.7   -120.0   618.0   901.5
  17:14:26.109  -109.8  1182.7   -120.0   618.0   901.5
  17:14:26.156  -111.0  1180.7   -120.0   616.9   899.6
  17:14:26.187  -112.2  1178.6   -120.0   615.7   897.4
  17:14:26.234  -113.3  1176.7   -120.0   614.6   895.5
  17:14:26.281  -114.5  1174.6   -120.0   613.4   893.4
  17:14:26.343  -115.7  1172.5   -120.0   612.2   891.4
  17:14:26.359  -116.8  1170.5   -120.0   611.0   889.4
  17:14:26.406  -118.0  1168.4   -120.0   609.8   887.3
  17:14:26.453  -119.2  1166.5   -120.0   608.7   885.4
  17:14:26.500  -120.4  1164.4   -120.0   607.5   883.3
  17:14:26.546  -120.4  1164.4   -120.0   607.5   883.3
  17:14:26.578  -121.5  1162.4   -120.0   615.0   876.3
  17:14:26.625  -122.7  1160.4   -120.0   613.9   874.3
  17:14:26.671  -123.8  1158.4   -120.0   612.7   872.3
  17:14:26.718  -125.0  1156.4   -120.0   611.5   870.2
  17:14:26.765  -126.2  1154.4   -120.0   610.4   868.2
  17:14:26.796  -127.4  1152.3   -120.0   609.2   866.1
  17:14:26.843  -128.5  1150.2   -120.0   608.0   864.1
  17:14:26.890  -129.7  1148.2   -120.0   606.8   862.1
  17:14:26.937  -130.9  1146.2   -120.0   605.7   860.1
  17:14:26.968  -132.1  1144.1   -120.0   604.5   858.0
  17:14:27.015  -132.1  1144.1   -120.0   604.5   858.0
  17:14:27.062  -133.2  1142.1   -120.0   603.3   856.0
  17:14:27.109  -134.3  1140.2   -120.0   610.9   849.0
  17:14:27.140  -135.5  1138.1   -120.0   609.6   846.9
  17:14:27.187  -136.7  1136.1   -120.0   608.5   844.9
  17:14:27.234  -137.9  1134.0   -120.0   607.3   842.9
  17:14:27.281  -139.0  1132.1   -120.0   606.2   840.9
  17:14:27.328  -140.2  1130.1   -120.0   605.0   838.9
  17:14:27.359  -141.4  1128.0   -120.0   603.8   836.8
  17:14:27.406  -142.6  1125.9   -120.0   602.6   834.8
  17:14:27.453  -142.6  1125.9   -120.0   602.6   834.8
  17:14:27.500  -143.8  1123.8   -120.0   601.4   832.7
  17:14:27.546  -144.9  1121.9   -120.0   600.3   830.7
  17:14:27.578  -146.2  1119.7   -120.0   607.7   823.5
  17:14:27.625  -147.2  1117.9   -120.0   598.0   826.7
  17:14:27.671  -148.4  1115.8   -120.0   596.8   824.7
  17:14:27.703  -149.5  1113.8   -120.0   604.3   817.7
  17:14:27.750  -150.7  1111.8   -120.0   603.2   815.7
  17:14:27.796  -151.9  1109.7   -120.0   601.9   813.6
  17:14:27.843  -153.1  1107.7   -120.0   600.8   811.6
  17:14:27.890  -154.2  1105.7   -120.0   599.6   809.6
  17:14:27.921  -154.2  1105.7   -120.0   591.0   814.5
  17:14:27.968  -155.4  1103.7   -120.0   598.5   807.6
  17:14:28.015  -156.5  1101.7   -120.0   597.3   805.5
  17:14:28.062  -157.7  1099.6   -120.0   596.1   803.5
  17:14:28.093  -158.9  1097.5   -120.0   603.6   796.4
  17:14:28.140  -160.1  1095.5   -120.0   602.4   794.4
  17:14:28.187  -161.5  1093.1   -120.0   601.0   791.9
  17:14:28.234  -162.4  1091.5   -120.0   600.1   790.3
  17:14:28.265  -163.6  1089.5   -120.0   599.0   788.4
  17:14:28.312  -164.7  1087.5   -120.0   580.5   796.3
  17:14:28.359  -164.7  1087.5   -120.0   597.8   786.3
  17:14:28.406  -165.9  1085.5   -120.0   596.6   784.3
  17:14:28.437  -167.1  1083.4   -120.0   595.4   782.2
  17:14:28.484  -168.3  1081.3   -120.0   594.2   780.2
  17:14:28.531  -169.4  1079.4   -120.0   593.1   778.2
  17:14:28.578  -170.6  1077.3   -120.0   591.9   776.1
  17:14:28.625  -171.8  1075.3   -120.0   590.8   774.1
  17:14:28.656  -172.9  1073.3   -120.0   589.6   772.1
  17:14:28.703  -174.1  1071.2   -120.0   588.4   770.1
  17:14:28.750  -175.3  1069.2   -120.0   595.9   763.0
  17:14:28.796  -176.4  1067.2   -120.0   594.8   761.1
  17:14:28.828  -176.4  1067.2   -120.0   594.8   761.1
  17:14:28.875  -177.6  1065.2   -120.0   593.6   759.0
  17:14:28.921  -178.8  1063.1   -120.0   592.4   757.0
  17:14:28.968  -180.0  1061.1   -120.0   591.2   754.9
  17:14:29.000  -181.1  1059.1   -120.0   590.1   752.9
  17:14:29.046  -182.3  1057.0   -120.0   588.9   750.9
  17:14:29.093  -183.4  1055.0   -120.0   587.7   748.9
  17:14:29.140  -184.7  1052.9   -120.0   586.5   746.8
  17:14:29.187  -185.8  1051.0   -120.0   585.4   744.9
  17:14:29.218  -185.8  1051.0   -120.0   585.4   744.9
  17:14:29.265  -187.0  1048.9   -120.0   584.2   742.7
  17:14:29.312  -188.2  1046.9   -120.0   591.7   735.7
  17:14:29.343  -189.3  1044.8   -120.0   590.5   733.7
  17:14:29.390  -190.5  1042.8   -120.0   589.4   731.7
  17:14:29.437  -191.7  1040.8   -120.0   588.2   729.6
  17:14:29.484  -192.8  1038.8   -120.0   587.0   727.7
  17:14:29.531  -194.0  1036.8   -120.0   585.9   725.7
  17:14:29.578  -195.2  1034.7   -120.0   584.7   723.6
  17:14:29.609  -196.3  1032.8   -120.0   583.6   721.6
  17:14:29.656  -197.5  1030.6   -120.0   582.3   719.5
  17:14:29.703  -197.5  1030.6   -120.0   582.3   719.5
  17:14:29.734  -198.6  1028.7   -120.0   581.2   717.6
  17:14:29.781  -199.8  1026.7   -120.0   588.7   710.5
  17:14:29.828  -201.0  1024.6   -120.0   587.5   708.5
  17:14:29.875  -202.1  1022.7   -120.0   586.4   706.5
  17:14:29.906  -203.3  1020.6   -120.0   585.2   704.5
  17:14:29.953  -204.4  1018.6   -120.0   584.1   702.5
  17:14:30.000  -205.7  1016.5   -120.0   582.9   700.4
  17:14:30.046  -206.8  1014.5   -120.0   581.7   698.4
  17:14:30.078  -206.8  1014.5   -120.0   581.7   698.4
  17:14:30.125  -208.0  1012.5   -120.0   580.5   696.4
  17:14:30.171  -209.2  1010.4   -120.0   588.0   689.3
  17:14:30.218  -210.4  1008.4   -120.0   586.8   687.2
  17:14:30.250  -211.5  1006.4   -120.0   585.7   685.2
  17:14:30.296  -212.7  1004.3   -120.0   584.5   683.2
  17:14:30.343  -213.8  1002.4   -120.0   583.4   681.3
  17:14:30.406  -215.0  1000.3   -120.0   582.2   679.2
  17:14:30.421  -215.0  1000.3   -120.0   582.2   679.2
  17:14:30.468  -216.6   997.6   -120.0   580.6   676.5
  17:14:30.515  -217.7   995.6   -120.0   579.5   674.5
  17:14:30.562  -218.9   993.5   -120.0   578.3   672.4
  17:14:30.593  -220.1   991.5   -120.0   577.1   670.4
  17:14:30.640  -221.2   989.5   -120.0   576.0   668.4
  17:14:30.671  -221.2   989.5   -120.0   576.0   668.4
  17:14:30.718  -222.4   987.4   -120.0   566.1   671.3
  17:14:30.765  -223.6   985.4   -120.0   547.6   679.3
  17:14:30.812  -224.7   983.4   -120.0   546.4   677.3
  17:14:30.843  -226.4   980.6   -120.0   527.5   684.4
  17:14:30.890  -226.4   980.6   -120.0   518.8   689.4
  17:14:30.921  -227.5   978.6   -120.0   517.7   687.5
  17:14:30.968  -228.6   976.7   -120.0   507.9   690.5
  17:14:31.015  -229.8   974.6   -120.0   506.7   688.5
  17:14:31.046  -231.4   971.9   -120.0   505.1   685.7
  17:14:31.093  -232.6   969.8   -120.0   504.0   683.7
  17:14:31.140  -232.6   969.8   -120.0   504.0   683.7
  17:14:31.171  -233.8   967.8   -120.0   502.8   681.6
  17:14:31.218  -234.9   965.9   -120.0   510.3   674.7
  17:14:31.265  -236.4   963.1   -120.0   508.8   672.0
  17:14:31.296  -236.4   963.1   -120.0   508.8   672.0
  17:14:31.343  -237.6   961.1   -120.0   507.6   670.0
  17:14:31.375  -238.7   959.1   -120.0   506.5   668.0
  17:14:31.421  -239.9   957.1   -120.0   505.3   665.9
  17:14:31.468  -241.5   954.3   -120.0   503.7   663.2
  17:14:31.500  -242.7   952.3   -120.0   502.5   661.1
  17:14:31.546  -242.7   952.3   -120.0   502.5   661.1
  17:14:31.578  -243.8   950.4   -120.0   501.4   659.2
  17:14:31.625  -245.0   948.3   -120.0   500.2   657.2
  17:14:31.671  -246.6   945.6   -120.0   498.6   654.4
  17:14:31.703  -246.6   945.6   -120.0   516.0   644.4
  17:14:31.750  -247.8   943.5   -120.0   514.8   642.3
  17:14:31.812  -248.9   941.5   -120.0   513.6   640.4
  17:14:31.828  -250.4   939.0   -120.0   512.2   637.8
  17:14:31.875  -251.6   936.8   -120.0   510.9   635.6
  17:14:31.921  -251.6   936.8   -120.0   510.9   635.6
  17:14:31.953  -252.7   934.8   -120.0   509.8   633.7
  17:14:32.000  -254.0   932.7   -120.0   508.6   631.6
  17:14:32.046  -255.1   930.7   -120.0   507.4   629.6
  17:14:32.093  -256.3   928.7   -120.0   497.6   632.6
  17:14:32.125  -257.4   926.7   -120.0   496.4   630.6
  17:14:32.171  -258.6   924.7   -120.0   503.9   623.6
  17:14:32.234  -259.8   922.6   -120.0   502.7   621.4
  17:14:32.250  -259.8   922.6   -120.0   502.7   621.4
  17:14:32.296  -261.4   919.9   -120.0   501.2   618.8
  17:14:32.328  -262.5   917.9   -120.0   500.0   616.7
  17:14:32.375  -263.7   915.8   -120.0   498.8   614.7
  17:14:32.421  -264.9   913.7   -120.0   497.6   612.6
  17:14:32.468  -264.9   913.7   -120.0   488.9   617.6
  17:14:32.500  -266.0   911.8   -120.0   487.8   615.7
  17:14:32.546  -267.2   909.7   -120.0   503.9   603.6
  17:14:32.593  -268.4   907.7   -120.0   502.8   601.6
  17:14:32.640  -269.6   905.7   -120.0   501.6   599.5
  17:14:32.687  -270.7   903.7   -120.0   500.5   597.6
  17:14:32.734  -271.9   901.6   -120.0   499.3   595.5
  17:14:32.765  -273.1   899.6   -120.0   498.1   593.4
  17:14:32.812  -274.3   897.5   -120.0   496.9   591.4
  17:14:32.859  -275.4   895.5   -120.0   495.8   589.4
  17:14:32.890  -276.6   893.5   -120.0   494.6   587.4
  17:14:32.937  -276.6   893.5   -120.0   503.3   582.4
  17:14:32.984  -277.7   891.5   -120.0   493.4   585.3
  17:14:33.031  -278.9   889.5   -120.0   492.3   583.4
  17:14:33.078  -280.5   886.8   -120.0   490.7   580.6
  17:14:33.109  -281.6   884.7   -120.0   498.2   573.6
  17:14:33.156  -282.8   882.8   -120.0   497.1   571.6
  17:14:33.203  -284.0   880.7   -120.0   495.9   569.6
  17:14:33.250  -284.0   880.7   -120.0   504.6   564.6
  17:14:33.296  -285.1   878.7   -120.0   503.4   562.6
  17:14:33.328  -286.3   876.7   -120.0   502.2   560.6
  17:14:33.375  -287.5   874.5   -120.0   501.0   558.4
  17:14:33.421  -288.6   872.6   -120.0   499.9   556.5
  17:14:33.453  -289.8   870.5   -120.0   498.7   554.4
  17:14:33.500  -291.0   868.5   -120.0   506.2   547.4
  17:14:33.546  -292.1   866.5   -120.0   505.1   545.4
  17:14:33.593  -292.8   865.4   -120.0   504.4   544.3
  17:14:33.640  -292.8   865.4   -120.0   513.0   539.2
  17:14:33.671  -292.8   865.4   -120.0   513.0   539.2
  17:14:33.718  -292.8   865.4   -120.0   530.4   529.3
  17:14:33.765  -292.8   865.4   -120.0   521.7   534.2
  17:14:33.890  -292.8   865.4   -120.0   521.7   534.2
  17:14:33.890  -292.8   865.4   -120.0   530.4   529.3
  17:14:33.906  -292.8   865.4   -120.0   530.4   529.3
  17:14:33.937  -292.8   865.4   -120.0   521.7   534.2
  17:14:33.984  -292.8   865.4   -120.0   530.4   529.3
  17:14:34.031  -292.8   865.4   -120.0   530.4   529.3
  17:14:34.062  -292.8   865.4   -120.0   530.4   529.3
  17:14:34.109  -292.8   865.4   -120.0   530.4   529.3
  17:14:34.156  -292.8   865.4   -120.0   521.7   534.2
  17:14:34.187  -292.8   865.4   -120.0   521.7   534.2
  17:14:34.234  -292.8   865.4   -120.0   530.4   529.3
  17:14:34.281  -292.8   865.4   -120.0   521.7   534.2
  17:14:34.328  -292.8   865.4   -120.0   521.7   534.2
  17:14:47.875  -161.7   478.6    -71.3   899.3   965.0
  17:14:47.890  -160.8   475.9    -71.3   862.4   949.4
  17:14:47.937  -159.9   473.3    -71.3   863.2   946.9
  17:14:47.984  -159.2   471.2    -71.3   617.7   861.2
  17:14:48.031  -159.2   471.2    -71.3   608.2   858.0
  17:14:48.078  -158.4   469.0    -71.3   609.0   855.8
  17:14:48.109  -157.7   466.7    -71.3   609.8   853.5
  17:14:48.156  -156.9   464.5    -71.3   610.5   851.3
  17:14:48.203  -156.2   462.4    -71.3   611.2   849.2
  17:14:48.250  -155.5   460.2    -71.3   602.5   843.8
  17:14:48.281  -154.7   458.0    -71.3   603.2   841.6
  17:14:48.328  -153.9   455.7    -71.3   604.0   839.4
  17:14:48.375  -153.2   453.5    -71.3   604.8   837.2
  17:14:48.421  -153.2   453.5    -71.3   604.8   837.2
  17:14:48.484  -151.7   449.1    -71.3   606.3   832.7
  17:14:48.500  -151.7   449.1    -71.3   606.3   832.7
  17:14:48.546  -150.7   446.1    -71.3   607.3   829.8
  17:14:48.593  -149.9   443.9    -71.3   608.0   827.5
  17:14:48.625  -149.2   441.6    -71.3   599.3   822.1
  17:14:48.671  -148.3   439.2    -71.3   600.2   819.6
  17:14:48.718  -148.3   439.2    -71.3   600.2   819.6
  17:14:48.765  -147.7   437.3    -71.3   610.3   820.9
  17:14:48.796  -146.9   435.0    -71.3   611.0   818.6
  17:14:48.843  -146.2   432.9    -71.3   611.8   816.5
  17:14:48.890  -145.4   430.5    -71.3   612.6   814.2
  17:14:48.937  -144.7   428.4    -71.3   613.3   812.1
  17:14:48.984  -143.9   426.1    -71.3   614.1   809.7
  17:14:49.015  -143.2   424.0    -71.3   614.8   807.6
  17:14:49.062  -142.4   421.7    -71.3   615.6   805.3
  17:14:49.109  -141.6   419.3    -71.3   616.3   803.0
  17:14:49.156  -141.6   419.3    -71.3   606.9   799.8
  17:14:49.187  -140.9   417.3    -71.3   607.6   797.7
  17:14:49.234  -140.2   415.1    -71.3   608.3   795.5
  17:14:49.281  -139.4   412.9    -71.3   609.0   793.4
  17:14:49.328  -138.4   409.9    -71.3   610.1   790.3
  17:14:49.359  -137.7   407.7    -71.3   610.8   788.1
  17:14:49.406  -136.9   405.5    -71.3   611.6   785.9
  17:14:49.453  -136.9   405.5    -71.3   611.6   785.9
  17:14:49.500  -136.2   403.3    -71.3   612.3   783.8
  17:14:49.562  -134.7   398.8    -71.3   613.8   779.2
  17:14:49.593  -134.7   398.8    -71.3   613.8   779.2
  17:14:49.640  -133.9   396.7    -71.3   614.6   777.1
  17:14:49.687  -133.2   394.4    -71.3   605.9   771.6
  17:14:49.718  -132.4   392.2    -71.3   606.6   769.4
  17:14:49.765  -131.6   389.9    -71.3   607.4   767.1
  17:14:49.812  -130.9   387.8    -71.3   608.1   765.0
  17:14:49.859  -130.2   385.6    -71.3   608.8   762.8
  17:14:49.906  -130.2   385.6    -71.3   608.8   762.8
  17:14:49.937  -129.2   382.9    -71.3   609.8   760.1
  17:14:49.984  -128.4   380.4    -71.3   610.6   757.6
  17:14:50.031  -127.7   378.2    -71.3   611.3   755.4
  17:14:50.062  -126.9   375.9    -71.3   612.1   753.1
  17:14:50.109  -126.1   373.7    -71.3   612.9   750.9
  17:14:50.156  -125.4   371.5    -71.3   613.6   748.7
  17:14:50.187  -125.4   371.5    -71.3   613.6   748.7
  17:14:50.234  -124.6   369.3    -71.3   614.4   746.5
  17:14:50.265  -123.9   367.1    -71.3   615.1   744.3
  17:14:50.312  -123.1   364.8    -71.3   615.9   742.1
  17:14:50.359  -122.4   362.7    -71.3   607.1   736.7
  17:14:50.406  -121.7   360.5    -71.3   607.9   734.5
  17:14:50.453  -120.9   358.3    -71.3   599.2   729.1
  17:14:50.484  -120.2   356.1    -71.3   599.9   726.9
  17:14:50.531  -119.4   353.8    -71.3   610.2   727.8
  17:14:50.578  -119.4   353.8    -71.3   610.2   727.8
  17:14:50.625  -118.6   351.6    -71.3   610.9   725.6
  17:14:50.640  -117.9   349.4    -71.3   611.7   723.4
  17:14:50.687  -117.2   347.2    -71.3   612.4   721.2
  17:14:50.718  -116.4   344.9    -71.3   613.2   718.9
  17:14:50.765  -116.4   344.9    -71.3   613.2   718.9
  17:14:50.812  -115.6   342.6    -71.3   613.9   716.6
  17:14:50.843  -114.9   340.6    -71.3   614.6   714.6
  17:14:50.890  -114.1   338.3    -71.3   615.4   712.3
  17:14:50.937  -113.4   336.1    -71.3   597.2   703.7
  17:14:50.984  -112.6   333.9    -71.3   598.0   701.5
  17:14:51.015  -111.9   331.7    -71.3   608.2   702.5
  17:14:51.046  -111.9   331.7    -71.3   608.2   702.5
  17:14:51.093  -111.1   329.4    -71.3   599.5   697.0
  17:14:51.140  -110.4   327.2    -71.3   600.2   694.8
  17:14:51.187  -109.6   325.0    -71.3   601.0   692.5
  17:14:51.218  -108.9   322.7    -71.3   601.7   690.3
  17:14:51.265  -108.1   320.5    -71.3   602.5   688.1
  17:14:51.312  -107.4   318.4    -71.3   574.8   676.3
  17:14:51.343  -106.5   315.9    -71.3   547.2   664.2
  17:14:51.390  -105.9   313.9    -71.3   547.9   662.3
  17:14:51.437  -105.1   311.7    -71.3   539.2   656.8
  17:14:51.484  -105.1   311.7    -71.3   520.2   650.4
  17:14:51.531  -104.4   309.5    -71.3   521.0   648.2
  17:14:51.562  -103.6   307.3    -71.3   521.7   646.0
  17:14:51.609  -102.9   305.1    -71.3   522.5   643.7
  17:14:51.656  -102.1   302.8    -71.3   523.3   641.5
  17:14:51.703  -101.4   300.6    -71.3   524.0   639.3
  17:14:51.750  -100.6   298.4    -71.3   524.8   637.1
  17:14:51.781   -99.9   296.2    -71.3   525.5   634.9
  17:14:51.828   -99.1   293.9    -71.3   526.3   632.6
  17:14:51.875   -98.3   291.7    -71.3   527.0   630.4
  17:14:51.937   -97.6   289.6    -71.3   527.7   628.3
  17:14:51.953   -97.6   289.6    -71.3   527.7   628.3
  17:14:51.984   -96.9   287.3    -71.3   519.0   622.8
  17:14:52.031   -96.1   285.1    -71.3   519.8   620.6
  17:14:52.078   -95.4   282.9    -71.3   520.5   618.4
  17:14:52.125   -94.6   280.7    -71.3   521.3   616.1
  17:14:52.156   -93.8   278.4    -71.3   522.1   613.9
  17:14:52.203   -93.1   276.1    -71.3   522.8   611.6
  17:14:52.234   -93.1   276.1    -71.3   522.8   611.6
  17:14:52.281   -92.4   274.1    -71.3   523.5   609.6
  17:14:52.328   -91.6   271.8    -71.3   524.3   607.3
  17:14:52.375   -90.8   269.6    -71.3   525.1   605.0
  17:14:52.406   -90.1   267.3    -71.3   525.8   602.8
  17:14:52.453   -89.3   265.1    -71.3   526.6   600.6
  17:14:52.500   -88.6   263.0    -71.3   527.3   598.5
  17:14:52.546   -87.9   260.7    -71.3   528.0   596.2
  17:14:52.578   -87.9   260.7    -71.3   518.6   593.0
  17:14:52.625   -87.1   258.6    -71.3   519.3   590.8
  17:14:52.656   -86.4   256.3    -71.3   520.1   588.6
  17:14:52.687   -85.6   254.1    -71.3   520.8   586.4
  17:14:52.734   -84.8   251.9    -71.3   521.6   584.1
  17:14:52.781   -84.8   251.9    -71.3   521.6   584.1
  17:14:52.812   -84.1   249.7    -71.3   522.3   582.0
  17:14:52.859   -83.3   247.4    -71.3   523.1   579.7
  17:14:52.906   -82.6   245.2    -71.3   523.8   577.5
  17:14:52.953   -81.8   243.0    -71.3   524.6   575.3
  17:14:53.000   -81.1   240.8    -71.3   525.3   573.1
  17:14:53.031   -80.4   238.6    -71.3   526.1   570.9
  17:14:53.078   -79.6   236.4    -71.3   526.8   568.7
  17:14:53.125   -78.8   234.1    -71.3   527.6   566.4
  17:14:53.156   -78.1   231.8    -71.3   528.4   564.1
  17:14:53.218   -77.3   229.7    -71.3   529.1   562.0
  17:14:53.250   -77.3   229.7    -71.3   529.1   562.0
  17:14:53.296   -76.6   227.5    -71.3   529.8   559.8
  17:14:53.343   -75.8   225.3    -71.3   530.6   557.6
  17:14:53.375   -75.0   222.9    -71.3   531.4   555.2
  17:14:53.421   -74.3   220.8    -71.3   532.1   553.1
  17:14:53.468   -73.6   218.6    -71.3   523.4   547.7
  17:14:53.515   -72.8   216.5    -71.3   524.1   545.5
  17:14:53.546   -72.1   214.2    -71.3   524.9   543.3
  17:14:53.593   -71.3   212.0    -71.3   525.6   541.0
  17:14:53.640   -71.3   212.0    -71.3   525.6   541.0
  17:14:53.687   -70.6   209.7    -71.3   526.4   538.8
  17:14:53.734   -69.8   207.6    -71.3   527.1   536.7
  17:14:53.765   -69.1   205.3    -71.3   527.9   534.4
  17:14:53.812   -68.3   203.1    -71.3   528.6   532.2
  17:14:53.859   -67.6   200.9    -71.3   529.4   530.0
  17:14:53.906   -66.8   198.7    -71.3   530.1   527.8
  17:14:53.953   -66.0   196.4    -71.3   530.9   525.5
  17:14:53.984   -65.3   194.2    -71.3   531.7   523.2
  17:14:54.031   -64.6   192.1    -71.3   532.4   521.1
  17:14:54.062   -64.6   192.1    -71.3   541.9   524.4
  17:14:54.109   -63.8   189.8    -71.3   542.6   522.1
  17:14:54.156   -63.0   187.5    -71.3   543.4   519.8
  17:14:54.203   -62.3   185.4    -71.3   544.1   517.6
  17:14:54.234   -61.5   183.1    -71.3   554.4   518.6
  17:14:54.281   -60.8   181.0    -71.3   555.1   516.5
  17:14:54.328   -60.1   178.7    -71.3   555.8   514.2
  17:14:54.375   -59.3   176.6    -71.3   556.6   512.1
  17:14:54.406   -58.5   174.3    -71.3   557.4   509.7
  17:14:54.453   -57.8   172.0    -71.3   567.6   510.7
  17:14:54.500   -57.8   172.0    -71.3   577.1   513.9
  17:14:54.546   -57.1   169.9    -71.3   577.8   511.8
  17:14:54.593   -56.3   167.7    -71.3   588.0   512.8
  17:14:54.625   -55.5   165.4    -71.3   588.8   510.5
  17:14:54.671   -54.8   163.3    -71.3   589.5   508.4
  17:14:54.718   -54.1   161.1    -71.3   599.7   509.4
  17:14:54.765   -53.3   158.8    -71.3   600.5   507.1
  17:14:54.796   -52.5   156.6    -71.3   601.2   504.9
  17:14:54.828   -52.5   156.6    -71.3   610.7   508.1
  17:14:54.875   -51.8   154.3    -71.3   602.0   502.7
  17:14:54.921   -51.0   152.1    -71.3   602.8   500.4
  17:14:54.953   -50.3   150.0    -71.3   622.4   504.7
  17:14:55.000   -49.5   147.7    -71.3   623.2   502.5
  17:14:55.046   -48.8   145.4    -71.3   624.0   500.2
  17:14:55.093   -48.0   143.2    -71.3   634.2   501.2
  17:14:55.140   -47.3   141.0    -71.3   644.4   502.2
  17:14:55.171   -46.6   138.9    -71.3   645.1   500.1
  17:14:55.218   -46.6   138.9    -71.3   645.1   500.1
  17:14:55.265   -45.8   136.7    -71.3   645.9   497.9
  17:14:55.312   -45.0   134.5    -71.3   646.6   495.6
  17:14:55.343   -44.3   132.2    -71.3   656.9   496.5
  17:14:55.390   -43.5   130.0    -71.3   657.6   494.3
  17:14:55.437   -42.8   127.8    -71.3   648.9   488.9
  17:14:55.484   -42.0   125.5    -71.3   659.1   489.9
  17:14:55.515   -41.3   123.4    -71.3   678.8   494.2
  17:14:55.562   -40.5   121.1    -71.3   679.6   491.9
  17:14:55.609   -39.8   119.0    -71.3   689.8   493.0
  17:14:55.656   -39.8   119.0    -71.3   689.8   493.0
  17:14:55.671   -39.0   116.8    -71.3   690.5   490.8
  17:14:55.703   -38.3   114.5    -71.3   691.3   488.5
  17:14:55.750   -37.5   112.2    -71.3   701.5   489.4
  17:14:55.796   -36.8   110.1    -71.3   702.2   487.3
  17:14:55.843   -36.8   110.1    -71.3   702.2   487.3
  17:14:55.875   -36.0   107.8    -71.3   712.5   488.3
  17:14:55.921   -35.3   105.7    -71.3   713.2   486.1
  17:14:55.968   -34.5   103.3    -71.3   714.0   483.8
  17:14:56.015   -33.8   101.2    -71.3   733.7   488.0
  17:14:56.062   -33.0    98.9    -71.3   734.4   485.8
  17:14:56.093   -32.3    96.7    -71.3   735.2   483.6
  17:14:56.140   -31.5    94.5    -71.3   735.9   481.4
  17:14:56.187   -30.8    92.3    -71.3   736.7   479.2
  17:14:56.234   -30.0    90.1    -71.3   756.4   483.3
  17:14:56.265   -30.0    90.1    -71.3   756.4   483.3
  17:14:56.312   -29.3    88.0    -71.3   757.1   481.2
  17:14:56.359   -28.5    85.7    -71.3   776.8   485.3
  17:14:56.406   -27.8    83.5    -71.3   787.0   486.4
  17:14:56.437   -27.0    81.3    -71.3   787.8   484.2
  17:14:56.484   -26.3    79.1    -71.3   930.6   530.2
  17:14:56.531   -25.5    76.9    -71.3  1063.9   572.9
  17:14:56.578   -24.8    74.6    -71.3  1064.7   570.6
