Лабораторная работа 1. Анализ сенсорных данных об объекте

Маршрут: пятиугольник
Направление движения: против часовой стрелки
Скорость движения: 50.0 мм/с
Рабочий дальномер: левый (Rf_L)

Выходная информация: положение робота, координаты точек объекта

          Time   X_rob   Y_rob  Ang_rob   X_obj   Y_obj
  чч:мм:сс.ссс      мм      мм     град      мм      мм
  17:20:35.984   590.8     0.0      0.0   470.8   961.0
  17:20:36.015   590.8     0.0      0.0   470.8   901.0
  17:20:36.046   593.2     0.0      0.0   473.2   901.0
  17:20:36.093   595.7     0.0      0.0   475.7   691.0
  17:20:36.140   597.9     0.0      0.0   477.9   581.0
  17:20:36.187   600.2     0.0      0.0   480.2   581.0
  17:20:36.218   602.6     0.0      0.0   482.6   561.0
  17:20:36.265   605.0     0.0      0.0   485.0   561.0
  17:20:36.312   607.3     0.0      0.0   487.3   561.0
  17:20:36.359   609.7     0.0      0.0   489.7   561.0
  17:20:36.390   612.0     0.0      0.0   492.0   561.0
  17:20:36.437   614.3     0.0      0.0   494.3   561.0
  17:20:36.484   614.3     0.0      0.0   494.3   561.0
  17:20:36.531   616.6     0.0      0.0   496.6   561.0
  17:20:36.578   618.9     0.0      0.0   498.9   561.0
  17:20:36.609   621.4     0.0      0.0   501.4   561.0
  17:20:36.656   623.7     0.0      0.0   503.7   561.0
  17:20:36.703   626.1     0.0      0.0   506.1   561.0
  17:20:36.750   628.3     0.0      0.0   508.3   561.0
  17:20:36.796   630.8     0.0      0.0   510.8   551.0
  17:20:36.828   632.9     0.0      0.0   512.9   551.0
  17:20:36.875   635.4     0.0      0.0   515.4   551.0
  17:20:36.921   635.4     0.0      0.0   515.4   551.0
  17:20:36.968   637.7     0.0      0.0   517.7   551.0
  17:20:37.000   640.0     0.0      0.0   520.0   551.0
  17:20:37.046   642.3     0.0      0.0   522.3   551.0
  17:20:37.093   644.7     0.0      0.0   524.7   551.0
  17:20:37.140   647.0     0.0      0.0   527.0   551.0
  17:20:37.171   649.3     0.0      0.0   529.3   551.0
  17:20:37.218   651.7     0.0      0.0   531.7   551.0
  17:20:37.265   654.0     0.0      0.0   534.0   551.0
  17:20:37.312   656.4     0.0      0.0   536.4   551.0
  17:20:37.343   656.4     0.0      0.0   536.4   551.0
  17:20:37.390   658.9     0.0      0.0   538.9   551.0
  17:20:37.437   661.1     0.0      0.0   541.1   551.0
  17:20:37.484   663.4     0.0      0.0   543.4   551.0
  17:20:37.531   665.8     0.0      0.0   545.8   551.0
  17:20:37.562   668.1     0.0      0.0   548.1   551.0
  17:20:37.609   670.4     0.0      0.0   550.4   551.0
  17:20:37.656   672.9     0.0      0.0   552.9   551.0
  17:20:37.703   675.2     0.0      0.0   555.2   551.0
  17:20:37.734   677.5     0.0      0.0   557.5   551.0
  17:20:37.781   677.5     0.0      0.0   557.5   551.0
  17:20:37.812   679.8     0.0      0.0   559.8   551.0
  17:20:37.859   682.1     0.0      0.0   562.1   551.0
  17:20:37.906   684.4     0.0      0.0   564.4   551.0
  17:20:37.937   686.8     0.0      0.0   566.8   551.0
  17:20:37.984   689.1     0.0      0.0   569.1   551.0
  17:20:38.031   691.6     0.0      0.0   571.6   551.0
  17:20:38.078   693.7     0.0      0.0   573.7   551.0
  17:20:38.109   693.7     0.0      0.0   573.7   551.0
  17:20:38.156   696.2     0.0      0.0   576.2   551.0
  17:20:38.218   698.5     0.0      0.0   578.5   551.0
  17:20:38.250   701.5     0.0      0.0   581.5   551.0
  17:20:38.281   704.0     0.0      0.0   584.0   551.0
  17:20:38.328   706.2     0.0      0.0   586.2   551.0
  17:20:38.375   708.8     0.0      0.0   588.8   551.0
  17:20:38.421   711.1     0.0      0.0   591.1   551.0
  17:20:38.468   711.1     0.0      0.0   591.1   551.0
  17:20:38.500   713.3     0.0      0.0   593.3   551.0
  17:20:38.546   715.6     0.0      0.0   595.6   551.0
  17:20:38.593   718.0     0.0      0.0   598.0   551.0
  17:20:38.640   720.3     0.0      0.0   600.3   551.0
  17:20:38.687   722.7     0.0      0.0   602.7   551.0
  17:20:38.718   725.0     0.0      0.0   605.0   551.0
  17:20:38.765   727.3     0.0      0.0   607.3   551.0
  17:20:38.812   727.3     0.0      0.0   607.3   551.0
  17:20:38.843   729.7     0.0      0.0   609.7   551.0
  17:20:38.890   732.9     0.0      0.0   612.9   551.0
  17:20:38.937   735.2     0.0      0.0   615.2   551.0
  17:20:38.984   737.5     0.0      0.0   617.5   551.0
  17:20:39.031   737.5     0.0      0.0   617.5   551.0
  17:20:39.062   740.3     0.0      0.0   620.3   551.0
  17:20:39.109   742.9     0.0      0.0   622.9   551.0
  17:20:39.156   745.2     0.0      0.0   625.2   551.0
  17:20:39.187   747.6     0.0      0.0   627.6   551.0
  17:20:39.234   750.0     0.0      0.0   630.0   551.0
  17:20:39.281   750.0     0.0      0.0   630.0   551.0
  17:20:39.328   753.0     0.0      0.0   633.0   551.0
  17:20:39.359   755.4     0.0      0.0   635.4   551.0
  17:20:39.406   757.7     0.0      0.0   637.7   551.0
  17:20:39.453   760.8     0.0      0.0   640.8   551.0
  17:20:39.500   763.3     0.0      0.0   643.3   551.0
  17:20:39.531   763.3     0.0      0.0   643.3   551.0
  17:20:39.578   765.5     0.0      0.0   645.5   551.0
  17:20:39.625   767.9     0.0      0.0   647.9   551.0
  17:20:39.671   770.4     0.0      0.0   650.4   551.0
  17:20:39.718   772.7     0.0      0.0   652.7   551.0
  17:20:39.750   774.9     0.0      0.0   654.9   551.0
  17:20:39.796   777.2     0.0      0.0   657.2   551.0
  17:20:39.843   779.6     0.0      0.0   659.6   551.0
  17:20:39.890   781.9     0.0      0.0   661.9   551.0
  17:20:39.921   784.2     0.0      0.0   664.2   551.0
  17:20:39.968   784.2     0.0      0.0   664.2   551.0
  17:20:40.015   786.7     0.0      0.0   666.7   551.0
  17:20:40.062   788.9     0.0      0.0   668.9   551.0
  17:20:40.093   791.4     0.0      0.0   671.4   551.0
  17:20:40.140   793.7     0.0      0.0   673.7   551.0
  17:20:40.187   796.0     0.0      0.0   676.0   551.0
  17:20:40.234   798.3     0.0      0.0   678.3   551.0
  17:20:40.265   800.6     0.0      0.0   680.6   541.0
  17:20:40.312   803.0     0.0      0.0   683.0   551.0
  17:20:40.359   805.5     0.0      0.0   685.5   551.0
  17:20:40.406   807.7     0.0      0.0   687.7   551.0
  17:20:40.453   807.7     0.0      0.0   687.7   551.0
  17:20:40.484   810.0     0.0      0.0   690.0   551.0
  17:20:40.531   812.3     0.0      0.0   692.3   551.0
  17:20:40.578   814.7     0.0      0.0   694.7   551.0
  17:20:40.625   817.1     0.0      0.0   697.1   551.0
  17:20:40.656   819.4     0.0      0.0   699.4   551.0
  17:20:40.703   821.6     0.0      0.0   701.6   551.0
  17:20:40.750   824.0     0.0      0.0   704.0   551.0
  17:20:40.796   826.4     0.0      0.0   706.4   551.0
  17:20:40.843   828.7     0.0      0.0   708.7   551.0
  17:20:40.875   828.7     0.0      0.0   708.7   551.0
  17:20:40.921   831.1     0.0      0.0   711.1   551.0
  17:20:40.968   833.4     0.0      0.0   713.4   551.0
  17:20:41.000   835.7     0.0      0.0   715.7   551.0
  17:20:41.046   838.1     0.0      0.0   718.1   551.0
  17:20:41.093   840.5     0.0      0.0   720.5   551.0
  17:20:41.140   842.8     0.0      0.0   722.8   551.0
  17:20:41.171   845.2     0.0      0.0   725.2   541.0
  17:20:41.218   847.4     0.0      0.0   727.4   551.0
  17:20:41.265   847.4     0.0      0.0   727.4   541.0
  17:20:41.312   849.7     0.0      0.0   729.7   541.0
  17:20:41.343   852.1     0.0      0.0   732.1   541.0
  17:20:41.390   854.4     0.0      0.0   734.4   541.0
  17:20:41.437   856.9     0.0      0.0   736.9   541.0
  17:20:41.453   856.9     0.0      0.0   736.9   541.0
  17:20:41.500   859.1     0.0      0.0   739.1   541.0
  17:20:41.531   861.5     0.0      0.0   741.5   541.0
  17:20:41.578   863.9     0.0      0.0   743.9   551.0
  17:20:41.625   866.1     0.0      0.0   746.1   551.0
  17:20:41.671   868.4     0.0      0.0   748.4   551.0
  17:20:41.703   870.8     0.0      0.0   750.8   551.0
  17:20:41.750   873.2     0.0      0.0   753.2   561.0
  17:20:41.796   875.5     0.0      0.0   755.5   561.0
  17:20:41.843   875.5     0.0      0.0   755.5   611.0
  17:20:41.875   877.8     0.0      0.0   757.8   631.0
  17:20:41.921   880.2     0.0      0.0   760.2   631.0
  17:20:41.968   882.6     0.0      0.0   762.6   661.0
  17:20:42.015   884.9     0.0      0.0   764.9   661.0
  17:20:42.062   887.3     0.0      0.0   767.3   661.0
  17:20:42.093   889.6     0.0      0.0   769.6   671.0
  17:20:42.140   891.9     0.0      0.0   771.9   671.0
  17:20:42.187   894.2     0.0      0.0   774.2   671.0
  17:20:42.234   896.5     0.0      0.0   776.5   671.0
  17:20:42.281   898.9     0.0      0.0   778.9   671.0
  17:20:42.312   898.9     0.0      0.0   778.9   671.0
  17:20:42.359   901.3     0.0      0.0   781.3   671.0
  17:20:42.390   903.6     0.0      0.0   783.6   671.0
  17:20:42.437   905.9     0.0      0.0   785.9   671.0
  17:20:42.484   908.2     0.0      0.0   788.2   671.0
  17:20:42.515   910.6     0.0      0.0   790.6   671.0
  17:20:42.562   912.9     0.0      0.0   792.9   671.0
  17:20:42.609   912.9     0.0      0.0   792.9   671.0
  17:20:42.640   915.3     0.0      0.0   795.3   671.0
  17:20:42.687   917.6     0.0      0.0   797.6   671.0
  17:20:42.734   920.1     0.0      0.0   800.1   671.0
  17:20:42.781   922.3     0.0      0.0   802.3   671.0
  17:20:42.828   924.7     0.0      0.0   804.7   671.0
  17:20:42.859   926.9     0.0      0.0   806.9   671.0
  17:20:42.906   929.6     0.0      0.0   809.6   671.0
  17:20:42.953   931.7     0.0      0.0   811.7   671.0
  17:20:43.000   934.0     0.0      0.0   814.0   671.0
  17:20:43.031   934.0     0.0      0.0   814.0   671.0
  17:20:43.078   936.3     0.0      0.0   816.3   671.0
  17:20:43.125   938.7     0.0      0.0   818.7   671.0
  17:20:43.171   941.0     0.0      0.0   821.0   671.0
  17:20:43.203   943.4     0.0      0.0   823.4   671.0
  17:20:43.250   945.7     0.0      0.0   825.7   671.0
  17:20:43.312   948.0     0.0      0.0   828.0   691.0
  17:20:43.343   950.4     0.0      0.0   830.4   691.0
  17:20:43.375   952.7     0.0      0.0   832.7   701.0
  17:20:43.421   955.1     0.0      0.0   835.1   701.0
  17:20:43.468   957.3     0.0      0.0   837.3   701.0
  17:20:43.515   957.3     0.0      0.0   837.3   761.0
  17:20:43.562   959.7     0.0      0.0   839.7   781.0
  17:20:43.609   962.1     0.0      0.0   842.1   781.0
  17:20:43.640   964.4     0.0      0.0   844.4   871.0
  17:20:43.687   966.8     0.0      0.0   846.8   871.0
  17:20:43.734   969.1     0.0      0.0   849.1   871.0
  17:20:43.812   973.7     0.0      0.0   853.7  1161.0
  17:21:05.359  1428.9   412.2     72.0   259.1   665.9
  17:21:05.406  1429.6   414.3     72.0   259.8   668.0
  17:21:05.453  1430.3   416.6     72.0   384.2   630.1
  17:21:05.484  1431.1   418.9     72.0   537.1   583.0
  17:21:05.531  1431.8   421.0     72.0   480.7   603.7
  17:21:05.578  1432.5   423.3     72.0   500.5   599.8
  17:21:05.625  1433.2   425.5     72.0   539.2   589.7
  17:21:05.671  1434.0   427.7     72.0   540.0   591.9
  17:21:05.703  1434.0   427.7     72.0   616.0   567.2
  17:21:05.750  1434.7   430.1     72.0   616.8   569.5
  17:21:05.796  1435.5   432.4     72.0   617.5   571.8
  17:21:05.843  1436.2   434.5     72.0   665.8   558.5
  17:21:05.890  1436.9   436.7     72.0   666.5   560.7
  17:21:05.921  1437.6   438.9     72.0   667.2   562.9
  17:21:05.968  1438.3   441.1     72.0   677.4   562.0
  17:21:06.000  1439.0   443.3     72.0   678.2   564.2
  17:21:06.046  1439.8   445.6     72.0   678.9   566.5
  17:21:06.093  1439.8   445.6     72.0   707.4   557.2
  17:21:06.140  1440.5   447.8     72.0   708.2   559.4
  17:21:06.187  1441.2   450.1     72.0   708.9   561.7
  17:21:06.218  1441.9   452.3     72.0   728.6   557.8
  17:21:06.265  1442.7   454.5     72.0   738.9   556.9
  17:21:06.312  1443.4   456.7     72.0   739.6   559.1
  17:21:06.359  1444.1   458.8     72.0   759.3   555.0
  17:21:06.390  1444.8   461.1     72.0   760.0   557.3
  17:21:06.437  1445.5   463.3     72.0   760.7   559.5
  17:21:06.484  1446.3   465.6     72.0   771.0   558.7
  17:21:06.515  1446.3   465.6     72.0   771.0   558.7
  17:21:06.562  1447.0   467.9     72.0   771.7   561.0
  17:21:06.609  1447.7   470.1     72.0   772.5   563.2
  17:21:06.656  1448.4   472.3     72.0   773.2   565.4
  17:21:06.687  1449.2   474.5     72.0   773.9   567.6
  17:21:06.718  1449.9   476.7     72.0   774.6   569.8
  17:21:06.750  1449.9   476.7     72.0   774.6   569.8
  17:21:06.796  1450.6   479.0     72.0   775.4   572.1
  17:21:06.828  1451.3   481.2     72.0   776.1   574.3
  17:21:06.875  1452.0   483.4     72.0   786.3   573.4
  17:21:06.921  1452.7   485.6     72.0   777.5   578.7
  17:21:06.968  1453.5   487.8     72.0   778.2   580.9
  17:21:07.000  1453.5   487.8     72.0   778.2   580.9
  17:21:07.046  1454.2   490.0     72.0   778.9   583.1
  17:21:07.093  1454.9   492.3     72.0   779.7   585.4
  17:21:07.140  1455.6   494.5     72.0   780.4   587.6
  17:21:07.171  1456.4   496.7     72.0   771.6   592.9
  17:21:07.218  1457.1   498.9     72.0   781.8   592.0
  17:21:07.265  1457.8   501.2     72.0   782.6   594.3
  17:21:07.296  1458.6   503.4     72.0   783.3   596.6
  17:21:07.343  1459.3   505.7     72.0   774.5   601.8
  17:21:07.390  1459.3   505.7     72.0   774.5   601.8
  17:21:07.437  1460.0   507.9     72.0   775.2   604.1
  17:21:07.468  1460.7   510.1     72.0   775.9   606.3
  17:21:07.515  1461.4   512.3     72.0   776.7   608.5
  17:21:07.562  1462.2   514.6     72.0   767.9   613.8
  17:21:07.609  1462.9   516.8     72.0   778.1   613.0
  17:21:07.656  1463.6   519.0     72.0   778.8   615.2
  17:21:07.687  1464.3   521.2     72.0   779.6   617.4
  17:21:07.734  1465.0   523.4     72.0   780.3   619.6
  17:21:07.781  1465.7   525.6     72.0   781.0   621.8
  17:21:07.828  1465.7   525.6     72.0   781.0   621.8
  17:21:07.875  1466.5   527.9     72.0   781.7   624.1
  17:21:07.906  1467.3   530.4     72.0   782.5   626.6
  17:21:07.953  1468.2   533.0     72.0   783.4   629.2
  17:21:08.000  1468.9   535.2     72.0   774.6   634.5
  17:21:08.031  1469.6   537.5     72.0   775.3   636.7
  17:21:08.078  1470.4   540.0     72.0   776.2   639.3
  17:21:08.125  1470.4   540.0     72.0   776.2   639.3
  17:21:08.171  1471.0   541.9     72.0   776.8   641.2
  17:21:08.203  1471.8   544.2     72.0   777.5   643.5
  17:21:08.250  1472.5   546.5     72.0   778.2   645.7
  17:21:08.296  1473.2   548.7     72.0   779.0   647.9
  17:21:08.343  1474.0   550.9     72.0   779.7   650.2
  17:21:08.375  1474.7   553.1     72.0   780.4   652.4
  17:21:08.421  1475.4   555.3     72.0   781.1   654.6
  17:21:08.484  1476.1   557.6     72.0   781.9   656.9
  17:21:08.515  1476.8   559.8     72.0   782.6   659.1
  17:21:08.562  1476.8   559.8     72.0   782.6   659.1
  17:21:08.609  1477.6   562.0     72.0   783.3   661.3
  17:21:08.640  1478.3   564.1     72.0   774.5   666.5
  17:21:08.687  1479.0   566.5     72.0   775.2   668.8
  17:21:08.734  1479.7   568.6     72.0   775.9   671.0
  17:21:08.781  1480.4   570.8     72.0   776.6   673.2
  17:21:08.812  1481.2   573.2     72.0   777.4   675.5
  17:21:08.875  1481.9   575.3     72.0   778.1   677.7
  17:21:08.906  1482.6   577.6     72.0   778.8   680.0
  17:21:08.937  1483.4   579.9     72.0   789.1   679.1
  17:21:08.984  1483.4   579.9     72.0   779.6   682.2
  17:21:09.031  1484.1   582.0     72.0   780.3   684.4
  17:21:09.078  1484.8   584.2     72.0   781.0   686.6
  17:21:09.109  1485.5   586.4     72.0   781.7   688.8
  17:21:09.156  1486.2   588.7     72.0   782.4   691.1
  17:21:09.203  1486.9   590.8     72.0   783.1   693.2
  17:21:09.250  1487.7   593.1     72.0   783.9   695.5
  17:21:09.296  1488.4   595.4     72.0   784.6   697.8
  17:21:09.328  1489.1   597.5     72.0   785.3   699.9
  17:21:09.375  1489.9   599.8     72.0   786.1   702.2
  17:21:09.421  1489.9   599.8     72.0   786.1   702.2
  17:21:09.468  1491.3   604.3     72.0   787.5   706.6
  17:21:09.500  1491.3   604.3     72.0   787.5   706.6
  17:21:09.546  1492.0   606.5     72.0   788.2   708.9
  17:21:09.593  1492.8   608.8     72.0   789.0   711.2
  17:21:09.640  1493.5   611.0     72.0   789.7   713.4
  17:21:09.687  1494.2   613.2     72.0   818.9   706.3
  17:21:09.718  1494.9   615.4     72.0   838.7   702.3
  17:21:09.765  1495.6   617.6     72.0   839.4   704.6
  17:21:09.812  1496.3   619.8     72.0   840.1   706.8
  17:21:09.859  1497.1   622.1     72.0   840.8   709.0
  17:21:09.906  1497.1   622.1     72.0   840.8   709.0
  17:21:09.937  1498.0   624.8     72.0   841.7   711.7
  17:21:09.984  1498.8   627.4     72.0   842.6   714.3
  17:21:10.015  1499.5   629.4     72.0   843.2   716.4
  17:21:10.062  1500.2   631.7     72.0   853.5   715.6
  17:21:10.109  1500.9   633.9     72.0   854.2   717.7
  17:21:10.156  1500.9   633.9     72.0   844.7   720.8
  17:21:10.203  1501.7   636.2     72.0   845.4   723.2
  17:21:10.234  1502.4   638.4     72.0   846.1   725.3
  17:21:10.281  1503.1   640.6     72.0   846.9   727.6
  17:21:10.328  1503.8   642.9     72.0   838.1   732.9
  17:21:10.359  1504.6   645.2     72.0   838.8   735.2
  17:21:10.406  1505.2   647.2     72.0   839.5   737.3
  17:21:10.453  1506.0   649.5     72.0   849.8   736.5
  17:21:10.500  1506.7   651.8     72.0   850.5   738.7
  17:21:10.546  1507.5   654.1     72.0   851.2   741.0
  17:21:10.578  1507.5   654.1     72.0   851.2   741.0
  17:21:10.625  1508.1   656.2     72.0   851.9   743.1
  17:21:10.671  1508.9   658.5     72.0   843.2   748.5
  17:21:10.718  1509.6   660.7     72.0   843.9   750.7
  17:21:10.765  1510.3   662.8     72.0   854.1   749.8
  17:21:10.796  1511.0   665.0     72.0   845.3   755.1
  17:21:10.843  1511.8   667.3     72.0   846.0   757.3
  17:21:10.890  1512.5   669.6     72.0   846.7   759.6
  17:21:10.937  1513.2   671.7     72.0   847.4   761.7
  17:21:10.984  1513.9   674.0     72.0   848.2   764.0
  17:21:11.015  1514.7   676.3     72.0   858.4   763.2
  17:21:11.062  1514.7   676.3     72.0   848.9   766.3
  17:21:11.109  1515.4   678.4     72.0   849.6   768.5
  17:21:11.140  1516.1   680.7     72.0   850.4   770.7
  17:21:11.171  1516.8   682.8     72.0   841.5   775.9
  17:21:11.218  1517.6   685.3     72.0   842.3   778.4
  17:21:11.265  1518.3   687.4     72.0   843.0   780.5
  17:21:11.296  1518.3   687.4     72.0   843.0   780.5
  17:21:11.343  1519.0   689.5     72.0   843.7   782.6
  17:21:11.390  1519.7   691.7     72.0   844.4   784.8
  17:21:11.421  1520.4   694.1     72.0   845.2   787.2
  17:21:11.468  1521.2   696.3     72.0   845.9   789.4
  17:21:11.515  1521.9   698.5     72.0   846.6   791.6
  17:21:11.562  1522.6   700.7     72.0   847.3   793.8
  17:21:11.609  1523.3   702.9     72.0   867.1   789.8
  17:21:11.625  1523.3   702.9     72.0   867.1   789.8
  17:21:11.640  1524.0   705.1     72.0   858.3   795.1
  17:21:11.703  1524.8   707.4     72.0   859.0   797.4
  17:21:11.734  1525.5   709.6     72.0   859.8   799.6
  17:21:11.781  1525.5   709.6     72.0   850.2   802.7
  17:21:11.812  1526.2   711.8     72.0   850.9   804.9
  17:21:11.859  1526.9   714.0     72.0   851.7   807.1
  17:21:11.906  1527.7   716.3     72.0   852.4   809.4
  17:21:11.953  1528.4   718.6     72.0   853.1   811.7
  17:21:12.000  1529.1   720.7     72.0   853.8   813.8
  17:21:12.031  1529.8   722.9     72.0   854.5   816.0
  17:21:12.078  1530.6   725.3     72.0   855.3   818.4
  17:21:12.125  1531.3   727.4     72.0   856.0   820.5
  17:21:12.156  1531.3   727.4     72.0   856.0   820.5
  17:21:12.203  1532.0   729.6     72.0   856.7   822.7
  17:21:12.250  1532.7   731.9     72.0   857.5   825.0
  17:21:12.296  1533.4   734.1     72.0   858.2   827.2
  17:21:12.343  1534.2   736.3     72.0   849.4   832.5
  17:21:12.375  1534.9   738.5     72.0   850.1   834.7
  17:21:12.421  1535.6   740.8     72.0   850.9   837.0
  17:21:12.468  1536.3   743.0     72.0   851.6   839.2
  17:21:12.500  1537.1   745.2     72.0   852.3   841.4
  17:21:12.546  1537.9   747.9     72.0   853.2   844.1
  17:21:12.593  1537.9   747.9     72.0   853.2   844.1
  17:21:12.640  1538.5   749.7     72.0   853.7   845.9
  17:21:12.687  1539.2   751.9     72.0   854.5   848.1
  17:21:12.734  1539.9   754.1     72.0   855.2   850.3
  17:21:12.765  1540.8   756.6     72.0   856.0   852.8
  17:21:12.812  1541.4   758.6     72.0   856.6   854.8
  17:21:12.859  1542.1   760.8     72.0   857.3   857.0
  17:21:12.906  1542.8   763.0     72.0   858.1   859.2
  17:21:12.937  1543.5   765.2     72.0   858.8   861.4
  17:21:12.984  1544.3   767.5     72.0   859.5   863.7
  17:21:13.031  1545.0   769.7     72.0   860.2   865.9
  17:21:13.078  1545.0   769.7     72.0   860.2   865.9
  17:21:13.109  1545.7   771.9     72.0   861.0   868.1
  17:21:13.156  1546.4   774.1     72.0   861.7   870.3
  17:21:13.203  1547.4   777.1     72.0   862.6   873.3
  17:21:13.234  1547.4   777.1     72.0   862.6   873.3
  17:21:13.281  1548.1   779.3     72.0   863.4   875.5
  17:21:13.312  1548.9   781.7     72.0   854.6   881.0
  17:21:13.359  1549.6   783.7     72.0   864.8   879.9
  17:21:13.390  1550.3   786.0     72.0   865.5   882.2
  17:21:13.437  1551.0   788.2     72.0   866.2   884.4
  17:21:13.484  1551.7   790.4     72.0   857.4   889.7
  17:21:13.515  1551.7   790.4     72.0   857.4   889.7
  17:21:13.546  1552.4   792.6     72.0   858.2   891.9
  17:21:13.593  1553.2   794.8     72.0   858.9   894.1
  17:21:13.640  1553.9   797.1     72.0   859.6   896.4
  17:21:13.687  1554.7   799.4     72.0   860.4   898.7
  17:21:13.734  1555.4   801.7     72.0   861.1   901.0
  17:21:13.765  1556.1   803.8     72.0   861.8   903.1
  17:21:13.812  1556.8   806.0     72.0   862.5   905.3
  17:21:13.859  1557.5   808.3     72.0   853.7   910.7
  17:21:13.906  1557.5   808.3     72.0   853.7   910.7
  17:21:13.968  1558.2   810.4     72.0   854.4   912.8
  17:21:13.984  1559.2   813.3     72.0   864.9   912.6
  17:21:14.031  1559.9   815.7     72.0   865.7   915.0
  17:21:14.078  1560.7   817.9     72.0   856.9   920.3
  17:21:14.125  1561.4   820.1     72.0   857.6   922.5
  17:21:14.156  1561.4   820.1     72.0   857.6   922.5
  17:21:14.203  1562.1   822.4     72.0   848.8   927.8
  17:21:14.250  1562.8   824.6     72.0   840.0   933.1
  17:21:14.281  1563.6   826.8     72.0   840.7   935.4
  17:21:14.328  1564.3   829.0     72.0   831.9   940.6
  17:21:14.375  1565.0   831.3     72.0   804.1   952.2
  17:21:14.390  1565.0   831.3     72.0   804.1   952.2
  17:21:14.437  1565.7   833.4     72.0   633.6  1009.9
  17:21:14.484  1566.4   835.6     72.0   634.3  1012.1
  17:21:14.531  1567.2   837.9     72.0   635.1  1014.4
  17:21:38.203  1210.4  1443.4    144.0   637.2   449.5
  17:21:38.234  1208.4  1444.8    144.0   682.1   515.7
  17:21:38.281  1206.5  1446.2    144.0   680.3   517.1
  17:21:38.343  1204.6  1447.6    144.0   719.5   575.1
  17:21:38.375  1202.7  1448.9    144.0   758.7   633.1
  17:21:38.406  1200.7  1450.4    144.0   756.7   634.6
  17:21:38.453  1198.9  1451.7    144.0   760.8   644.0
  17:21:38.500  1198.9  1451.7    144.0   766.7   652.1
  17:21:38.546  1197.1  1453.0    144.0   764.8   653.4
  17:21:38.593  1195.1  1454.4    144.0   768.8   662.9
  17:21:38.625  1193.2  1455.8    144.0   784.5   688.6
  17:21:38.671  1191.4  1457.1    144.0   782.7   689.9
  17:21:38.703  1189.5  1458.5    144.0   798.4   715.6
  17:21:38.765  1187.6  1459.9    144.0   808.2   733.1
  17:21:38.796  1185.6  1461.3    144.0   806.3   734.6
  17:21:38.843  1183.8  1462.7    144.0   822.1   760.2
  17:21:38.890  1181.8  1464.1    144.0   820.1   761.6
  17:21:38.937  1180.0  1465.5    144.0   818.2   763.0
  17:21:38.968  1180.0  1465.5    144.0   830.0   779.1
  17:21:39.015  1178.1  1466.8    144.0   828.2   780.5
  17:21:39.062  1176.2  1468.1    144.0   826.3   781.8
  17:21:39.109  1174.2  1469.6    144.0   824.2   783.3
  17:21:39.140  1172.5  1470.9    144.0   822.5   784.6
  17:21:39.187  1170.6  1472.3    144.0   820.6   786.0
  17:21:39.234  1168.6  1473.7    144.0   830.4   803.6
  17:21:39.250  1168.6  1473.7    144.0   830.4   803.6
  17:21:39.296  1166.7  1475.1    144.0   828.5   804.9
  17:21:39.343  1164.9  1476.4    144.0   826.7   806.2
  17:21:39.390  1162.9  1477.8    144.0   824.7   807.7
  17:21:39.421  1161.0  1479.2    144.0   822.8   809.1
  17:21:39.468  1159.1  1480.6    144.0   826.7   818.6
  17:21:39.515  1157.3  1481.9    144.0   836.7   836.0
  17:21:39.546  1155.3  1483.3    144.0   828.8   829.4
  17:21:39.593  1155.3  1483.3    144.0   828.8   829.4
  17:21:39.640  1153.5  1484.6    144.0   827.0   830.7
  17:21:39.656  1151.6  1486.0    144.0   825.1   832.1
  17:21:39.703  1149.7  1487.4    144.0   829.1   841.6
  17:21:39.734  1149.7  1487.4    144.0   829.1   841.6
  17:21:39.781  1147.8  1488.8    144.0   827.2   843.0
  17:21:39.828  1145.9  1490.2    144.0   825.3   844.3
  17:21:39.875  1144.0  1491.6    144.0   829.3   853.8
  17:21:39.906  1142.1  1492.9    144.0   827.4   855.2
  17:21:39.953  1140.2  1494.3    144.0   825.5   856.5
  17:21:39.984  1138.3  1495.7    144.0   823.6   857.9
  17:21:40.031  1136.4  1497.1    144.0   821.7   859.3
  17:21:40.078  1136.4  1497.1    144.0   827.6   867.4
  17:21:40.125  1134.5  1498.5    144.0   825.6   868.8
  17:21:40.171  1132.6  1499.8    144.0   823.8   870.1
  17:21:40.203  1130.7  1501.2    144.0   827.7   879.6
  17:21:40.250  1128.9  1502.6    144.0   825.9   881.0
  17:21:40.296  1127.0  1503.9    144.0   824.0   882.3
  17:21:40.328  1125.1  1505.2    144.0   828.0   891.8
  17:21:40.375  1123.2  1506.7    144.0   826.1   893.2
  17:21:40.421  1121.2  1508.1    144.0   824.1   894.6
  17:21:40.468  1121.2  1508.1    144.0   824.1   894.6
  17:21:40.500  1119.4  1509.4    144.0   828.1   904.0
  17:21:40.546  1117.5  1510.8    144.0   826.3   905.4
  17:21:40.593  1115.7  1512.1    144.0   824.4   906.7
  17:21:40.640  1113.7  1513.6    144.0   828.3   916.3
  17:21:40.671  1111.8  1514.9    144.0   826.5   917.6
  17:21:40.734  1110.0  1516.2    144.0   824.6   918.9
  17:21:40.765  1108.1  1517.7    144.0   822.7   920.3
  17:21:40.812  1108.1  1517.7    144.0   822.7   920.3
  17:21:40.859  1105.7  1519.3    144.0   832.1   938.2
  17:21:40.890  1103.7  1520.8    144.0   830.1   939.7
  17:21:40.937  1101.8  1522.2    144.0   828.1   941.1
  17:21:41.000  1099.8  1523.6    144.0   826.2   942.5
  17:21:41.015  1097.8  1525.1    144.0   824.2   944.0
  17:21:41.062  1096.1  1526.3    144.0   822.5   945.2
  17:21:41.109  1094.2  1527.7    144.0   820.6   946.6
  17:21:41.156  1092.3  1529.1    144.0   818.7   948.0
  17:21:41.187  1092.3  1529.1    144.0   818.7   948.0
  17:21:41.234  1090.4  1530.5    144.0   816.8   949.4
  17:21:41.281  1088.5  1531.8    144.0   814.9   950.7
  17:21:41.328  1086.6  1533.3    144.0   813.0   952.1
  17:21:41.375  1084.6  1534.7    144.0   805.2   945.4
  17:21:41.406  1082.8  1536.0    144.0   803.3   946.8
  17:21:41.453  1081.0  1537.3    144.0   801.5   948.1
  17:21:41.484  1079.0  1538.8    144.0   799.5   949.5
  17:21:41.531  1079.0  1538.8    144.0   799.5   949.5
  17:21:41.578  1077.1  1540.1    144.0   797.7   950.9
  17:21:41.609  1075.2  1541.5    144.0   795.7   952.3
  17:21:41.656  1075.2  1541.5    144.0   795.7   952.3
  17:21:41.703  1072.0  1543.8    144.0   792.6   954.6
  17:21:41.734  1070.1  1545.2    144.0   790.6   956.0
  17:21:41.796  1068.3  1546.5    144.0   788.8   957.3
  17:21:41.843  1066.3  1547.9    144.0   781.0   950.6
  17:21:41.875  1064.5  1549.3    144.0   785.0   960.1
  17:21:41.906  1062.6  1550.6    144.0   783.2   961.4
  17:21:41.953  1060.7  1552.0    144.0   781.3   962.8
  17:21:41.984  1060.7  1552.0    144.0   775.4   954.7
  17:21:42.031  1058.8  1553.4    144.0   773.5   956.1
  17:21:42.078  1056.3  1555.3    144.0   770.9   957.9
  17:21:42.125  1054.4  1556.6    144.0   769.0   959.3
  17:21:42.156  1052.5  1558.0    144.0   767.1   960.7
  17:21:42.203  1052.5  1558.0    144.0   761.3   952.6
  17:21:42.250  1050.6  1559.4    144.0   759.4   954.0
  17:21:42.281  1048.7  1560.7    144.0   763.4   963.4
  17:21:42.328  1046.8  1562.1    144.0   755.5   956.8
  17:21:42.375  1045.0  1563.4    144.0   753.7   958.1
  17:21:42.406  1043.1  1564.8    144.0   751.8   959.4
  17:21:42.437  1041.2  1566.2    144.0   750.0   960.8
  17:21:42.484  1041.2  1566.2    144.0   744.1   952.7
  17:21:42.531  1039.3  1567.6    144.0   742.2   954.1
  17:21:42.578  1037.3  1569.0    144.0   740.2   955.5
  17:21:42.609  1035.5  1570.3    144.0   738.4   956.8
  17:21:42.656  1033.5  1571.7    144.0   736.4   958.3
  17:21:42.703  1031.6  1573.1    144.0   734.5   959.7
  17:21:42.750  1029.8  1574.5    144.0   732.7   961.0
  17:21:42.796  1027.9  1575.8    144.0   730.8   962.4
  17:21:42.828  1026.0  1577.2    144.0   728.9   963.7
  17:21:42.875  1024.2  1578.5    144.0   727.1   965.1
  17:21:42.921  1024.2  1578.5    144.0   727.1   965.1
  17:21:42.953  1022.3  1579.9    144.0   725.2   966.4
  17:21:43.000  1020.3  1581.3    144.0   717.4   959.8
  17:21:43.046  1018.4  1582.8    144.0   715.4   961.2
  17:21:43.093  1016.6  1584.1    144.0   713.6   962.5
  17:21:43.140  1014.6  1585.5    144.0   711.6   963.9
  17:21:43.171  1012.7  1586.9    144.0   709.7   965.3
  17:21:43.218  1010.9  1588.2    144.0   707.9   966.6
  17:21:43.265  1008.9  1589.6    144.0   700.1   960.0
  17:21:43.296  1008.9  1589.6    144.0   700.1   960.0
  17:21:43.343  1007.0  1591.0    144.0   698.2   961.3
  17:21:43.390  1005.2  1592.3    144.0   696.4   962.6
  17:21:43.437  1003.2  1593.8    144.0   694.3   964.1
  17:21:43.468  1001.4  1595.1    144.0   692.6   965.4
  17:21:43.515   999.5  1596.5    144.0   690.6   966.8
  17:21:43.562   997.6  1597.9    144.0   688.7   968.2
  17:21:43.609   995.7  1599.2    144.0   686.9   969.5
  17:21:43.656   993.9  1600.5    144.0   679.1   962.8
  17:21:43.687   991.9  1602.0    144.0   677.2   964.2
  17:21:43.734   991.9  1602.0    144.0   677.2   964.2
  17:21:43.765   990.1  1603.3    144.0   675.3   965.6
  17:21:43.796   988.2  1604.7    144.0   673.4   966.9
  17:21:43.843   986.2  1606.1    144.0   671.5   968.3
  17:21:43.890   984.3  1607.5    144.0   669.6   969.7
  17:21:43.937   982.5  1608.8    144.0   667.8   971.0
  17:21:43.984   982.5  1608.8    144.0   667.8   971.0
  17:21:44.156   979.6  1610.9    144.0   659.0   965.1
  17:21:44.171   979.6  1610.9    144.0   659.0   965.1
  17:21:44.171   979.6  1610.9    144.0   659.0   965.1
  17:21:44.171   979.6  1610.9    144.0   659.0   965.1
  17:21:44.171   979.6  1610.9    144.0   659.0   965.1
  17:21:44.218   971.8  1616.6    144.0   651.2   970.7
  17:21:44.281   971.8  1616.6    144.0   651.2   970.7
  17:21:44.375   967.6  1619.6    144.0   647.0   973.8
  17:21:44.375   967.6  1619.6    144.0   647.0   973.8
  17:21:44.375   967.6  1619.6    144.0   641.1   965.7
  17:21:44.421   965.8  1620.9    144.0   639.3   967.0
  17:21:44.531   960.4  1624.9    144.0   633.9   970.9
  17:21:44.578   960.4  1624.9    144.0   633.9   970.9
  17:21:44.578   960.4  1624.9    144.0   633.9   970.9
  17:21:44.609   956.9  1627.4    144.0   630.4   973.5
  17:21:44.640   954.7  1629.0    144.0   628.2   975.1
  17:21:44.687   952.7  1630.5    144.0   626.2   976.5
  17:21:44.734   952.7  1630.5    144.0   620.3   968.4
  17:21:44.796   948.7  1633.3    144.0   616.3   971.3
  17:21:44.812   948.7  1633.3    144.0   616.3   971.3
  17:21:44.859   946.4  1635.0    144.0   614.0   973.0
  17:21:44.906   946.4  1635.0    144.0   614.0   973.0
  17:21:44.953   946.4  1635.0    144.0   614.0   973.0
  17:21:45.000   943.4  1637.2    144.0   611.1   975.1
  17:21:45.031   938.9  1640.4    144.0   606.6   978.4
  17:21:45.140   938.9  1640.4    144.0   606.6   978.4
  17:21:45.140   938.9  1640.4    144.0   606.6   978.4
  17:21:45.156   933.6  1644.3    144.0   601.3   982.2
  17:21:45.203   933.6  1644.3    144.0   601.3   982.2
  17:21:45.281   931.8  1645.6    144.0   587.7   967.4
  17:21:45.328   931.8  1645.6    144.0   587.7   967.4
  17:21:45.328   931.8  1645.6    144.0   587.7   967.4
  17:21:45.375   927.7  1648.6    144.0   554.3   929.9
  17:21:45.421   923.6  1651.6    144.0   538.3   916.7
  17:21:45.468   923.6  1651.6    144.0   538.3   916.7
  17:21:45.515   923.6  1651.6    144.0   415.0   746.8
  17:21:45.609   921.5  1653.1    144.0   395.2   724.0
  17:21:45.609   921.5  1653.1    144.0   395.2   724.0
  17:22:12.265   261.1  1484.8   -144.0  1105.8   527.5
  17:22:12.312   259.2  1483.4   -144.0  1103.8   526.1
  17:22:12.359   257.3  1482.1   -144.0  1031.4   621.8
  17:22:12.406   255.4  1480.7   -144.0  1000.1   660.9
  17:22:12.437   253.5  1479.3   -144.0   998.2   659.5
  17:22:12.468   251.6  1477.9   -144.0   790.4   941.2
  17:22:12.515   251.6  1477.9   -144.0   784.5   949.3
  17:22:12.546   249.8  1476.6   -144.0   782.7   947.9
  17:22:12.593   247.8  1475.2   -144.0   780.7   946.5
  17:22:12.640   245.9  1473.8   -144.0   772.9   953.2
  17:22:12.671   244.1  1472.5   -144.0   771.1   951.9
  17:22:12.718   242.2  1471.1   -144.0   769.3   950.5
  17:22:12.765   240.3  1469.7   -144.0   767.3   949.1
  17:22:12.796   238.4  1468.3   -144.0   765.4   947.7
  17:22:12.828   238.4  1468.3   -144.0   765.4   947.7
  17:22:12.875   236.5  1466.9   -144.0   757.6   954.4
  17:22:12.921   234.7  1465.6   -144.0   761.7   945.0
  17:22:12.968   232.8  1464.2   -144.0   753.9   951.7
  17:22:13.015   230.9  1462.9   -144.0   752.0   950.4
  17:22:13.046   229.0  1461.5   -144.0   750.1   949.0
  17:22:13.093   227.1  1460.1   -144.0   748.3   947.6
  17:22:13.140   225.1  1458.7   -144.0   746.3   946.2
  17:22:13.187   225.1  1458.7   -144.0   746.3   946.2
  17:22:13.218   223.3  1457.3   -144.0   744.4   944.8
  17:22:13.265   221.3  1455.9   -144.0   742.5   943.4
  17:22:13.312   219.4  1454.5   -144.0   740.6   942.0
  17:22:13.359   217.7  1453.2   -144.0   738.8   940.8
  17:22:13.406   215.8  1451.9   -144.0   736.9   939.4
  17:22:13.437   213.9  1450.5   -144.0   735.0   938.0
  17:22:13.484   211.9  1449.0   -144.0   721.2   952.7
  17:22:13.531   210.0  1447.7   -144.0   719.4   951.3
  17:22:13.562   210.0  1447.7   -144.0   719.4   951.3
  17:22:13.609   208.1  1446.3   -144.0   717.5   950.0
  17:22:13.656   206.2  1444.9   -144.0   715.5   948.6
  17:22:13.687   204.4  1443.6   -144.0   713.7   947.2
  17:22:13.734   202.5  1442.2   -144.0   706.0   954.0
  17:22:13.781   200.6  1440.8   -144.0   704.1   952.6
  17:22:13.812   198.7  1439.4   -144.0   708.1   943.1
  17:22:13.859   196.7  1438.0   -144.0   706.1   941.7
  17:22:13.921   194.9  1436.7   -144.0   704.3   940.4
  17:22:13.953   194.9  1436.7   -144.0   704.3   940.4
  17:22:14.000   192.4  1434.9   -144.0   695.9   946.7
  17:22:14.031   190.5  1433.5   -144.0   694.0   945.2
  17:22:14.078   188.6  1432.1   -144.0   692.1   943.9
  17:22:14.125   186.7  1430.7   -144.0   690.2   942.5
  17:22:14.156   184.8  1429.3   -144.0   688.3   941.1
  17:22:14.203   184.8  1429.3   -144.0   688.3   941.1
  17:22:14.250   182.9  1428.0   -144.0   680.5   947.8
  17:22:14.296   181.1  1426.6   -144.0   678.7   946.5
  17:22:14.343   179.1  1425.2   -144.0   676.8   945.1
  17:22:14.390   177.2  1423.8   -144.0   674.8   943.7
  17:22:14.437   175.3  1422.4   -144.0   672.9   942.3
  17:22:14.468   173.5  1421.1   -144.0   671.1   941.0
  17:22:14.531   171.6  1419.7   -144.0   669.2   939.6
  17:22:14.562   169.0  1417.9   -144.0   666.7   937.7
  17:22:14.593   169.0  1417.9   -144.0   666.7   937.7
  17:22:14.640   167.2  1416.5   -144.0   658.9   944.4
  17:22:14.687   165.2  1415.1   -144.0   656.9   943.0
  17:22:14.718   163.4  1413.8   -144.0   655.1   941.7
  17:22:14.765   163.4  1413.8   -144.0   655.1   941.7
  17:22:14.812   160.8  1411.9   -144.0   652.5   939.8
  17:22:14.859   158.9  1410.5   -144.0   650.7   938.5
  17:22:14.890   157.1  1409.2   -144.0   643.0   945.2
  17:22:14.937   155.2  1407.8   -144.0   641.0   943.8
  17:22:14.984   153.2  1406.4   -144.0   639.1   942.4
  17:22:15.031   151.5  1405.1   -144.0   637.3   941.1
  17:22:15.078   149.5  1403.7   -144.0   635.3   939.7
  17:22:15.109   147.6  1402.3   -144.0   633.5   938.3
  17:22:15.156   147.6  1402.3   -144.0   627.6   946.4
  17:22:15.203   145.1  1400.4   -144.0   625.0   944.6
  17:22:15.234   143.2  1399.1   -144.0   623.1   943.2
  17:22:15.281   141.3  1397.7   -144.0   621.3   941.8
  17:22:15.328   139.4  1396.3   -144.0   619.4   940.5
  17:22:15.375   137.5  1394.9   -144.0   617.5   939.0
  17:22:15.406   135.6  1393.6   -144.0   615.6   937.7
  17:22:15.453   133.7  1392.2   -144.0   613.7   936.3
  17:22:15.500   131.8  1390.8   -144.0   611.8   934.9
  17:22:15.546   131.8  1390.8   -144.0   605.9   943.0
  17:22:15.578   130.0  1389.5   -144.0   604.1   941.7
  17:22:15.625   128.0  1388.0   -144.0   602.1   940.2
  17:22:15.671   126.2  1386.7   -144.0   600.3   938.9
  17:22:15.718   124.3  1385.3   -144.0   592.5   945.6
  17:22:15.750   122.1  1383.7   -144.0   590.3   944.0
  17:22:15.796   119.9  1382.1   -144.0   588.1   942.4
  17:22:15.843   119.9  1382.1   -144.0   588.1   942.4
  17:22:15.890   117.9  1380.7   -144.0   586.1   941.0
  17:22:15.937   116.0  1379.3   -144.0   578.3   947.7
  17:22:15.984   114.0  1377.8   -144.0   576.3   946.2
  17:22:16.015   112.3  1376.6   -144.0   574.6   945.0
  17:22:16.062   110.4  1375.2   -144.0   572.7   943.6
  17:22:16.109   108.5  1373.8   -144.0   570.8   942.2
  17:22:16.156   106.6  1372.5   -144.0   568.9   940.8
  17:22:16.187   104.7  1371.1   -144.0   567.0   939.4
  17:22:16.234   104.7  1371.1   -144.0   561.1   947.5
  17:22:16.281   102.8  1369.7   -144.0   559.2   946.2
  17:22:16.312   101.0  1368.4   -144.0   563.3   936.7
  17:22:16.359    99.0  1367.0   -144.0   561.4   935.3
  17:22:16.406    97.2  1365.6   -144.0   559.5   934.0
  17:22:16.453    95.3  1364.2   -144.0   557.6   932.6
  17:22:16.484    93.4  1362.8   -144.0   555.7   931.2
  17:22:16.546    91.5  1361.5   -144.0   553.8   929.8
  17:22:16.578    89.6  1360.1   -144.0   551.9   928.5
  17:22:16.625    87.7  1358.7   -144.0   550.0   927.1
  17:22:16.656    87.7  1358.7   -144.0   555.9   919.0
  17:22:16.703    85.8  1357.3   -144.0   554.0   917.6
  17:22:16.750    83.9  1356.0   -144.0   552.1   916.3
  17:22:16.796    81.9  1354.5   -144.0   550.1   914.8
  17:22:16.843    80.1  1353.2   -144.0   548.3   913.5
  17:22:16.875    78.2  1351.8   -144.0   546.4   912.1
  17:22:16.921    76.4  1350.5   -144.0   550.5   902.7
  17:22:16.968    74.4  1349.0   -144.0   548.5   901.3
  17:22:17.000    72.5  1347.7   -144.0   546.6   899.9
  17:22:17.046    70.7  1346.4   -144.0   544.8   898.6
  17:22:17.093    70.7  1346.4   -144.0   544.8   898.6
  17:22:17.125    68.8  1344.9   -144.0   542.9   897.1
  17:22:17.171    66.9  1343.6   -144.0   546.8   887.7
  17:22:17.203    65.0  1342.2   -144.0   544.9   886.3
  17:22:17.250    63.1  1340.8   -144.0   543.0   884.9
  17:22:17.281    61.2  1339.5   -144.0   547.1   875.5
  17:22:17.328    61.2  1339.5   -144.0   547.1   875.5
  17:22:17.375    59.3  1338.0   -144.0   545.1   874.1
  17:22:17.406    57.4  1336.7   -144.0   543.3   872.7
  17:22:17.453    55.6  1335.3   -144.0   541.4   871.4
  17:22:17.500    53.6  1333.9   -144.0   539.5   869.9
  17:22:17.546    51.7  1332.5   -144.0   543.4   860.5
  17:22:17.578    49.8  1331.1   -144.0   541.5   859.1
  17:22:17.625    49.8  1331.1   -144.0   541.5   859.1
  17:22:17.656    48.0  1329.8   -144.0   545.6   849.7
  17:22:17.703    46.1  1328.5   -144.0   543.7   848.3
  17:22:17.750    44.2  1327.1   -144.0   541.8   846.9
  17:22:17.796    42.3  1325.7   -144.0   539.9   845.6
  17:22:17.828    40.4  1324.3   -144.0   543.9   836.1
  17:22:17.875    38.5  1322.9   -144.0   542.0   834.7
  17:22:17.921    36.6  1321.5   -144.0   540.1   833.3
  17:22:17.968    34.7  1320.2   -144.0   538.2   831.9
  17:22:18.015    32.8  1318.8   -144.0   536.3   830.6
  17:22:18.062    30.9  1317.4   -144.0   540.3   821.1
  17:22:18.093    30.9  1317.4   -144.0   540.3   821.1
  17:22:18.140    29.0  1316.0   -144.0   538.4   819.7
  17:22:18.171    27.1  1314.7   -144.0   536.5   818.4
  17:22:18.218    25.3  1313.3   -144.0   534.7   817.0
  17:22:18.265    23.4  1312.0   -144.0   532.8   815.6
  17:22:18.312    21.5  1310.5   -144.0   536.7   806.1
  17:22:18.343    19.4  1309.1   -144.0   534.7   804.7
  17:22:18.390    17.7  1307.8   -144.0   533.0   803.4
  17:22:18.437    17.7  1307.8   -144.0   538.9   795.3
  17:22:18.484    15.8  1306.4   -144.0   536.9   793.9
  17:22:18.515    13.9  1305.0   -144.0   535.0   792.5
  17:22:18.562    12.0  1303.6   -144.0   539.0   783.0
  17:22:18.609    10.1  1302.2   -144.0   537.1   781.7
  17:22:18.656     8.2  1300.9   -144.0   535.3   780.3
  17:22:18.687     6.3  1299.5   -144.0   533.4   779.0
  17:22:18.734     4.4  1298.1   -144.0   531.4   777.6
  17:22:18.781     2.5  1296.8   -144.0   529.6   776.2
  17:22:18.828     0.7  1295.5   -144.0   533.6   766.8
  17:22:18.859     0.7  1295.5   -144.0   533.6   766.8
  17:22:18.906    -1.2  1294.0   -144.0   531.7   765.4
  17:22:18.953    -3.2  1292.6   -144.0   529.7   763.9
  17:22:19.000    -5.0  1291.3   -144.0   527.9   762.6
  17:22:19.031    -7.0  1289.8   -144.0   525.9   761.2
  17:22:19.078    -8.8  1288.5   -144.0   530.0   751.8
  17:22:19.125   -10.7  1287.1   -144.0   528.1   750.4
  17:22:19.171   -12.6  1285.7   -144.0   526.2   749.0
  17:22:19.218   -14.5  1284.4   -144.0   524.3   747.6
  17:22:19.250   -16.5  1282.9   -144.0   522.3   746.2
  17:22:19.296   -16.5  1282.9   -144.0   522.3   746.2
  17:22:19.343   -18.2  1281.7   -144.0   526.4   736.8
  17:22:19.390   -20.2  1280.3   -144.0   518.6   743.5
  17:22:19.421   -22.3  1278.7   -144.0   516.5   742.0
  17:22:19.468   -24.0  1277.5   -144.0   514.8   740.7
  17:22:19.515   -25.8  1276.1   -144.0   513.0   739.4
  17:22:19.562   -27.8  1274.7   -144.0   511.0   738.0
  17:22:19.593   -29.8  1273.2   -144.0   509.0   736.5
  17:22:19.640   -31.5  1272.0   -144.0   507.3   735.3
  17:22:19.687   -33.3  1270.7   -144.0   505.4   733.9
  17:22:19.734   -33.3  1270.7   -144.0   505.4   733.9
  17:22:19.765   -35.2  1269.3   -144.0   503.5   732.5
  17:22:19.812   -37.2  1267.9   -144.0   501.6   731.1
  17:22:19.859   -39.1  1266.5   -144.0   499.7   729.7
  17:22:19.906   -41.1  1265.1   -144.0   497.7   728.3
  17:22:19.953   -42.9  1263.7   -144.0   495.9   727.0
  17:22:20.000   -44.8  1262.4   -144.0   494.0   725.6
  17:22:20.031   -46.6  1261.0   -144.0   486.3   732.4
  17:22:20.078   -48.5  1259.7   -144.0   484.4   731.0
  17:22:20.109   -48.5  1259.7   -144.0   484.4   731.0
  17:22:20.140   -50.5  1258.2   -144.0   482.4   729.6
  17:22:20.187   -52.3  1256.9   -144.0   474.8   736.3
  17:22:20.234   -54.2  1255.5   -144.0   472.8   734.9
  17:22:20.281   -56.2  1254.1   -144.0   470.9   733.5
  17:22:20.312   -58.0  1252.7   -144.0   469.0   732.2
  17:22:20.359   -59.9  1251.3   -144.0   467.1   730.8
  17:22:20.406   -61.8  1250.0   -144.0   465.3   729.4
  17:22:20.453   -63.7  1248.6   -144.0   463.3   728.0
  17:22:20.500   -63.7  1248.6   -144.0   463.3   728.0
  17:22:20.531   -65.5  1247.3   -144.0   455.6   734.8
  17:22:20.578   -67.4  1245.9   -144.0   453.7   733.4
  17:22:20.625   -69.4  1244.4   -144.0   451.7   732.0
  17:22:20.671   -71.2  1243.1   -144.0   449.9   730.6
  17:22:20.703   -73.1  1241.7   -144.0   448.0   729.3
  17:22:20.750   -75.1  1240.3   -144.0   446.0   727.8
  17:22:20.796   -76.9  1239.0   -144.0   444.3   726.5
  17:22:20.828   -78.8  1237.6   -144.0   442.3   725.1
  17:22:20.875   -78.8  1237.6   -144.0   442.3   725.1
  17:22:20.890   -80.7  1236.2   -144.0   434.6   731.8
  17:22:20.937   -82.6  1234.8   -144.0   432.6   730.4
  17:22:20.984   -84.5  1233.5   -144.0   442.6   712.9
  17:22:21.031   -86.4  1232.1   -144.0   428.9   727.7
  17:22:21.062   -86.4  1232.1   -144.0   428.9   727.7
  17:22:21.109   -88.3  1230.7   -144.0   432.9   718.2
  17:22:21.140   -90.2  1229.4   -144.0   436.9   708.8
  17:22:21.187   -92.0  1228.0   -144.0   435.0   707.4
  17:22:21.234   -94.0  1226.6   -144.0   438.9   697.9
  17:22:21.281   -95.9  1225.2   -144.0   437.0   696.5
  17:22:21.312   -97.7  1223.9   -144.0   435.2   695.2
  17:22:21.359   -97.7  1223.9   -144.0   435.2   695.2
  17:22:21.390   -99.6  1222.5   -144.0   433.3   693.8
  17:22:21.437  -101.4  1221.2   -144.0   431.5   692.5
  17:22:21.468  -103.4  1219.7   -144.0   429.5   691.1
  17:22:21.515  -105.3  1218.3   -144.0   433.5   681.6
  17:22:21.562  -107.2  1217.0   -144.0   431.6   680.2
  17:22:21.609  -109.2  1215.5   -144.0   435.5   670.7
  17:22:21.656  -111.0  1214.2   -144.0   433.7   669.4
  17:22:21.687  -111.0  1214.2   -144.0   433.7   669.4
  17:22:21.734  -112.8  1212.9   -144.0   431.8   668.0
  17:22:21.781  -114.7  1211.5   -144.0   435.9   658.6
  17:22:21.812  -116.8  1210.0   -144.0   427.9   665.2
  17:22:21.859  -118.5  1208.8   -144.0   432.1   655.8
  17:22:21.906  -120.5  1207.3   -144.0   430.1   654.4
  17:22:21.953  -122.3  1206.0   -144.0   428.3   653.1
  17:22:22.000  -124.2  1204.6   -144.0   432.3   643.6
  17:22:22.046  -126.1  1203.2   -144.0   430.3   642.2
  17:22:22.078  -127.9  1201.9   -144.0   428.5   640.9
  17:22:22.125  -127.9  1201.9   -144.0   434.4   632.8
  17:22:22.171  -129.9  1200.4   -144.0   432.4   631.3
  17:22:22.203  -131.8  1199.1   -144.0   430.5   630.0
  17:22:22.250  -133.7  1197.7   -144.0   434.5   620.5
  17:22:22.296  -135.6  1196.3   -144.0   426.8   627.2
  17:22:22.343  -137.4  1195.0   -144.0   424.9   625.9
  17:22:22.375  -139.4  1193.6   -144.0   423.0   624.5
  17:22:22.421  -141.2  1192.2   -144.0   432.9   606.9
  17:22:22.468  -143.2  1190.8   -144.0   430.9   605.5
  17:22:22.515  -145.0  1189.4   -144.0   434.9   596.1
  17:22:22.546  -145.0  1189.4   -144.0   440.8   588.0
  17:22:22.593  -146.9  1188.1   -144.0   439.0   586.6
  17:22:22.656  -148.8  1186.7   -144.0   495.9   504.4
  17:22:22.656  -148.8  1186.7   -144.0   531.1   455.8
  17:22:22.703  -151.3  1184.9   -144.0   528.6   454.0
  17:22:22.750  -153.3  1183.5   -144.0   597.3   355.6
  17:22:22.781  -155.1  1182.1   -144.0   619.0   321.9
  17:22:22.812  -157.0  1180.7   -144.0   617.1   320.5
  17:22:40.734  -141.0   646.7    -77.7  1104.2  1042.2
  17:22:40.765  -141.0   646.7    -77.7  1104.2  1042.2
  17:22:40.812  -140.3   643.7    -77.7   850.9   983.5
  17:22:40.859  -139.9   641.5    -77.7   841.6   979.2
  17:22:40.890  -139.4   639.2    -77.7   842.1   976.9
  17:22:40.937  -138.9   636.9    -77.7   617.9   925.4
  17:22:40.984  -138.4   634.6    -77.7   559.8   910.2
  17:22:41.031  -137.9   632.3    -77.7   560.3   908.0
  17:22:41.078  -137.4   630.0    -77.7   551.1   903.6
  17:22:41.125  -136.8   627.7    -77.7   551.6   901.2
  17:22:41.156  -136.8   627.7    -77.7   551.6   901.2
  17:22:41.203  -136.4   625.4    -77.7   542.3   896.9
  17:22:41.250  -135.9   623.2    -77.7   542.8   894.6
  17:22:41.265  -135.4   620.9    -77.7   543.3   892.3
  17:22:41.312  -134.9   618.6    -77.7   543.8   890.0
  17:22:41.343  -134.9   618.6    -77.7   543.8   890.0
  17:22:41.390  -134.4   616.3    -77.7   544.3   887.7
  17:22:41.437  -133.9   614.0    -77.7   544.8   885.4
  17:22:41.484  -133.4   611.8    -77.7   545.3   883.2
  17:22:41.546  -132.8   609.4    -77.7   545.8   880.8
  17:22:41.562  -132.2   606.4    -77.7   546.5   877.8
  17:22:41.609  -132.2   606.4    -77.7   546.5   877.8
  17:22:41.640  -131.7   604.1    -77.7   547.0   875.5
  17:22:41.687  -131.2   601.9    -77.7   537.7   871.1
  17:22:41.734  -130.7   599.5    -77.7   538.2   868.8
  17:22:41.781  -130.2   597.3    -77.7   548.5   868.7
  17:22:41.812  -129.7   594.9    -77.7   549.0   866.3
  17:22:41.859  -129.2   592.7    -77.7   549.5   864.1
  17:22:41.906  -128.7   590.5    -77.7   550.0   861.9
  17:22:41.953  -128.2   588.1    -77.7   550.5   859.5
  17:22:42.000  -127.7   585.8    -77.7   541.2   855.1
  17:22:42.031  -127.2   583.6    -77.7   541.7   852.8
  17:22:42.078  -127.2   583.6    -77.7   541.7   852.8
  17:22:42.125  -126.7   581.2    -77.7   542.2   850.5
  17:22:42.171  -126.2   578.9    -77.7   542.7   848.2
  17:22:42.218  -125.7   576.6    -77.7   533.5   843.8
  17:22:42.265  -125.2   574.3    -77.7   534.0   841.5
  17:22:42.296  -124.7   572.1    -77.7   544.2   841.4
  17:22:42.343  -124.2   569.8    -77.7   544.7   839.0
  17:22:42.390  -123.7   567.6    -77.7   545.2   836.9
  17:22:42.421  -123.2   565.3    -77.7   545.7   834.6
  17:22:42.468  -122.7   562.9    -77.7   546.2   832.2
  17:22:42.515  -122.7   562.9    -77.7   546.2   832.2
  17:22:42.562  -122.2   560.6    -77.7   546.7   829.9
  17:22:42.609  -121.7   558.5    -77.7   537.4   825.6
  17:22:42.640  -121.2   556.1    -77.7   538.0   823.2
  17:22:42.687  -120.7   553.8    -77.7   548.2   823.1
  17:22:42.734  -120.2   551.5    -77.7   538.9   818.7
  17:22:42.781  -119.7   549.2    -77.7   539.5   816.4
  17:22:42.812  -119.2   547.0    -77.7   539.9   814.1
  17:22:42.859  -118.7   544.7    -77.7   550.2   813.9
  17:22:42.906  -118.2   542.3    -77.7   541.0   809.5
  17:22:42.937  -118.2   542.3    -77.7   541.0   809.5
  17:22:42.984  -117.7   540.1    -77.7   541.5   807.2
  17:22:43.031  -117.2   537.8    -77.7   541.9   805.0
  17:22:43.078  -116.7   535.5    -77.7   542.5   802.6
  17:22:43.125  -116.2   533.3    -77.7   542.9   800.4
  17:22:43.156  -115.7   531.0    -77.7   543.5   798.1
  17:22:43.203  -115.2   528.6    -77.7   544.0   795.8
  17:22:43.250  -114.7   526.4    -77.7   544.5   793.5
  17:22:43.296  -114.2   524.1    -77.7   545.0   791.2
  17:22:43.328  -113.7   521.7    -77.7   545.5   788.9
  17:22:43.375  -113.7   521.7    -77.7   545.5   788.9
  17:22:43.421  -113.2   519.6    -77.7   545.9   786.7
  17:22:43.468  -112.7   517.3    -77.7   546.4   784.4
  17:22:43.515  -112.2   515.0    -77.7   546.9   782.2
  17:22:43.546  -111.7   512.6    -77.7   547.5   779.7
  17:22:43.593  -111.2   510.5    -77.7   547.9   777.6
  17:22:43.640  -110.7   508.1    -77.7   528.9   771.0
  17:22:43.671  -110.2   505.8    -77.7   529.4   768.7
  17:22:43.718  -110.2   505.8    -77.7   539.2   770.8
  17:22:43.781  -109.2   501.3    -77.7   540.2   766.3
  17:22:43.796  -109.2   501.3    -77.7   540.2   766.3
  17:22:43.843  -108.7   499.0    -77.7   540.7   764.0
  17:22:43.890  -108.2   496.6    -77.7   541.2   761.6
  17:22:43.937  -107.7   494.4    -77.7   541.7   759.4
  17:22:43.984  -107.2   492.1    -77.7   542.2   757.1
  17:22:44.000  -107.2   492.1    -77.7   542.2   757.1
  17:22:44.046  -106.7   489.8    -77.7   542.7   754.8
  17:22:44.078  -106.2   487.6    -77.7   543.2   752.6
  17:22:44.125  -105.7   485.3    -77.7   543.7   750.2
  17:22:44.171  -105.2   482.9    -77.7   534.4   745.8
  17:22:44.203  -105.2   482.9    -77.7   544.2   747.9
  17:22:44.250  -104.6   480.4    -77.7   544.8   745.4
  17:22:44.296  -104.0   477.7    -77.7   545.3   742.7
  17:22:44.328  -103.5   475.4    -77.7   545.8   740.4
  17:22:44.375  -103.0   473.1    -77.7   546.4   738.1
  17:22:44.421  -102.5   470.7    -77.7   546.9   735.7
  17:22:44.468  -102.0   468.4    -77.7   547.4   733.4
  17:22:44.500  -101.5   466.3    -77.7   547.8   731.3
  17:22:44.546  -101.0   464.0    -77.7   548.4   728.9
  17:22:44.593  -101.0   464.0    -77.7   548.4   728.9
  17:22:44.640  -100.5   461.6    -77.7   539.1   724.5
  17:22:44.671  -100.0   459.4    -77.7   529.8   720.1
  17:22:44.734   -99.5   457.0    -77.7   530.3   717.7
  17:22:44.765   -99.0   454.7    -77.7   501.5   709.0
  17:22:44.812   -98.5   452.6    -77.7   492.2   704.7
  17:22:44.859   -98.0   450.3    -77.7   492.7   702.5
  17:22:44.890   -97.5   448.0    -77.7   463.9   693.8
  17:22:44.937   -97.0   445.7    -77.7   464.4   691.4
  17:22:44.984   -96.5   443.4    -77.7   464.9   689.1
  17:22:45.015   -96.5   443.4    -77.7   455.2   687.0
  17:22:45.062   -96.0   441.1    -77.7   455.7   684.8
  17:22:45.109   -95.5   438.7    -77.7   456.2   682.3
  17:22:45.156   -95.0   436.4    -77.7   456.7   680.0
  17:22:45.203   -94.5   434.1    -77.7   457.2   677.7
  17:22:45.234   -94.0   431.9    -77.7   457.7   675.5
  17:22:45.281   -93.5   429.7    -77.7   458.2   673.3
  17:22:45.328   -93.0   427.4    -77.7   458.7   671.0
  17:22:45.359   -92.5   425.1    -77.7   459.2   668.7
  17:22:45.406   -92.5   425.1    -77.7   459.2   668.7
  17:22:45.453   -92.0   422.8    -77.7   459.7   666.4
  17:22:45.500   -91.5   420.5    -77.7   460.2   664.1
  17:22:45.531   -91.0   418.2    -77.7   460.7   661.8
  17:22:45.609   -90.5   415.9    -77.7   461.2   659.5
  17:22:45.625   -89.8   412.7    -77.7   461.9   656.3
  17:22:45.656   -89.8   412.7    -77.7   461.9   656.3
  17:22:45.687   -89.3   410.6    -77.7   462.3   654.2
  17:22:45.734   -88.8   408.4    -77.7   462.8   652.0
  17:22:45.781   -88.3   406.0    -77.7   463.3   649.6
  17:22:45.812   -87.8   403.8    -77.7   463.8   647.4
  17:22:45.859   -87.3   401.5    -77.7   464.3   645.1
  17:22:45.906   -86.8   399.2    -77.7   464.8   642.8
  17:22:45.953   -86.8   399.2    -77.7   455.1   640.6
  17:22:46.000   -86.3   396.9    -77.7   455.6   638.4
  17:22:46.031   -85.8   394.6    -77.7   456.1   636.1
  17:22:46.078   -85.3   392.2    -77.7   456.6   633.6
  17:22:46.109   -84.8   390.0    -77.7   457.1   631.5
  17:22:46.156   -84.3   387.8    -77.7   457.6   629.3
  17:22:46.203   -83.8   385.5    -77.7   458.1   627.0
  17:22:46.234   -83.3   383.2    -77.7   458.6   624.7
  17:22:46.281   -83.3   383.2    -77.7   458.6   624.7
  17:22:46.328   -82.8   380.9    -77.7   459.1   622.3
  17:22:46.375   -82.3   378.4    -77.7   459.6   619.9
  17:22:46.406   -81.8   376.3    -77.7   460.1   617.8
  17:22:46.453   -81.3   374.1    -77.7   460.6   615.6
  17:22:46.500   -80.8   371.8    -77.7   461.1   613.3
  17:22:46.546   -80.3   369.4    -77.7   461.6   610.9
  17:22:46.578   -79.8   367.2    -77.7   462.1   608.7
  17:22:46.625   -79.3   364.9    -77.7   462.6   606.4
  17:22:46.671   -78.8   362.6    -77.7   453.3   601.9
  17:22:46.718   -78.8   362.6    -77.7   453.3   601.9
  17:22:46.750   -78.3   360.3    -77.7   453.8   599.6
  17:22:46.796   -77.8   358.0    -77.7   454.3   597.4
  17:22:46.843   -77.3   355.8    -77.7   454.8   595.1
  17:22:46.890   -76.8   353.5    -77.7   455.3   592.8
  17:22:46.921   -76.3   351.2    -77.7   455.8   590.5
  17:22:46.968   -75.8   349.0    -77.7   456.3   588.3
  17:22:47.015   -75.3   346.6    -77.7   456.8   585.9
  17:22:47.062   -74.8   344.3    -77.7   457.3   583.6
  17:22:47.109   -74.3   342.1    -77.7   457.8   581.4
  17:22:47.140   -74.3   342.1    -77.7   457.8   581.4
  17:22:47.187   -73.8   339.8    -77.7   458.3   579.1
  17:22:47.234   -73.3   337.5    -77.7   458.8   576.8
  17:22:47.281   -72.8   335.2    -77.7   459.3   574.6
  17:22:47.328   -72.3   332.9    -77.7   459.8   572.3
  17:22:47.359   -71.8   330.7    -77.7   460.3   570.0
  17:22:47.406   -71.3   328.3    -77.7   460.8   567.6
  17:22:47.453   -70.8   326.0    -77.7   461.3   565.3
  17:22:47.500   -70.3   323.9    -77.7   461.8   563.2
  17:22:47.531   -69.8   321.6    -77.7   472.1   563.0
  17:22:47.578   -69.3   319.2    -77.7   472.6   560.6
  17:22:47.625   -69.3   319.2    -77.7   472.6   560.6
  17:22:47.656   -68.8   316.9    -77.7   473.1   558.4
  17:22:47.703   -68.1   313.9    -77.7   483.5   557.5
  17:22:47.750   -67.6   311.6    -77.7   484.0   555.2
  17:22:47.796   -67.1   309.3    -77.7   494.3   555.0
  17:22:47.843   -67.1   309.3    -77.7   504.1   557.2
  17:22:47.875   -66.5   306.2    -77.7   504.7   554.1
  17:22:47.921   -66.0   303.9    -77.7   515.0   554.0
  17:22:47.968   -65.5   301.6    -77.7   525.3   553.8
  17:22:48.000   -65.0   299.5    -77.7   525.7   551.6
  17:22:48.046   -64.5   297.1    -77.7   526.3   549.2
  17:22:48.093   -64.0   294.9    -77.7   536.5   549.2
  17:22:48.140   -64.0   294.9    -77.7   536.5   549.2
  17:22:48.187   -63.5   292.6    -77.7   546.8   549.0
  17:22:48.218   -63.0   290.2    -77.7   547.3   546.6
  17:22:48.265   -62.5   287.9    -77.7   547.8   544.4
  17:22:48.312   -62.0   285.6    -77.7   548.3   542.1
  17:22:48.359   -61.5   283.4    -77.7   558.6   542.0
  17:22:48.406   -61.0   281.1    -77.7   559.1   539.7
  17:22:48.437   -60.5   278.9    -77.7   579.1   541.8
  17:22:48.484   -60.0   276.5    -77.7   579.6   539.4
  17:22:48.531   -59.5   274.3    -77.7   580.1   537.1
  17:22:48.578   -59.5   274.3    -77.7   599.6   541.4
  17:22:48.609   -59.0   272.0    -77.7   600.1   539.1
  17:22:48.656   -58.5   269.8    -77.7   600.6   536.9
  17:22:48.703   -58.0   267.4    -77.7   610.9   536.7
  17:22:48.750   -57.5   265.1    -77.7   611.4   534.3
  17:22:48.796   -57.0   262.9    -77.7   611.9   532.2
  17:22:48.828   -56.5   260.5    -77.7   622.2   531.9
  17:22:48.875   -56.0   258.2    -77.7   622.7   529.6
  17:22:48.921   -55.5   256.0    -77.7   623.2   527.4
  17:22:48.953   -55.0   253.8    -77.7   643.2   529.4
  17:22:49.000   -54.5   251.5    -77.7   643.7   527.2
  17:22:49.046   -54.5   251.5    -77.7   643.7   527.2
  17:22:49.093   -54.0   249.0    -77.7   663.8   529.0
  17:22:49.140   -53.5   246.9    -77.7   674.0   529.0
  17:22:49.171   -53.0   244.5    -77.7   674.5   526.6
  17:22:49.218   -52.5   242.3    -77.7   714.1   532.9
  17:22:49.265   -52.0   239.9    -77.7   773.2   543.4
  17:22:49.296   -51.5   237.7    -77.7   773.7   541.2
  17:22:49.328   -51.5   237.7    -77.7   881.2   564.7
  17:22:49.375   -51.0   235.3    -77.7   989.1   585.9
  17:22:49.421   -50.5   233.1    -77.7   989.6   583.6
