Лабораторная работа 1. Анализ сенсорных данных об объекте

Маршрут: шестиугольник
Направление движения: против часовой стрелки
Скорость движения: 50.0 мм/с
Рабочий дальномер: левый (Rf_L)

Выходная информация: положение робота, координаты точек объекта

          Time   X_rob   Y_rob  Ang_rob   X_obj   Y_obj
  чч:мм:сс.ссс      мм      мм     град      мм      мм
  17:26:47.984   589.3     0.0      0.0   469.3  1221.0
  17:26:48.015   591.6     0.0      0.0   471.6  1111.0
  17:26:48.062   594.0     0.0      0.0   474.0  1111.0
  17:26:48.109   596.4     0.0      0.0   476.4   751.0
  17:26:48.156   598.8     0.0      0.0   478.8   621.0
  17:26:48.187   601.0     0.0      0.0   481.0   621.0
  17:26:48.234   603.3     0.0      0.0   483.3   561.0
  17:26:48.281   605.7     0.0      0.0   485.7   561.0
  17:26:48.328   605.7     0.0      0.0   485.7   561.0
  17:26:48.375   608.1     0.0      0.0   488.1   561.0
  17:26:48.421   610.4     0.0      0.0   490.4   561.0
  17:26:48.453   612.9     0.0      0.0   492.9   561.0
  17:26:48.500   615.1     0.0      0.0   495.1   561.0
  17:26:48.531   617.4     0.0      0.0   497.4   561.0
  17:26:48.578   619.7     0.0      0.0   499.7   561.0
  17:26:48.625   622.0     0.0      0.0   502.0   551.0
  17:26:48.656   622.0     0.0      0.0   502.0   551.0
  17:26:48.703   624.4     0.0      0.0   504.4   561.0
  17:26:48.750   626.8     0.0      0.0   506.8   561.0
  17:26:48.796   629.1     0.0      0.0   509.1   561.0
  17:26:48.828   631.4     0.0      0.0   511.4   561.0
  17:26:48.875   633.8     0.0      0.0   513.8   561.0
  17:26:48.921   636.1     0.0      0.0   516.1   561.0
  17:26:48.968   638.5     0.0      0.0   518.5   561.0
  17:26:49.000   640.9     0.0      0.0   520.9   561.0
  17:26:49.046   643.1     0.0      0.0   523.1   551.0
  17:26:49.093   643.1     0.0      0.0   523.1   551.0
  17:26:49.140   645.5     0.0      0.0   525.5   551.0
  17:26:49.171   647.8     0.0      0.0   527.8   551.0
  17:26:49.218   650.2     0.0      0.0   530.2   551.0
  17:26:49.265   652.5     0.0      0.0   532.5   551.0
  17:26:49.281   652.5     0.0      0.0   532.5   551.0
  17:26:49.328   654.9     0.0      0.0   534.9   551.0
  17:26:49.375   657.2     0.0      0.0   537.2   551.0
  17:26:49.421   659.6     0.0      0.0   539.6   551.0
  17:26:49.453   661.9     0.0      0.0   541.9   551.0
  17:26:49.500   664.2     0.0      0.0   544.2   551.0
  17:26:49.546   666.6     0.0      0.0   546.6   551.0
  17:26:49.593   669.0     0.0      0.0   549.0   551.0
  17:26:49.625   671.3     0.0      0.0   551.3   551.0
  17:26:49.671   671.3     0.0      0.0   551.3   551.0
  17:26:49.718   673.6     0.0      0.0   553.6   551.0
  17:26:49.765   675.8     0.0      0.0   555.8   551.0
  17:26:49.796   678.7     0.0      0.0   558.7   551.0
  17:26:49.843   681.4     0.0      0.0   561.4   551.0
  17:26:49.890   683.8     0.0      0.0   563.8   551.0
  17:26:49.937   686.1     0.0      0.0   566.1   551.0
  17:26:49.968   686.1     0.0      0.0   566.1   551.0
  17:26:50.000   689.2     0.0      0.0   569.2   551.0
  17:26:50.046   691.4     0.0      0.0   571.4   551.0
  17:26:50.093   693.8     0.0      0.0   573.8   551.0
  17:26:50.125   693.8     0.0      0.0   573.8   551.0
  17:26:50.171   696.2     0.0      0.0   576.2   551.0
  17:26:50.218   698.5     0.0      0.0   578.5   551.0
  17:26:50.265   700.8     0.0      0.0   580.8   551.0
  17:26:50.296   703.2     0.0      0.0   583.2   551.0
  17:26:50.343   705.6     0.0      0.0   585.6   551.0
  17:26:50.390   708.6     0.0      0.0   588.6   551.0
  17:26:50.437   708.6     0.0      0.0   588.6   551.0
  17:26:50.484   711.0     0.0      0.0   591.0   551.0
  17:26:50.515   713.3     0.0      0.0   593.3   551.0
  17:26:50.562   715.7     0.0      0.0   595.7   551.0
  17:26:50.609   718.0     0.0      0.0   598.0   551.0
  17:26:50.656   720.3     0.0      0.0   600.3   551.0
  17:26:50.687   722.7     0.0      0.0   602.7   551.0
  17:26:50.734   725.0     0.0      0.0   605.0   551.0
  17:26:50.781   727.7     0.0      0.0   607.7   551.0
  17:26:50.828   729.7     0.0      0.0   609.7   551.0
  17:26:50.859   729.7     0.0      0.0   609.7   551.0
  17:26:50.906   732.0     0.0      0.0   612.0   551.0
  17:26:50.953   734.4     0.0      0.0   614.4   551.0
  17:26:51.000   736.7     0.0      0.0   616.7   551.0
  17:26:51.031   739.1     0.0      0.0   619.1   551.0
  17:26:51.078   741.3     0.0      0.0   621.3   551.0
  17:26:51.125   743.8     0.0      0.0   623.8   551.0
  17:26:51.187   746.1     0.0      0.0   626.1   541.0
  17:26:51.203   746.1     0.0      0.0   626.1   541.0
  17:26:51.250   749.1     0.0      0.0   629.1   541.0
  17:26:51.296   751.5     0.0      0.0   631.5   551.0
  17:26:51.343   754.0     0.0      0.0   634.0   541.0
  17:26:51.390   756.2     0.0      0.0   636.2   551.0
  17:26:51.421   758.5     0.0      0.0   638.5   551.0
  17:26:51.468   760.9     0.0      0.0   640.9   551.0
  17:26:51.515   763.3     0.0      0.0   643.3   551.0
  17:26:51.562   765.5     0.0      0.0   645.5   551.0
  17:26:51.593   765.5     0.0      0.0   645.5   551.0
  17:26:51.640   768.0     0.0      0.0   648.0   551.0
  17:26:51.687   770.3     0.0      0.0   650.3   551.0
  17:26:51.734   772.6     0.0      0.0   652.6   551.0
  17:26:51.765   775.0     0.0      0.0   655.0   551.0
  17:26:51.812   777.2     0.0      0.0   657.2   551.0
  17:26:51.859   779.7     0.0      0.0   659.7   551.0
  17:26:51.906   781.9     0.0      0.0   661.9   551.0
  17:26:51.937   784.3     0.0      0.0   664.3   551.0
  17:26:51.984   784.3     0.0      0.0   664.3   551.0
  17:26:52.031   786.9     0.0      0.0   666.9   551.0
  17:26:52.078   789.0     0.0      0.0   669.0   551.0
  17:26:52.109   791.4     0.0      0.0   671.4   541.0
  17:26:52.156   793.6     0.0      0.0   673.6   551.0
  17:26:52.203   796.1     0.0      0.0   676.1   541.0
  17:26:52.250   798.3     0.0      0.0   678.3   541.0
  17:26:52.296   800.6     0.0      0.0   680.6   541.0
  17:26:52.328   802.9     0.0      0.0   682.9   541.0
  17:26:52.375   805.3     0.0      0.0   685.3   541.0
  17:26:52.421   807.6     0.0      0.0   687.6   541.0
  17:26:52.468   807.6     0.0      0.0   687.6   551.0
  17:26:52.500   810.0     0.0      0.0   690.0   551.0
  17:26:52.546   812.4     0.0      0.0   692.4   551.0
  17:26:52.593   814.7     0.0      0.0   694.7   551.0
  17:26:52.640   817.1     0.0      0.0   697.1   551.0
  17:26:52.671   819.4     0.0      0.0   699.4   551.0
  17:26:52.718   821.7     0.0      0.0   701.7   551.0
  17:26:52.765   824.0     0.0      0.0   704.0   551.0
  17:26:52.812   826.5     0.0      0.0   706.5   551.0
  17:26:52.859   828.8     0.0      0.0   708.8   551.0
  17:26:52.906   828.8     0.0      0.0   708.8   551.0
  17:26:52.937   831.2     0.0      0.0   711.2   551.0
  17:26:52.953   833.5     0.0      0.0   713.5   551.0
  17:26:53.000   835.7     0.0      0.0   715.7   541.0
  17:26:53.046   838.1     0.0      0.0   718.1   551.0
  17:26:53.078   838.1     0.0      0.0   718.1   551.0
  17:26:53.125   840.4     0.0      0.0   720.4   551.0
  17:26:53.171   842.8     0.0      0.0   722.8   551.0
  17:26:53.218   845.1     0.0      0.0   725.1   551.0
  17:26:53.265   847.5     0.0      0.0   727.5   551.0
  17:26:53.296   849.9     0.0      0.0   729.9   551.0
  17:26:53.343   852.1     0.0      0.0   732.1   541.0
  17:26:53.390   854.5     0.0      0.0   734.5   541.0
  17:26:53.437   856.8     0.0      0.0   736.8   541.0
  17:26:53.468   859.2     0.0      0.0   739.2   541.0
  17:26:53.515   859.2     0.0      0.0   739.2   541.0
  17:26:53.562   861.5     0.0      0.0   741.5   541.0
  17:26:53.609   863.9     0.0      0.0   743.9   541.0
  17:26:53.640   866.2     0.0      0.0   746.2   541.0
  17:26:53.687   868.5     0.0      0.0   748.5   551.0
  17:26:53.734   870.9     0.0      0.0   750.9   551.0
  17:26:53.781   873.2     0.0      0.0   753.2   551.0
  17:26:53.843   875.5     0.0      0.0   755.5   581.0
  17:26:53.859   877.9     0.0      0.0   757.9   611.0
  17:26:53.906   880.3     0.0      0.0   760.3   611.0
  17:26:53.953   880.3     0.0      0.0   760.3   651.0
  17:26:53.984   882.5     0.0      0.0   762.5   661.0
  17:26:54.031   884.8     0.0      0.0   764.8   661.0
  17:26:54.078   887.2     0.0      0.0   767.2   661.0
  17:26:54.125   889.6     0.0      0.0   769.6   671.0
  17:26:54.156   891.9     0.0      0.0   771.9   671.0
  17:26:54.203   894.3     0.0      0.0   774.3   671.0
  17:26:54.250   896.7     0.0      0.0   776.7   671.0
  17:26:54.281   899.0     0.0      0.0   779.0   661.0
  17:26:54.328   899.0     0.0      0.0   779.0   671.0
  17:26:54.375   901.3     0.0      0.0   781.3   671.0
  17:26:54.421   903.6     0.0      0.0   783.6   661.0
  17:26:54.453   905.9     0.0      0.0   785.9   671.0
  17:26:54.500   909.1     0.0      0.0   789.1   671.0
  17:26:54.546   911.4     0.0      0.0   791.4   661.0
  17:26:54.593   911.4     0.0      0.0   791.4   661.0
  17:26:54.640   913.7     0.0      0.0   793.7   671.0
  17:26:54.671   917.0     0.0      0.0   797.0   671.0
  17:26:54.718   919.2     0.0      0.0   799.2   671.0
  17:26:54.765   921.6     0.0      0.0   801.6   671.0
  17:26:54.812   923.8     0.0      0.0   803.8   671.0
  17:26:54.843   926.3     0.0      0.0   806.3   671.0
  17:26:54.890   926.3     0.0      0.0   806.3   671.0
  17:26:54.937   928.7     0.0      0.0   808.7   671.0
  17:26:54.984   930.8     0.0      0.0   810.8   671.0
  17:26:55.015   933.2     0.0      0.0   813.2   671.0
  17:26:55.062   935.7     0.0      0.0   815.7   671.0
  17:26:55.109   937.8     0.0      0.0   817.8   671.0
  17:26:55.156   940.2     0.0      0.0   820.2   671.0
  17:26:55.187   942.6     0.0      0.0   822.6   661.0
  17:26:55.250   945.0     0.0      0.0   825.0   671.0
  17:26:55.265   945.0     0.0      0.0   825.0   671.0
  17:26:55.312   947.3     0.0      0.0   827.3   671.0
  17:26:55.359   949.6     0.0      0.0   829.6   681.0
  17:26:55.390   952.1     0.0      0.0   832.1   681.0
  17:26:55.437   954.2     0.0      0.0   834.2   681.0
  17:26:55.484   956.7     0.0      0.0   836.7   701.0
  17:26:55.531   959.0     0.0      0.0   839.0   721.0
  17:26:55.562   961.4     0.0      0.0   841.4   721.0
  17:26:55.609   961.4     0.0      0.0   841.4   761.0
  17:26:55.656   963.6     0.0      0.0   843.6   761.0
  17:26:55.703   966.0     0.0      0.0   846.0   761.0
  17:26:55.734   968.3     0.0      0.0   848.3   851.0
  17:26:55.781   970.7     0.0      0.0   850.7   911.0
  17:26:55.828   973.0     0.0      0.0   853.0   911.0
  17:26:55.875   973.0     0.0      0.0   853.0  1041.0
  17:27:11.515  1342.1   233.7     60.0   120.7   800.1
  17:27:11.531  1342.1   233.7     60.0   389.2   645.1
  17:27:11.578  1343.3   235.7     60.0   364.4   662.1
  17:27:11.625  1344.4   237.7     60.0   391.5   649.1
  17:27:11.656  1345.6   239.7     60.0   513.9   581.2
  17:27:11.703  1346.9   241.9     60.0   515.2   583.4
  17:27:11.750  1348.0   243.8     60.0   559.6   560.2
  17:27:11.781  1348.0   243.8     60.0   568.3   555.2
  17:27:11.812  1349.1   245.8     60.0   569.4   557.2
  17:27:11.859  1350.3   247.8     60.0   579.2   554.2
  17:27:11.921  1351.4   249.8     60.0   580.4   556.2
  17:27:11.953  1352.6   251.9     60.0   581.6   558.3
  17:27:11.984  1353.8   253.8     60.0   582.7   560.3
  17:27:12.031  1355.0   255.9     60.0   583.9   562.4
  17:27:12.078  1355.0   255.9     60.0   583.9   562.4
  17:27:12.125  1356.2   258.0     60.0   602.4   554.4
  17:27:12.171  1357.3   260.0     60.0   612.3   551.5
  17:27:12.203  1358.5   261.9     60.0   604.7   558.4
  17:27:12.250  1359.7   264.1     60.0   606.0   560.5
  17:27:12.296  1360.8   266.1     60.0   615.8   557.5
  17:27:12.328  1361.9   268.0     60.0   616.9   559.5
  17:27:12.375  1363.1   270.1     60.0   626.7   556.5
  17:27:12.406  1363.1   270.1     60.0   626.7   556.5
  17:27:12.453  1364.3   272.1     60.0   627.9   558.6
  17:27:12.500  1365.5   274.2     60.0   637.8   555.6
  17:27:12.546  1366.7   276.2     60.0   638.9   557.7
  17:27:12.578  1367.8   278.1     60.0   640.1   559.6
  17:27:12.625  1369.0   280.2     60.0   649.9   556.7
  17:27:12.671  1370.2   282.3     60.0   651.1   558.7
  17:27:12.718  1371.3   284.3     60.0   652.3   560.8
  17:27:12.750  1372.5   286.3     60.0   662.1   557.8
  17:27:12.796  1373.7   288.3     60.0   663.3   559.8
  17:27:12.843  1373.7   288.3     60.0   663.3   559.8
  17:27:12.890  1374.9   290.4     60.0   673.1   556.8
  17:27:12.921  1376.0   292.3     60.0   682.9   553.8
  17:27:12.968  1377.2   294.4     60.0   684.1   555.9
  17:27:13.015  1378.4   296.5     60.0   693.9   552.9
  17:27:13.062  1379.5   298.5     60.0   703.7   549.9
  17:27:13.093  1380.7   300.5     60.0   704.9   552.0
  17:27:13.140  1381.9   302.6     60.0   706.1   554.1
  17:27:13.187  1383.0   304.5     60.0   707.2   556.0
  17:27:13.234  1384.2   306.5     60.0   708.4   558.0
  17:27:13.281  1385.4   308.6     60.0   718.2   555.0
  17:27:13.312  1385.4   308.6     60.0   718.2   555.0
  17:27:13.359  1386.5   310.6     60.0   719.4   557.1
  17:27:13.406  1387.7   312.6     60.0   720.6   559.1
  17:27:13.453  1388.9   314.7     60.0   730.4   556.2
  17:27:13.500  1390.1   316.7     60.0   731.6   558.2
  17:27:13.531  1391.2   318.7     60.0   732.8   560.2
  17:27:13.578  1392.4   320.8     60.0   742.6   557.2
  17:27:13.625  1393.6   322.8     60.0   743.8   559.3
  17:27:13.656  1394.7   324.8     60.0   753.6   556.3
  17:27:13.703  1395.9   326.7     60.0   763.4   553.2
  17:27:13.750  1395.9   326.7     60.0   763.4   553.2
  17:27:13.796  1397.1   328.8     60.0   764.6   555.3
  17:27:13.828  1398.2   330.9     60.0   765.8   557.3
  17:27:13.875  1399.4   332.9     60.0   766.9   559.4
  17:27:13.921  1400.5   334.8     60.0   768.1   561.3
  17:27:13.968  1401.7   336.9     60.0   769.3   563.4
  17:27:14.015  1402.9   339.0     60.0   770.5   565.5
  17:27:14.046  1404.1   341.0     60.0   771.6   567.5
  17:27:14.093  1405.3   343.1     60.0   772.8   569.5
  17:27:14.140  1406.4   345.1     60.0   774.0   571.6
  17:27:14.187  1406.4   345.1     60.0   774.0   571.6
  17:27:14.234  1407.6   347.1     60.0   775.1   573.6
  17:27:14.265  1408.7   349.1     60.0   776.3   575.5
  17:27:14.312  1409.9   351.1     60.0   777.4   577.6
  17:27:14.359  1411.1   353.1     60.0   778.6   579.6
  17:27:14.406  1412.3   355.2     60.0   779.8   581.7
  17:27:14.453  1413.4   357.2     60.0   772.3   588.7
  17:27:14.484  1414.6   359.2     60.0   782.1   585.7
  17:27:14.531  1415.8   361.3     60.0   774.7   592.8
  17:27:14.578  1416.9   363.2     60.0   775.8   594.7
  17:27:14.625  1418.1   365.2     60.0   776.9   596.7
  17:27:14.656  1418.1   365.2     60.0   776.9   596.7
  17:27:14.703  1419.2   367.3     60.0   778.1   598.8
  17:27:14.750  1420.5   369.4     60.0   779.3   600.9
  17:27:14.796  1421.6   371.4     60.0   771.8   607.9
  17:27:14.828  1422.8   373.4     60.0   773.0   609.9
  17:27:14.875  1424.0   375.4     60.0   782.8   606.9
  17:27:14.921  1425.1   377.5     60.0   775.3   614.0
  17:27:14.968  1426.4   379.7     60.0   776.6   616.1
  17:27:15.015  1427.4   381.5     60.0   777.6   618.0
  17:27:15.046  1428.7   383.6     60.0   778.9   620.1
  17:27:15.093  1428.7   383.6     60.0   778.9   620.1
  17:27:15.140  1429.8   385.6     60.0   780.0   622.1
  17:27:15.187  1431.0   387.7     60.0   781.2   624.2
  17:27:15.218  1432.1   389.6     60.0   782.3   626.1
  17:27:15.265  1433.3   391.6     60.0   783.5   628.1
  17:27:15.312  1434.5   393.7     60.0   784.7   630.2
  17:27:15.359  1435.7   395.8     60.0   777.2   637.2
  17:27:15.390  1436.9   397.8     60.0   778.4   639.3
  17:27:15.437  1438.0   399.7     60.0   779.5   641.2
  17:27:15.484  1439.2   401.8     60.0   780.7   643.3
  17:27:15.531  1439.2   401.8     60.0   780.7   643.3
  17:27:15.578  1440.3   403.8     60.0   781.9   645.3
  17:27:15.609  1441.5   405.9     60.0   783.1   647.3
  17:27:15.656  1442.7   407.9     60.0   784.2   649.4
  17:27:15.703  1443.9   409.9     60.0   785.4   651.4
  17:27:15.750  1445.0   411.9     60.0   786.6   653.4
  17:27:15.781  1446.3   414.1     60.0   787.8   655.6
  17:27:15.828  1447.3   416.0     60.0   780.2   662.4
  17:27:15.859  1448.5   418.0     60.0   790.1   659.5
  17:27:15.906  1448.5   418.0     60.0   790.1   659.5
  17:27:15.937  1449.7   420.0     60.0   782.5   666.5
  17:27:15.984  1450.8   422.0     60.0   783.7   668.4
  17:27:16.015  1450.8   422.0     60.0   792.4   663.4
  17:27:16.062  1452.4   424.7     60.0   785.3   671.2
  17:27:16.109  1453.6   426.7     60.0   786.5   673.2
  17:27:16.140  1454.7   428.8     60.0   787.6   675.3
  17:27:16.187  1456.2   431.3     60.0   789.1   677.7
  17:27:16.234  1457.5   433.5     60.0   790.4   680.0
  17:27:16.265  1457.5   433.5     60.0   790.4   680.0
  17:27:16.312  1458.7   435.6     60.0   791.5   682.1
  17:27:16.359  1459.8   437.6     60.0   784.1   689.1
  17:27:16.406  1461.0   439.6     60.0   785.2   691.1
  17:27:16.437  1462.1   441.6     60.0   786.3   693.0
  17:27:16.484  1463.3   443.6     60.0   787.5   695.1
  17:27:16.531  1464.5   445.7     60.0   788.7   697.2
  17:27:16.578  1465.7   447.7     60.0   789.9   699.2
  17:27:16.625  1466.8   449.7     60.0   791.0   701.2
  17:27:16.656  1466.8   449.7     60.0   799.7   696.2
  17:27:16.703  1468.0   451.7     60.0   792.2   703.2
  17:27:16.734  1469.2   453.7     60.0   802.0   700.2
  17:27:16.781  1470.4   455.9     60.0   803.3   702.3
  17:27:16.796  1470.4   455.9     60.0   803.3   702.3
  17:27:16.843  1471.9   458.5     60.0   813.5   700.0
  17:27:16.890  1473.0   460.5     60.0   831.9   692.0
  17:27:16.937  1474.2   462.5     60.0   833.1   694.0
  17:27:16.968  1474.2   462.5     60.0   833.1   694.0
  17:27:17.015  1475.6   464.9     60.0   843.1   691.4
  17:27:17.046  1476.9   467.2     60.0   844.5   693.7
  17:27:17.093  1478.1   469.2     60.0   845.6   695.7
  17:27:17.140  1479.3   471.3     60.0   846.8   697.8
  17:27:17.187  1480.4   473.3     60.0   848.0   699.8
  17:27:17.218  1481.7   475.4     60.0   849.2   701.9
  17:27:17.265  1481.7   475.4     60.0   849.2   701.9
  17:27:17.312  1482.9   477.5     60.0   850.4   704.0
  17:27:17.359  1484.0   479.4     60.0   851.5   705.9
  17:27:17.390  1485.2   481.5     60.0   852.7   708.0
  17:27:17.437  1486.3   483.5     60.0   853.8   709.9
  17:27:17.468  1487.5   485.5     60.0   846.4   717.0
  17:27:17.515  1488.7   487.5     60.0   847.5   719.0
  17:27:17.578  1489.9   489.6     60.0   848.7   721.1
  17:27:17.609  1491.0   491.6     60.0   849.9   723.1
  17:27:17.640  1491.0   491.6     60.0   849.9   723.1
  17:27:17.687  1492.2   493.6     60.0   851.0   725.1
  17:27:17.734  1493.3   495.6     60.0   852.2   727.1
  17:27:17.781  1494.5   497.7     60.0   853.4   729.1
  17:27:17.812  1495.7   499.8     60.0   854.6   731.2
  17:27:17.843  1496.8   501.7     60.0   855.7   733.2
  17:27:17.890  1498.0   503.8     60.0   856.9   735.2
  17:27:17.937  1498.0   503.8     60.0   856.9   735.2
  17:27:17.984  1499.2   505.9     60.0   849.4   742.3
  17:27:18.015  1500.4   507.9     60.0   850.6   744.3
  17:27:18.062  1501.5   509.8     60.0   851.7   746.3
  17:27:18.109  1502.7   511.8     60.0   852.9   748.3
  17:27:18.140  1503.8   513.9     60.0   854.0   750.3
  17:27:18.187  1505.0   515.9     60.0   855.2   752.4
  17:27:18.234  1506.2   517.9     60.0   856.4   754.4
  17:27:18.281  1507.4   519.9     60.0   857.6   756.4
  17:27:18.312  1507.4   519.9     60.0   857.6   756.4
  17:27:18.359  1508.5   521.9     60.0   858.7   758.4
  17:27:18.406  1509.7   524.0     60.0   859.9   760.5
  17:27:18.453  1510.9   526.1     60.0   861.1   762.6
  17:27:18.484  1512.0   528.0     60.0   862.2   764.5
  17:27:18.531  1513.2   530.1     60.0   863.4   766.6
  17:27:18.578  1514.4   532.1     60.0   855.9   773.6
  17:27:18.625  1515.6   534.2     60.0   857.1   775.6
  17:27:18.671  1516.7   536.2     60.0   858.3   777.7
  17:27:18.703  1517.9   538.2     60.0   859.4   779.7
  17:27:18.750  1517.9   538.2     60.0   859.4   779.7
  17:27:18.796  1519.0   540.2     60.0   860.6   781.7
  17:27:18.843  1520.2   542.2     60.0   861.7   783.7
  17:27:18.890  1521.4   544.3     60.0   854.3   790.8
  17:27:18.921  1522.6   546.3     60.0   855.5   792.8
  17:27:18.968  1523.8   548.4     60.0   856.6   794.8
  17:27:19.015  1524.9   550.4     60.0   857.8   796.8
  17:27:19.062  1526.1   552.4     60.0   859.0   798.9
  17:27:19.093  1527.3   554.4     60.0   860.2   800.9
  17:27:19.140  1528.5   556.5     60.0   861.3   803.0
  17:27:19.187  1528.5   556.5     60.0   861.3   803.0
  17:27:19.218  1529.6   558.5     60.0   862.5   805.0
  17:27:19.265  1530.7   560.5     60.0   863.6   806.9
  17:27:19.312  1531.9   562.5     60.0   864.8   809.0
  17:27:19.359  1533.1   564.5     60.0   866.0   811.0
  17:27:19.406  1534.3   566.6     60.0   867.2   813.1
  17:27:19.437  1535.4   568.5     60.0   868.3   815.0
  17:27:19.484  1536.6   570.6     60.0   869.5   817.1
  17:27:19.531  1537.8   572.6     60.0   870.7   819.1
  17:27:19.578  1539.0   574.7     60.0   871.8   821.2
  17:27:19.625  1539.0   574.7     60.0   863.2   826.2
  17:27:19.656  1540.1   576.7     60.0   864.3   828.1
  17:27:19.703  1541.2   578.6     60.0   874.1   825.1
  17:27:19.750  1542.4   580.7     60.0   875.3   827.2
  17:27:19.781  1543.7   582.9     60.0   867.9   834.3
  17:27:19.828  1544.8   584.8     60.0   869.0   836.3
  17:27:19.875  1546.0   586.9     60.0   870.2   838.4
  17:27:19.921  1547.1   588.9     60.0   862.7   845.3
  17:27:19.953  1548.3   590.9     60.0   863.9   847.3
  17:27:20.000  1549.5   592.9     60.0   865.1   849.4
  17:27:20.046  1550.7   595.0     60.0   866.2   851.5
  17:27:20.093  1550.7   595.0     60.0   866.2   851.5
  17:27:20.140  1551.8   596.9     60.0   867.4   853.4
  17:27:20.171  1553.0   599.0     60.0   868.6   855.5
  17:27:20.234  1554.2   601.0     60.0   869.7   857.5
  17:27:20.265  1555.5   603.3     60.0   871.0   859.8
  17:27:20.296  1556.5   605.0     60.0   872.0   861.5
  17:27:20.343  1557.7   607.1     60.0   873.2   863.6
  17:27:20.390  1558.8   609.1     60.0   865.7   870.6
  17:27:20.437  1560.0   611.2     60.0   866.9   872.7
  17:27:20.484  1561.1   613.1     60.0   868.0   874.6
  17:27:20.515  1561.1   613.1     60.0   868.0   874.6
  17:27:20.562  1562.4   615.2     60.0   869.3   876.7
  17:27:20.625  1564.7   619.2     60.0   871.6   880.7
  17:27:20.656  1564.7   619.2     60.0   871.6   880.7
  17:27:20.687  1565.9   621.3     60.0   872.8   882.8
  17:27:20.734  1567.0   623.3     60.0   873.9   884.7
  17:27:20.781  1568.2   625.3     60.0   875.1   886.8
  17:27:20.796  1568.2   625.3     60.0   883.7   881.8
  17:27:20.843  1569.3   627.3     60.0   884.9   883.8
  17:27:20.890  1570.9   630.1     60.0   869.2   896.6
  17:27:20.937  1572.1   632.1     60.0   870.3   898.5
  17:27:20.968  1573.3   634.2     60.0   871.5   900.7
  17:27:21.015  1573.3   634.2     60.0   871.5   900.7
  17:27:21.062  1574.4   636.1     60.0   872.7   902.6
  17:27:21.109  1575.6   638.2     60.0   873.8   904.6
  17:27:21.140  1576.8   640.2     60.0   866.3   911.7
  17:27:21.187  1578.0   642.4     60.0   858.9   918.8
  17:27:21.234  1579.1   644.2     60.0   860.0   920.7
  17:27:21.265  1580.3   646.3     60.0   843.9   932.7
  17:27:21.312  1581.4   648.3     60.0   810.4   954.7
  17:27:21.359  1582.6   650.3     60.0   811.6   956.8
  17:27:21.406  1582.6   650.3     60.0   742.3   996.8
  17:27:21.453  1583.7   652.3     60.0   578.8  1093.7
  17:27:21.484  1584.9   654.3     60.0   580.0  1095.8
  17:27:43.203  1530.9  1171.3    120.0   689.6   546.7
  17:27:43.250  1529.7  1173.4    120.0   697.0   553.8
  17:27:43.281  1528.6  1175.4    120.0   695.9   555.7
  17:27:43.328  1527.4  1177.4    120.0   790.0   612.7
  17:27:43.375  1526.2  1179.5    120.0   806.1   624.8
  17:27:43.421  1525.1  1181.5    120.0   796.3   621.8
  17:27:43.468  1523.9  1183.5    120.0   803.8   628.9
  17:27:43.500  1523.9  1183.5    120.0   803.8   628.9
  17:27:43.546  1522.7  1185.6    120.0   802.6   630.9
  17:27:43.562  1521.6  1187.5    120.0   801.5   632.9
  17:27:43.609  1520.4  1189.6    120.0   800.2   635.0
  17:27:43.640  1520.4  1189.6    120.0   800.2   635.0
  17:27:43.687  1519.2  1191.6    120.0   799.1   637.0
  17:27:43.718  1518.0  1193.6    120.0   797.9   639.0
  17:27:43.765  1516.9  1195.7    120.0   779.4   631.0
  17:27:43.812  1515.7  1197.7    120.0   786.9   638.0
  17:27:43.843  1514.5  1199.7    120.0   785.7   640.1
  17:27:43.890  1513.4  1201.7    120.0   784.6   642.0
  17:27:43.937  1513.4  1201.7    120.0   784.6   642.0
  17:27:43.984  1512.2  1203.7    120.0   783.4   644.1
  17:27:44.015  1511.0  1205.8    120.0   782.2   646.2
  17:27:44.062  1509.9  1207.8    120.0   781.1   648.2
  17:27:44.109  1508.7  1209.8    120.0   779.9   650.1
  17:27:44.156  1507.5  1211.9    120.0   778.7   652.3
  17:27:44.187  1506.3  1213.9    120.0   777.5   654.3
  17:27:44.234  1505.2  1215.9    120.0   776.4   656.3
  17:27:44.281  1504.0  1217.9    120.0   775.2   658.3
  17:27:44.328  1502.8  1220.0    120.0   774.0   660.3
  17:27:44.359  1502.8  1220.0    120.0   774.0   660.3
  17:27:44.406  1501.7  1222.0    120.0   772.9   662.3
  17:27:44.453  1500.5  1224.0    120.0   780.4   669.4
  17:27:44.500  1499.4  1226.0    120.0   779.2   671.4
  17:27:44.546  1498.2  1228.1    120.0   778.0   673.4
  17:27:44.593  1497.0  1230.0    120.0   785.5   680.4
  17:27:44.625  1495.6  1232.5    120.0   784.1   682.9
  17:27:44.671  1495.6  1232.5    120.0   784.1   682.9
  17:27:44.718  1494.3  1234.8    120.0   782.8   685.2
  17:27:44.765  1493.1  1236.9    120.0   781.6   687.3
  17:27:44.796  1491.9  1238.8    120.0   780.5   689.2
  17:27:44.843  1490.7  1241.1    120.0   787.8   696.4
  17:27:44.890  1489.6  1242.9    120.0   786.8   698.3
  17:27:44.921  1488.4  1244.9    120.0   785.6   700.3
  17:27:44.968  1487.3  1246.9    120.0   827.7   727.3
  17:27:45.015  1486.1  1249.0    120.0   826.6   729.4
  17:27:45.062  1484.9  1251.0    120.0   825.4   731.4
  17:27:45.093  1484.9  1251.0    120.0   834.1   736.4
  17:27:45.140  1483.7  1253.1    120.0   841.5   743.5
  17:27:45.187  1482.5  1255.1    120.0   840.3   745.5
  17:27:45.234  1481.4  1257.1    120.0   847.8   752.5
  17:27:45.265  1480.2  1259.2    120.0   846.6   754.6
  17:27:45.312  1479.0  1261.2    120.0   845.5   756.6
  17:27:45.359  1477.9  1263.2    120.0   861.7   768.6
  17:27:45.406  1476.7  1265.2    120.0   860.5   770.6
  17:27:45.437  1475.5  1267.3    120.0   850.6   767.7
  17:27:45.484  1474.4  1269.2    120.0   849.5   769.6
  17:27:45.531  1473.2  1271.3    120.0   848.3   771.7
  17:27:45.578  1473.2  1271.3    120.0   848.3   771.7
  17:27:45.625  1472.0  1273.3    120.0   847.2   773.7
  17:27:45.671  1470.9  1275.3    120.0   846.0   775.7
  17:27:45.703  1469.6  1277.4    120.0   844.7   777.8
  17:27:45.750  1468.5  1279.4    120.0   852.3   784.8
  17:27:45.796  1467.3  1281.5    120.0   859.7   791.9
  17:27:45.828  1466.2  1283.4    120.0   858.6   793.8
  17:27:45.859  1466.2  1283.4    120.0   858.6   793.8
  17:27:45.906  1465.0  1285.4    120.0   857.5   795.8
  17:27:45.953  1463.8  1287.5    120.0   856.3   797.9
  17:27:45.984  1462.7  1289.5    120.0   846.4   794.9
  17:27:46.031  1461.5  1291.5    120.0   845.3   796.9
  17:27:46.078  1460.3  1293.6    120.0   844.1   799.0
  17:27:46.109  1459.2  1295.6    120.0   851.6   806.0
  17:27:46.156  1459.2  1295.6    120.0   851.6   806.0
  17:27:46.187  1458.0  1297.6    120.0   850.4   808.0
  17:27:46.234  1456.8  1299.6    120.0   857.9   815.0
  17:27:46.281  1455.6  1301.7    120.0   856.7   817.1
  17:27:46.312  1454.5  1303.6    120.0   855.6   819.0
  17:27:46.359  1453.3  1305.7    120.0   845.7   816.1
  17:27:46.406  1452.1  1307.8    120.0   853.2   823.2
  17:27:46.437  1450.9  1309.8    120.0   843.4   820.2
  17:27:46.484  1450.9  1309.8    120.0   852.0   825.2
  17:27:46.531  1449.8  1311.8    120.0   850.9   827.2
  17:27:46.578  1448.6  1313.8    120.0   849.7   829.2
  17:27:46.625  1447.5  1315.8    120.0   848.6   831.2
  17:27:46.656  1446.3  1317.8    120.0   847.4   833.3
  17:27:46.703  1445.1  1319.8    120.0   846.2   835.3
  17:27:46.750  1443.9  1321.9    120.0   862.3   847.3
  17:27:46.796  1442.8  1323.9    120.0   861.2   849.3
  17:27:46.828  1442.8  1323.9    120.0   852.6   844.3
  17:27:46.875  1441.4  1326.3    120.0   851.2   846.7
  17:27:46.921  1440.0  1328.8    120.0   849.7   849.2
  17:27:46.968  1438.8  1330.8    120.0   848.6   851.2
  17:27:47.000  1437.7  1332.8    120.0   856.1   858.2
  17:27:47.046  1436.5  1334.7    120.0   855.0   860.1
  17:27:47.093  1435.4  1336.7    120.0   853.8   862.2
  17:27:47.140  1434.2  1338.8    120.0   861.3   869.2
  17:27:47.171  1434.2  1338.8    120.0   861.3   869.2
  17:27:47.218  1433.0  1340.8    120.0   851.5   866.2
  17:27:47.265  1431.8  1342.9    120.0   858.9   873.3
  17:27:47.312  1430.7  1344.9    120.0   857.7   875.3
  17:27:47.343  1429.5  1346.9    120.0   856.6   877.3
  17:27:47.390  1428.3  1349.0    120.0   855.4   879.4
  17:27:47.437  1427.2  1350.9    120.0   854.3   881.3
  17:27:47.484  1426.0  1353.0    120.0   853.1   883.4
  17:27:47.515  1424.8  1355.0    120.0   851.9   885.4
  17:27:47.562  1423.6  1357.1    120.0   850.7   887.5
  17:27:47.609  1422.5  1359.0    120.0   849.6   889.4
  17:27:47.656  1422.5  1359.0    120.0   849.6   889.4
  17:27:47.703  1421.3  1361.1    120.0   848.4   891.5
  17:27:47.750  1420.1  1363.1    120.0   847.2   893.6
  17:27:47.781  1419.0  1365.1    120.0   846.1   895.5
  17:27:47.828  1417.8  1367.2    120.0   853.5   902.6
  17:27:47.875  1416.6  1369.2    120.0   852.4   904.6
  17:27:47.906  1415.5  1371.2    120.0   851.2   906.6
  17:27:47.953  1414.2  1373.4    120.0   850.0   908.8
  17:27:48.000  1413.1  1375.3    120.0   848.8   910.7
  17:27:48.046  1411.9  1377.3    120.0   847.7   912.7
  17:27:48.078  1411.9  1377.3    120.0   847.7   912.7
  17:27:48.125  1410.8  1379.3    120.0   846.5   914.7
  17:27:48.171  1409.6  1381.3    120.0   854.0   921.7
  17:27:48.218  1408.5  1383.3    120.0   852.9   923.7
  17:27:48.250  1407.2  1385.4    120.0   851.6   925.8
  17:27:48.296  1406.1  1387.4    120.0   850.5   927.9
  17:27:48.343  1404.9  1389.5    120.0   857.9   934.9
  17:27:48.390  1403.8  1391.5    120.0   856.8   936.9
  17:27:48.421  1402.6  1393.5    120.0   847.0   933.9
  17:27:48.468  1401.4  1395.5    120.0   854.5   941.0
  17:27:48.515  1401.4  1395.5    120.0   845.8   936.0
  17:27:48.562  1400.3  1397.5    120.0   844.7   937.9
  17:27:48.609  1399.1  1399.5    120.0   852.1   945.0
  17:27:48.656  1397.9  1401.6    120.0   850.9   947.1
  17:27:48.687  1396.8  1403.6    120.0   841.1   944.0
  17:27:48.734  1395.2  1406.3    120.0   839.6   946.7
  17:27:48.781  1394.0  1408.3    120.0   838.4   948.7
  17:27:48.812  1394.0  1408.3    120.0   838.4   948.7
  17:27:48.875  1392.8  1410.4    120.0   837.2   950.8
  17:27:48.906  1391.5  1412.7    120.0   835.9   953.2
  17:27:48.953  1390.1  1415.1    120.0   834.5   955.5
  17:27:48.984  1388.9  1417.2    120.0   833.3   957.6
  17:27:49.031  1387.7  1419.3    120.0   823.4   954.7
  17:27:49.078  1386.6  1421.2    120.0   822.3   956.6
  17:27:49.125  1386.6  1421.2    120.0   822.3   956.6
  17:27:49.156  1385.4  1423.2    120.0   812.5   953.6
  17:27:49.203  1384.3  1425.2    120.0   811.3   955.6
  17:27:49.250  1383.1  1427.3    120.0   810.1   957.7
  17:27:49.296  1381.9  1429.3    120.0   809.0   959.7
  17:27:49.328  1380.8  1431.3    120.0   807.8   961.7
  17:27:49.375  1379.6  1433.3    120.0   806.6   963.7
  17:27:49.421  1378.4  1435.4    120.0   796.8   960.8
  17:27:49.484  1377.2  1437.4    120.0   795.6   962.8
  17:27:49.515  1377.2  1437.4    120.0   795.6   962.8
  17:27:49.546  1376.1  1439.4    120.0   785.8   959.8
  17:27:49.593  1374.9  1441.4    120.0   784.7   961.8
  17:27:49.640  1373.7  1443.4    120.0   783.5   963.8
  17:27:49.687  1372.5  1445.5    120.0   773.6   961.0
  17:27:49.734  1371.0  1448.1    120.0   772.1   963.6
  17:27:49.765  1369.9  1450.1    120.0   771.0   965.5
  17:27:49.812  1368.6  1452.3    120.0   761.1   962.7
  17:27:49.859  1368.6  1452.3    120.0   761.1   962.7
  17:27:49.906  1367.5  1454.3    120.0   768.6   969.7
  17:27:49.937  1366.2  1456.4    120.0   758.7   966.8
  17:27:49.984  1365.1  1458.4    120.0   748.9   963.8
  17:27:50.031  1363.9  1460.4    120.0   756.4   970.8
  17:27:50.078  1362.8  1462.4    120.0   755.2   972.8
  17:27:50.109  1361.2  1465.1    120.0   745.0   970.5
  17:27:50.156  1361.2  1465.1    120.0   745.0   970.5
  17:27:50.203  1360.0  1467.1    120.0   735.2   967.5
  17:27:50.250  1358.9  1469.1    120.0   734.0   969.5
  17:27:50.296  1357.7  1471.2    120.0   732.8   971.6
  17:27:50.328  1356.2  1473.8    120.0   722.7   969.2
  17:27:50.375  1355.0  1475.8    120.0   721.5   971.2
  17:27:50.421  1355.0  1475.8    120.0   721.5   971.2
  17:27:50.468  1352.7  1479.9    120.0   719.1   975.3
  17:27:50.500  1352.7  1479.9    120.0   719.1   975.3
  17:27:50.546  1351.5  1481.9    120.0   718.0   977.3
  17:27:50.578  1350.3  1483.9    120.0   699.5   969.3
  17:27:50.609  1349.1  1486.0    120.0   698.3   971.4
  17:27:50.640  1349.1  1486.0    120.0   698.3   971.4
  17:27:50.703  1348.0  1488.0    120.0   697.1   973.4
  17:27:50.718  1346.8  1490.1    120.0   695.9   975.5
  17:27:50.765  1345.7  1492.0    120.0   694.8   977.4
  17:27:50.812  1344.5  1494.1    120.0   685.0   974.5
  17:27:50.859  1343.3  1496.1    120.0   675.1   971.5
  17:27:50.890  1343.3  1496.1    120.0   675.1   971.5
  17:27:50.937  1342.0  1498.3    120.0   673.9   973.7
  17:27:50.984  1340.9  1500.2    120.0   672.8   975.6
  17:27:51.031  1339.8  1502.2    120.0   671.6   977.6
  17:27:51.078  1338.6  1504.3    120.0   670.4   979.6
  17:27:51.109  1337.4  1506.3    120.0   669.2   981.7
  17:27:51.156  1336.3  1508.3    120.0   668.1   983.7
  17:27:51.203  1335.1  1510.3    120.0   658.2   980.7
  17:27:51.234  1333.9  1512.4    120.0   648.4   977.8
  17:27:51.281  1332.8  1514.3    120.0   647.3   979.7
  17:27:51.328  1332.8  1514.3    120.0   638.6   974.7
  17:27:51.375  1331.6  1516.4    120.0   646.1   981.8
  17:27:51.406  1330.4  1518.4    120.0   644.9   983.8
  17:27:51.453  1329.3  1520.4    120.0   643.8   985.8
  17:27:51.500  1328.1  1522.4    120.0   633.9   982.8
  17:27:51.546  1326.9  1524.5    120.0   632.7   984.9
  17:27:51.593  1325.7  1526.5    120.0   605.6   971.9
  17:27:51.609  1325.7  1526.5    120.0   588.3   961.9
  17:27:51.656  1324.5  1528.6    120.0   587.1   963.9
  17:27:51.703  1323.4  1530.6    120.0   516.7   926.0
  17:27:51.750  1322.2  1532.6    120.0   515.5   927.9
  17:27:51.781  1321.0  1534.7    120.0   514.3   930.1
  17:28:12.375   703.4  1732.0   -180.0   823.9   461.0
  17:28:12.421   701.1  1732.0   -180.0   821.6   461.0
  17:28:12.453   698.4  1732.0   -180.0   819.0   531.0
  17:28:12.500   696.3  1732.0   -180.0   816.7   711.0
  17:28:12.546   694.0  1732.0   -180.0   814.5   711.0
  17:28:12.578   691.6  1732.0   -180.0   812.0   921.0
  17:28:12.625   689.3  1732.0   -180.0   809.6   941.0
  17:28:12.671   687.0  1732.0   -180.0   807.3   941.0
  17:28:12.703   687.0  1732.0   -180.0   807.3   961.0
  17:28:12.750   684.7  1732.0   -180.0   805.0   961.0
  17:28:12.796   682.3  1732.0   -180.0   802.6   961.0
  17:28:12.843   679.7  1732.0   -180.0   800.0   971.0
  17:28:12.859   677.5  1732.0   -180.0   797.9   991.0
  17:28:12.906   677.5  1732.0   -180.0   797.9   971.0
  17:28:12.937   675.3  1732.0   -180.0   795.6   971.0
  17:28:12.984   673.0  1732.0   -180.0   793.3   971.0
  17:28:13.031   670.5  1732.0   -180.0   790.8   971.0
  17:28:13.078   668.3  1732.0   -180.0   788.6   971.0
  17:28:13.109   665.8  1732.0   -180.0   786.2   971.0
  17:28:13.156   663.6  1732.0   -180.0   783.9   971.0
  17:28:13.203   661.2  1732.0   -180.0   781.5   971.0
  17:28:13.250   658.8  1732.0   -180.0   779.2   971.0
  17:28:13.281   656.4  1732.0   -180.0   776.8   971.0
  17:28:13.328   656.4  1732.0   -180.0   776.8   971.0
  17:28:13.375   654.2  1732.0   -180.0   774.5   971.0
  17:28:13.421   651.8  1732.0   -180.0   772.2   971.0
  17:28:13.453   649.5  1732.0   -180.0   769.9   971.0
  17:28:13.500   647.2  1732.0   -180.0   767.6   971.0
  17:28:13.546   644.8  1732.0   -180.0   765.1   971.0
  17:28:13.593   642.5  1732.0   -180.0   762.8   971.0
  17:28:13.640   640.1  1732.0   -180.0   760.5   971.0
  17:28:13.671   637.8  1732.0   -180.0   758.1   971.0
  17:28:13.718   635.5  1732.0   -180.0   755.8   971.0
  17:28:13.765   633.1  1732.0   -180.0   753.4   981.0
  17:28:13.812   633.1  1732.0   -180.0   753.4   981.0
  17:28:13.843   630.8  1732.0   -180.0   751.1   971.0
  17:28:13.890   628.5  1732.0   -180.0   748.8   971.0
  17:28:13.937   626.0  1732.0   -180.0   746.3   971.0
  17:28:13.984   623.8  1732.0   -180.0   744.1   971.0
  17:28:14.031   621.4  1732.0   -180.0   741.7   971.0
  17:28:14.062   619.1  1732.0   -180.0   739.4   971.0
  17:28:14.109   616.8  1732.0   -180.0   737.1   971.0
  17:28:14.156   614.4  1732.0   -180.0   734.7   971.0
  17:28:14.203   614.4  1732.0   -180.0   734.7   971.0
  17:28:14.234   612.1  1732.0   -180.0   732.4   971.0
  17:28:14.281   609.7  1732.0   -180.0   730.0   971.0
  17:28:14.328   607.3  1732.0   -180.0   727.7   971.0
  17:28:14.375   605.1  1732.0   -180.0   725.4   971.0
  17:28:14.406   602.6  1732.0   -180.0   723.0   971.0
  17:28:14.468   600.3  1732.0   -180.0   720.6   971.0
  17:28:14.500   598.0  1732.0   -180.0   718.4   971.0
  17:28:14.546   595.7  1732.0   -180.0   716.0   971.0
  17:28:14.578   595.7  1732.0   -180.0   716.0   971.0
  17:28:14.609   593.3  1732.0   -180.0   713.7   991.0
  17:28:14.656   591.1  1732.0   -180.0   711.4   991.0
  17:28:14.687   588.7  1731.9   -180.0   709.0   971.0
  17:28:14.734   586.4  1731.9   -180.0   706.7   991.0
  17:28:14.765   586.4  1731.9   -180.0   706.7   991.0
  17:28:14.812   584.0  1731.9   -180.0   704.3   971.0
  17:28:14.859   581.6  1731.9   -180.0   702.0   971.0
  17:28:14.906   579.3  1731.9   -180.0   699.7   971.0
  17:28:14.937   577.0  1731.9   -180.0   697.3   971.0
  17:28:14.984   574.6  1731.9   -180.0   695.0   971.0
  17:28:15.031   572.3  1731.9   -180.0   692.6   971.0
  17:28:15.078   570.0  1731.9   -180.0   690.4   971.0
  17:28:15.109   570.0  1731.9   -180.0   690.4   971.0
  17:28:15.156   566.9  1731.9   -180.0   687.2   981.0
  17:28:15.203   564.5  1731.9   -180.0   684.9   971.0
  17:28:15.250   562.2  1731.9   -180.0   682.5   971.0
  17:28:15.281   558.7  1731.9   -180.0   679.1   971.0
  17:28:15.328   556.7  1731.9   -180.0   677.0   971.0
  17:28:15.375   556.7  1731.9   -180.0   677.0   971.0
  17:28:15.421   554.4  1731.9   -180.0   674.8   971.0
  17:28:15.468   552.0  1731.9   -180.0   672.4   971.0
  17:28:15.500   549.7  1731.9   -180.0   670.1   971.0
  17:28:15.546   547.3  1731.9   -180.0   667.6   981.0
  17:28:15.593   545.1  1731.9   -180.0   665.4   971.0
  17:28:15.640   542.7  1731.9   -180.0   663.0   971.0
  17:28:15.671   540.4  1731.9   -180.0   660.7   971.0
  17:28:15.718   540.4  1731.9   -180.0   660.7   971.0
  17:28:15.765   537.3  1731.9   -180.0   657.6   971.0
  17:28:15.812   534.9  1731.9   -180.0   655.3   971.0
  17:28:15.843   532.5  1731.9   -180.0   652.9   971.0
  17:28:15.890   530.2  1731.9   -180.0   650.5   971.0
  17:28:15.937   527.9  1731.9   -180.0   648.2   971.0
  17:28:15.984   525.5  1731.9   -180.0   645.8   971.0
  17:28:16.015   523.2  1731.9   -180.0   643.5   971.0
  17:28:16.062   523.2  1731.9   -180.0   643.5   981.0
  17:28:16.109   520.9  1731.9   -180.0   641.2   971.0
  17:28:16.156   518.5  1731.9   -180.0   638.8   971.0
  17:28:16.187   516.2  1731.9   -180.0   636.5   971.0
  17:28:16.234   513.8  1731.9   -180.0   634.1   971.0
  17:28:16.281   511.5  1731.9   -180.0   631.8   971.0
  17:28:16.328   509.2  1731.9   -180.0   629.5   971.0
  17:28:16.375   506.7  1731.9   -180.0   627.1   971.0
  17:28:16.406   504.5  1731.9   -180.0   624.8   971.0
  17:28:16.453   502.1  1731.9   -180.0   622.4   991.0
  17:28:16.500   502.1  1731.9   -180.0   622.4   971.0
  17:28:16.531   499.1  1731.9   -180.0   619.4   971.0
  17:28:16.578   496.6  1731.9   -180.0   617.0   981.0
  17:28:16.625   494.4  1731.9   -180.0   614.7   971.0
  17:28:16.671   491.9  1731.9   -180.0   612.2   971.0
  17:28:16.703   491.9  1731.9   -180.0   612.2   971.0
  17:28:16.718   489.6  1731.9   -180.0   610.0   971.0
  17:28:16.765   487.3  1731.9   -180.0   607.6   971.0
  17:28:16.812   485.0  1731.9   -180.0   605.4   971.0
  17:28:16.859   482.6  1731.9   -180.0   603.0   971.0
  17:28:16.890   482.6  1731.9   -180.0   603.0   971.0
  17:28:16.937   480.2  1731.9   -180.0   600.6   971.0
  17:28:16.984   478.0  1731.9   -180.0   598.3   971.0
  17:28:17.031   475.6  1731.9   -180.0   595.9   971.0
  17:28:17.062   473.3  1731.9   -180.0   593.6   971.0
  17:28:17.093   471.0  1731.9   -180.0   591.3   971.0
  17:28:17.156   468.7  1731.9   -180.0   589.0   971.0
  17:28:17.187   466.2  1731.9   -180.0   586.5   970.9
  17:28:17.234   464.0  1731.9   -180.0   584.3   970.9
  17:28:17.281   464.0  1731.9   -180.0   584.3   980.9
  17:28:17.312   461.6  1731.9   -180.0   582.0   980.9
  17:28:17.359   459.2  1731.9   -180.0   579.6   980.9
  17:28:17.437   454.5  1731.9   -180.0   574.8   980.9
  17:28:17.484   452.3  1731.9   -180.0   572.6   980.9
  17:28:17.531   449.9  1731.9   -180.0   570.3   970.9
  17:28:17.562   447.5  1731.9   -180.0   567.8   970.9
  17:28:17.609   447.5  1731.9   -180.0   567.8   970.9
  17:28:17.656   445.2  1731.9   -180.0   565.6   940.9
  17:28:17.703   442.8  1731.9   -180.0   563.2   920.9
  17:28:17.750   440.5  1731.9   -180.0   560.9   920.9
  17:28:17.781   438.1  1731.9   -180.0   558.5   870.9
  17:28:17.828   435.8  1731.9   -180.0   556.2   840.9
  17:28:17.875   433.5  1731.9   -180.0   553.8   840.9
  17:28:17.921   431.2  1731.9   -180.0   551.6   800.9
  17:28:17.953   428.8  1731.9   -180.0   549.2   800.9
  17:28:18.000   426.4  1731.9   -180.0   546.8   800.9
  17:28:18.046   426.4  1731.9   -180.0   546.9   780.9
  17:28:18.093   424.1  1731.9   -180.0   544.5   780.9
  17:28:18.125   421.8  1731.9   -180.0   542.2   790.9
  17:28:18.171   419.5  1731.9   -180.0   539.9   780.9
  17:28:18.218   417.2  1731.9   -180.0   537.6   780.9
  17:28:18.265   414.9  1731.9   -180.0   535.3   790.9
  17:28:18.296   412.5  1731.9   -180.0   532.9   790.9
  17:28:18.343   410.1  1731.9   -180.0   530.5   790.9
  17:28:18.390   407.8  1731.9   -180.0   528.2   790.9
  17:28:18.437   405.5  1731.9   -180.0   525.9   790.9
  17:28:18.468   405.5  1731.9   -180.0   525.9   790.9
  17:28:18.531   403.0  1731.9   -180.0   523.4   790.9
  17:28:18.562   400.8  1731.9   -180.0   521.2   790.9
  17:28:18.609   398.5  1731.9   -180.0   518.9   790.9
  17:28:18.656   396.1  1731.9   -180.0   516.5   790.9
  17:28:18.687   393.6  1731.9   -180.0   514.0   790.9
  17:28:18.734   391.3  1731.9   -180.0   511.7   790.9
  17:28:18.781   389.1  1731.9   -180.0   509.5   790.9
  17:28:18.828   386.8  1731.9   -180.0   507.2   790.9
  17:28:18.843   386.8  1731.9   -180.0   507.2   810.9
  17:28:18.890   384.3  1731.9   -180.0   504.7   810.9
  17:28:18.921   382.0  1731.9   -180.0   502.4   790.9
  17:28:18.968   379.8  1731.9   -180.0   500.2   780.9
  17:28:19.015   377.4  1731.9   -180.0   497.8   780.9
  17:28:19.046   375.1  1731.9   -180.0   495.5   780.9
  17:28:19.093   375.1  1731.9   -180.0   495.5   780.9
  17:28:19.140   372.6  1731.9   -180.0   493.0   780.9
  17:28:19.171   370.2  1731.9   -180.0   490.6   770.9
  17:28:19.218   368.0  1731.9   -180.0   488.4   780.9
  17:28:19.265   365.7  1731.9   -180.0   486.1   780.9
  17:28:19.312   363.3  1731.9   -180.0   483.7   780.9
  17:28:19.343   363.3  1731.9   -180.0   483.7   780.9
  17:28:19.390   360.3  1731.9   -180.0   480.7   780.9
  17:28:19.437   357.9  1731.9   -180.0   478.3   780.9
  17:28:19.484   355.5  1731.9   -180.0   475.9   780.9
  17:28:19.515   353.2  1731.8   -180.0   473.6   780.9
  17:28:19.562   350.8  1731.8   -180.0   471.2   780.9
  17:28:19.593   348.5  1731.8   -180.0   468.9   790.9
  17:28:19.640   346.2  1731.8   -180.0   466.6   800.9
  17:28:19.687   346.2  1731.8   -180.0   466.6   790.9
  17:28:19.750   341.4  1731.8   -180.0   461.8   800.9
  17:28:19.781   341.4  1731.8   -180.0   461.8   810.9
  17:28:19.812   339.2  1731.8   -180.0   459.6   810.9
  17:28:19.859   336.7  1731.8   -180.0   457.1   800.9
  17:28:19.906   334.5  1731.8   -180.0   454.9   800.9
  17:28:19.953   332.2  1731.8   -180.0   452.6   770.9
  17:28:20.031   327.5  1731.8   -180.0   447.9   770.9
  17:28:20.078   327.5  1731.8   -180.0   447.9   770.9
  17:28:20.109   325.0  1731.8   -180.0   445.4   720.9
  17:28:20.156   322.8  1731.8   -180.0   443.3   710.9
  17:28:20.171   320.4  1731.8   -180.0   440.8   710.9
  17:28:20.218   318.0  1731.8   -180.0   438.5   670.9
  17:28:20.265   318.0  1731.8   -180.0   438.5   590.9
  17:28:20.296   315.6  1731.8   -180.0   436.1   590.9
  17:28:20.359   310.7  1731.8   -180.0   431.3   460.9
  17:28:39.000   -55.6  1276.7   -120.0  1131.4   730.8
  17:28:39.046   -56.8  1274.7   -120.0  1130.2   728.8
  17:28:39.093   -56.8  1274.7   -120.0   965.6   823.7
  17:28:39.125   -58.0  1272.6   -120.0   921.1   846.6
  17:28:39.171   -59.2  1270.5   -120.0   919.9   844.5
  17:28:39.218   -60.3  1268.5   -120.0   814.8   902.5
  17:28:39.265   -61.5  1266.5   -120.0   779.0   920.4
  17:28:39.312   -62.7  1264.5   -120.0   777.8   918.4
  17:28:39.343   -63.8  1262.5   -120.0   742.0   936.4
  17:28:39.390   -65.0  1260.5   -120.0   740.9   934.4
  17:28:39.437   -66.1  1258.5   -120.0   739.7   932.4
  17:28:39.468   -66.1  1258.5   -120.0   722.4   942.4
  17:28:39.515   -67.3  1256.4   -120.0   721.2   940.3
  17:28:39.562   -68.6  1254.3   -120.0   719.9   938.2
  17:28:39.609   -69.6  1252.4   -120.0   710.2   941.3
  17:28:39.656   -70.8  1250.3   -120.0   709.0   939.2
  17:28:39.687   -72.0  1248.2   -120.0   707.8   937.1
  17:28:39.734   -73.2  1246.3   -120.0   706.7   935.2
  17:28:39.781   -74.4  1244.2   -120.0   696.8   938.1
  17:28:39.828   -75.5  1242.3   -120.0   695.7   936.1
  17:28:39.875   -76.7  1240.1   -120.0   694.4   934.0
  17:28:39.906   -77.8  1238.2   -120.0   693.3   932.0
  17:28:39.953   -77.8  1238.2   -120.0   693.3   932.0
  17:28:40.000   -79.0  1236.1   -120.0   674.8   940.0
  17:28:40.031   -80.2  1234.2   -120.0   673.7   938.0
  17:28:40.078   -81.4  1232.1   -120.0   672.5   935.9
  17:28:40.125   -82.5  1230.1   -120.0   671.3   933.9
  17:28:40.156   -83.7  1228.0   -120.0   670.2   931.9
  17:28:40.203   -84.9  1226.0   -120.0   669.0   929.8
  17:28:40.265   -86.1  1223.9   -120.0   659.1   932.8
  17:28:40.281   -86.1  1223.9   -120.0   659.1   932.8
  17:28:40.328   -87.6  1221.3   -120.0   657.6   930.2
  17:28:40.359   -87.6  1221.3   -120.0   649.0   935.2
  17:28:40.406   -89.1  1218.7   -120.0   647.4   932.5
  17:28:40.453   -90.3  1216.5   -120.0   646.2   930.4
  17:28:40.484   -91.5  1214.5   -120.0   636.4   933.3
  17:28:40.531   -92.6  1212.5   -120.0   626.6   936.4
  17:28:40.562   -93.9  1210.4   -120.0   625.4   934.2
  17:28:40.609   -93.9  1210.4   -120.0   625.4   934.2
  17:28:40.640   -95.0  1208.4   -120.0   615.5   937.2
  17:28:40.687   -96.2  1206.4   -120.0   614.4   935.2
  17:28:40.734   -97.3  1204.4   -120.0   613.2   933.3
  17:28:40.781   -98.5  1202.3   -120.0   603.4   936.1
  17:28:40.828   -99.6  1200.4   -120.0   602.2   934.2
  17:28:40.875  -100.9  1198.2   -120.0   592.3   937.1
  17:28:40.906  -100.9  1198.2   -120.0   592.3   937.1
  17:28:40.953  -102.4  1195.6   -120.0   590.8   934.4
  17:28:41.000  -103.5  1193.6   -120.0   581.0   937.4
  17:28:41.031  -104.7  1191.6   -120.0   579.9   935.4
  17:28:41.078  -105.9  1189.4   -120.0   578.6   933.3
  17:28:41.125  -107.0  1187.5   -120.0   568.8   936.3
  17:28:41.171  -108.3  1185.4   -120.0   559.0   939.2
  17:28:41.203  -109.5  1183.4   -120.0   557.8   937.2
  17:28:41.250  -110.6  1181.4   -120.0   556.7   935.2
  17:28:41.296  -110.6  1181.4   -120.0   556.7   935.2
  17:28:41.343  -111.8  1179.3   -120.0   555.4   933.1
  17:28:41.375  -112.9  1177.4   -120.0   554.3   931.2
  17:28:41.421  -114.1  1175.4   -120.0   544.5   934.2
  17:28:41.468  -115.2  1173.3   -120.0   543.3   932.1
  17:28:41.515  -116.4  1171.3   -120.0   550.8   925.1
  17:28:41.546  -117.6  1169.2   -120.0   549.6   923.0
  17:28:41.593  -118.7  1167.3   -120.0   548.5   921.1
  17:28:41.640  -119.9  1165.2   -120.0   547.3   919.0
  17:28:41.687  -121.1  1163.1   -120.0   546.1   916.9
  17:28:41.718  -121.1  1163.1   -120.0   546.1   916.9
  17:28:41.765  -122.2  1161.2   -120.0   545.0   915.0
  17:28:41.812  -123.5  1159.1   -120.0   543.8   912.9
  17:28:41.859  -124.6  1157.0   -120.0   542.6   910.9
  17:28:41.906  -125.8  1155.0   -120.0   541.4   908.8
  17:28:41.937  -126.9  1153.0   -120.0   540.3   906.8
  17:28:41.984  -128.1  1151.0   -120.0   539.1   904.8
  17:28:42.031  -129.2  1149.1   -120.0   546.7   897.9
  17:28:42.093  -130.4  1147.0   -120.0   545.5   895.8
  17:28:42.109  -131.6  1144.9   -120.0   544.3   893.7
  17:28:42.156  -131.6  1144.9   -120.0   544.3   893.7
  17:28:42.203  -132.8  1142.9   -120.0   543.1   891.7
  17:28:42.250  -133.9  1140.9   -120.0   541.9   889.7
  17:28:42.281  -135.1  1138.9   -120.0   540.8   887.7
  17:28:42.328  -136.3  1136.9   -120.0   539.6   885.7
  17:28:42.375  -137.5  1134.7   -120.0   538.4   883.5
  17:28:42.421  -138.6  1132.8   -120.0   545.9   876.6
  17:28:42.468  -139.8  1130.8   -120.0   544.8   874.6
  17:28:42.500  -140.9  1128.8   -120.0   543.6   872.6
  17:28:42.546  -142.1  1126.7   -120.0   542.4   870.5
  17:28:42.593  -143.3  1124.7   -120.0   541.3   868.5
  17:28:42.625  -143.3  1124.7   -120.0   541.3   868.5
  17:28:42.671  -144.4  1122.7   -120.0   540.1   866.5
  17:28:42.718  -145.7  1120.5   -120.0   538.9   864.3
  17:28:42.765  -146.8  1118.6   -120.0   537.8   862.4
  17:28:42.812  -148.0  1116.5   -120.0   536.6   860.3
  17:28:42.843  -149.2  1114.5   -120.0   535.4   858.3
  17:28:42.890  -150.3  1112.5   -120.0   534.2   856.3
  17:28:42.937  -151.5  1110.4   -120.0   533.1   854.3
  17:28:42.984  -152.6  1108.5   -120.0   531.9   852.3
  17:28:43.015  -152.6  1108.5   -120.0   531.9   852.3
  17:28:43.078  -155.0  1104.4   -120.0   529.6   848.2
  17:28:43.109  -155.0  1104.4   -120.0   529.6   848.2
  17:28:43.156  -156.1  1102.4   -120.0   537.1   841.3
  17:28:43.203  -157.3  1100.4   -120.0   535.9   839.2
  17:28:43.265  -158.5  1098.3   -120.0   534.7   837.1
  17:28:43.296  -159.7  1096.3   -120.0   533.5   835.1
  17:28:43.343  -160.9  1094.2   -120.0   532.4   833.0
  17:28:43.390  -162.0  1092.2   -120.0   531.2   831.0
  17:28:43.437  -163.2  1090.2   -120.0   530.0   829.0
  17:28:43.468  -164.4  1088.1   -120.0   528.9   827.0
  17:28:43.531  -165.5  1086.1   -120.0   527.7   824.9
  17:28:43.546  -166.7  1084.1   -120.0   526.5   822.9
  17:28:43.593  -166.7  1084.1   -120.0   535.2   817.9
  17:28:43.640  -167.8  1082.1   -120.0   534.1   816.0
  17:28:43.687  -169.0  1080.1   -120.0   532.9   814.0
  17:28:43.718  -170.2  1078.0   -120.0   531.7   811.8
  17:28:43.765  -171.4  1076.0   -120.0   530.5   809.8
  17:28:43.812  -172.5  1074.0   -120.0   529.4   807.8
  17:28:43.859  -173.7  1072.0   -120.0   528.2   805.8
  17:28:43.890  -174.9  1069.9   -120.0   527.0   803.8
  17:28:43.937  -176.0  1067.9   -120.0   525.8   801.7
  17:28:43.968  -176.0  1067.9   -120.0   525.8   801.7
  17:28:44.015  -177.2  1065.9   -120.0   524.7   799.7
  17:28:44.062  -178.4  1063.8   -120.0   532.2   792.7
  17:28:44.109  -179.6  1061.8   -120.0   531.0   790.6
  17:28:44.140  -180.7  1059.8   -120.0   529.9   788.7
  17:28:44.187  -181.8  1057.8   -120.0   528.7   786.6
  17:28:44.234  -183.0  1055.8   -120.0   527.6   784.7
  17:28:44.281  -184.2  1053.7   -120.0   526.3   782.5
  17:28:44.328  -184.2  1053.7   -120.0   526.3   782.5
  17:28:44.359  -185.3  1051.8   -120.0   525.2   780.6
  17:28:44.406  -186.5  1049.7   -120.0   524.0   778.5
  17:28:44.437  -187.7  1047.6   -120.0   522.8   776.4
  17:28:44.484  -188.9  1045.6   -120.0   521.6   774.4
  17:28:44.531  -190.0  1043.6   -120.0   520.5   772.4
  17:28:44.578  -191.2  1041.6   -120.0   528.0   765.4
  17:28:44.609  -192.4  1039.5   -120.0   526.8   763.3
  17:28:44.656  -193.6  1037.4   -120.0   525.6   761.3
  17:28:44.703  -194.7  1035.5   -120.0   524.5   759.3
  17:28:44.750  -196.0  1033.3   -120.0   523.2   757.2
  17:28:44.796  -196.0  1033.3   -120.0   523.2   757.2
  17:28:44.828  -197.1  1031.4   -120.0   522.1   755.2
  17:28:44.875  -198.2  1029.4   -120.0   529.7   748.3
  17:28:44.921  -199.4  1027.4   -120.0   528.5   746.3
  17:28:44.968  -200.7  1025.1   -120.0   527.2   743.9
  17:28:45.000  -201.8  1023.3   -120.0   517.4   747.1
  17:28:45.046  -202.9  1021.3   -120.0   516.3   745.2
  17:28:45.093  -204.0  1019.3   -120.0   523.8   738.2
  17:28:45.140  -205.2  1017.2   -120.0   522.6   736.1
  17:28:45.187  -206.4  1015.3   -120.0   521.5   734.1
  17:28:45.218  -206.4  1015.3   -120.0   521.5   734.1
  17:28:45.265  -207.6  1013.2   -120.0   520.3   732.0
  17:28:45.312  -208.7  1011.2   -120.0   519.2   730.0
  17:28:45.359  -209.9  1009.2   -120.0   518.0   728.0
  17:28:45.406  -211.1  1007.1   -120.0   508.1   731.0
  17:28:45.437  -212.3  1005.0   -120.0   506.9   728.8
  17:28:45.484  -213.5  1002.8   -120.0   523.0   716.7
  17:28:45.531  -214.6  1001.0   -120.0   530.6   709.8
  17:28:45.562  -215.7   999.0   -120.0   529.5   707.9
  17:28:45.609  -217.0   996.8   -120.0   528.2   705.6
  17:28:45.656  -217.0   996.8   -120.0   528.2   705.6
  17:28:45.703  -218.3   994.6   -120.0   518.3   708.5
  17:28:45.734  -219.3   992.9   -120.0   517.3   706.8
  17:28:45.781  -220.5   990.8   -120.0   516.1   704.7
  17:28:45.828  -221.7   988.6   -120.0   506.1   707.4
  17:28:45.875  -222.8   986.8   -120.0   505.1   705.6
  17:28:45.921  -224.0   984.8   -120.0   495.2   708.6
  17:28:45.953  -225.1   982.8   -120.0   485.4   711.6
  17:28:46.000  -226.3   980.7   -120.0   484.3   709.6
  17:28:46.046  -227.4   978.7   -120.0   474.4   712.6
  17:28:46.093  -228.6   976.7   -120.0   464.6   715.5
  17:28:46.140  -228.6   976.7   -120.0   464.6   715.5
  17:28:46.171  -229.8   974.7   -120.0   446.1   723.5
  17:28:46.218  -231.0   972.6   -120.0   444.9   721.4
  17:28:46.265  -232.1   970.7   -120.0   443.8   719.5
  17:28:46.296  -233.3   968.5   -120.0   442.6   717.3
  17:28:46.343  -234.5   966.6   -120.0   441.4   715.4
  17:28:46.390  -235.6   964.6   -120.0   440.3   713.4
  17:28:46.437  -236.7   962.6   -120.0   439.2   711.4
  17:28:46.468  -238.0   960.4   -120.0   437.9   709.2
  17:28:46.515  -238.0   960.4   -120.0   437.9   709.2
  17:28:46.562  -239.1   958.5   -120.0   436.8   707.3
  17:28:46.609  -240.3   956.5   -120.0   435.6   705.3
  17:28:46.656  -241.5   954.4   -120.0   443.1   698.2
  17:28:46.687  -242.7   952.2   -120.0   441.8   696.0
  17:28:46.734  -243.8   950.4   -120.0   440.8   694.2
  17:28:46.781  -245.0   948.2   -120.0   439.5   692.1
  17:28:46.812  -246.1   946.4   -120.0   447.1   685.2
  17:28:46.859  -247.3   944.3   -120.0   445.9   683.1
  17:28:46.906  -248.4   942.3   -120.0   444.8   681.1
  17:28:46.953  -249.7   940.2   -120.0   443.6   679.0
  17:28:47.000  -249.7   940.2   -120.0   443.6   679.0
  17:28:47.031  -250.8   938.3   -120.0   442.4   677.1
  17:28:47.078  -252.0   936.2   -120.0   441.2   675.0
  17:28:47.125  -253.2   934.1   -120.0   440.0   672.9
  17:28:47.171  -254.3   932.2   -120.0   438.9   671.0
  17:28:47.203  -255.4   930.1   -120.0   437.8   669.0
  17:28:47.250  -256.7   928.0   -120.0   436.5   666.8
  17:28:47.296  -257.8   926.1   -120.0   435.4   664.9
  17:28:47.343  -259.0   924.0   -120.0   434.2   662.8
  17:28:47.375  -260.2   922.0   -120.0   433.0   660.8
  17:28:47.421  -260.2   922.0   -120.0   433.0   660.8
  17:28:47.468  -261.3   920.0   -120.0   431.9   658.8
  17:28:47.515  -262.5   917.9   -120.0   430.7   656.8
  17:28:47.546  -263.7   915.8   -120.0   429.5   654.6
  17:28:47.593  -264.8   913.9   -120.0   428.4   652.8
  17:28:47.640  -266.0   911.9   -120.0   427.2   650.7
  17:28:47.687  -267.2   909.8   -120.0   434.7   643.6
  17:28:47.718  -268.3   907.8   -120.0   433.5   641.6
  17:28:47.765  -269.5   905.7   -120.0   432.3   639.5
  17:28:47.812  -269.5   905.7   -120.0   432.3   639.5
  17:28:47.843  -270.7   903.8   -120.0   413.9   647.6
  17:28:47.890  -271.8   901.7   -120.0   412.7   645.5
  17:28:47.937  -273.0   899.7   -120.0   428.9   633.5
  17:28:47.968  -274.2   897.7   -120.0   419.1   636.5
  17:28:48.015  -275.4   895.6   -120.0   417.9   634.4
  17:28:48.062  -276.5   893.6   -120.0   434.0   622.4
  17:28:48.109  -277.7   891.6   -120.0   432.9   620.4
  17:28:48.156  -278.8   889.6   -120.0   431.7   618.4
  17:28:48.187  -280.0   887.5   -120.0   430.5   616.3
  17:28:48.234  -280.0   887.5   -120.0   430.5   616.3
  17:28:48.281  -281.2   885.5   -120.0   429.4   614.3
  17:28:48.328  -282.4   883.4   -120.0   428.2   612.3
  17:28:48.390  -283.6   881.3   -120.0   426.9   610.2
  17:28:48.406  -285.0   879.0   -120.0   425.6   607.8
  17:28:48.453  -285.0   879.0   -120.0   425.6   607.8
  17:28:48.484  -286.2   876.7   -120.0   433.0   600.6
  17:28:48.531  -287.4   874.8   -120.0   431.8   598.6
  17:28:48.578  -288.6   872.7   -120.0   430.6   596.5
  17:28:48.625  -289.7   870.7   -120.0   438.1   589.5
  17:28:48.671  -290.9   868.6   -120.0   436.9   587.4
  17:28:48.703  -292.1   866.6   -120.0   435.8   585.5
  17:28:48.750  -292.8   865.4   -120.0   435.1   584.3
  17:28:48.812  -292.8   865.4   -120.0   435.1   584.2
  17:28:48.843  -292.8   865.4   -120.0   435.1   584.2
  17:28:48.859  -292.8   865.4   -120.0   443.7   579.2
  17:28:48.890  -292.8   865.4   -120.0   443.7   579.2
  17:28:48.937  -292.8   865.4   -120.0   443.7   579.2
  17:28:48.984  -292.8   865.4   -120.0   443.7   579.2
  17:28:49.250  -292.8   865.4   -120.0   443.7   579.2
  17:28:49.250  -292.8   865.4   -120.0   443.7   579.2
  17:28:49.250  -292.8   865.4   -120.0   443.7   579.2
  17:28:49.250  -292.8   865.4   -120.0   443.7   579.2
  17:28:49.250  -292.8   865.4   -120.0   452.4   574.2
  17:28:49.250  -292.8   865.4   -120.0   452.4   574.2
  17:28:49.281  -292.8   865.4   -120.0   443.7   579.2
  17:28:49.328  -292.8   865.4   -120.0   443.7   579.2
  17:28:49.359  -292.8   865.4   -120.0   443.7   579.2
  17:28:49.406  -292.8   865.4   -120.0   443.7   579.2
  17:28:49.453  -292.8   865.4   -120.0   443.7   579.2
  17:28:49.500  -292.8   865.4   -120.0   443.7   579.2
  17:28:49.531  -292.8   865.4   -120.0   443.7   579.2
  17:28:49.609  -292.8   865.4   -120.0   443.7   579.2
  17:28:49.625  -292.8   865.4   -120.0   443.7   579.2
  17:28:49.671  -292.8   865.4   -120.0   443.7   579.2
  17:28:49.703  -292.8   865.4   -120.0   443.7   579.2
  17:29:01.593  -181.7   537.6    -71.3  1021.4  1072.1
  17:29:01.640  -181.0   535.4    -71.3  1022.1  1070.0
  17:29:01.671  -180.2   533.1    -71.3   899.8  1025.9
  17:29:01.718  -179.4   530.9    -71.3   834.2  1001.3
  17:29:01.765  -178.7   528.8    -71.3   834.9   999.1
  17:29:01.812  -178.7   528.8    -71.3   531.9   896.4
  17:29:01.843  -178.0   526.5    -71.3   532.7   894.1
  17:29:01.890  -177.2   524.4    -71.3   533.4   891.9
  17:29:01.937  -176.5   522.2    -71.3   534.1   889.7
  17:29:01.984  -175.7   519.8    -71.3   534.9   887.4
  17:29:02.031  -174.9   517.7    -71.3   545.1   888.5
  17:29:02.078  -174.2   515.4    -71.3   545.9   886.2
  17:29:02.109  -173.5   513.3    -71.3   546.6   884.1
  17:29:02.156  -172.7   511.0    -71.3   547.4   881.8
  17:29:02.203  -172.7   511.0    -71.3   547.4   881.8
  17:29:02.234  -171.9   508.8    -71.3   538.7   876.4
  17:29:02.281  -171.2   506.6    -71.3   539.4   874.2
  17:29:02.328  -170.4   504.4    -71.3   540.2   872.0
  17:29:02.375  -169.7   502.1    -71.3   540.9   869.7
  17:29:02.421  -168.9   499.9    -71.3   541.7   867.5
  17:29:02.453  -168.2   497.8    -71.3   542.4   865.4
  17:29:02.500  -167.4   495.5    -71.3   543.2   863.0
  17:29:02.546  -166.7   493.3    -71.3   543.9   860.8
  17:29:02.593  -166.0   491.1    -71.3   544.7   858.7
  17:29:02.625  -166.0   491.1    -71.3   544.7   858.7
  17:29:02.671  -165.2   488.9    -71.3   545.4   856.5
  17:29:02.718  -164.4   486.7    -71.3   546.2   854.2
  17:29:02.750  -163.7   484.4    -71.3   546.9   852.0
  17:29:02.812  -162.9   482.2    -71.3   547.7   849.8
  17:29:02.843  -162.2   480.0    -71.3   548.4   847.6
  17:29:02.890  -161.4   477.8    -71.3   539.7   842.2
  17:29:02.921  -161.4   477.8    -71.3   539.7   842.2
  17:29:02.968  -160.6   475.3    -71.3   540.6   839.6
  17:29:03.031  -159.7   472.7    -71.3   541.4   837.1
  17:29:03.046  -158.9   470.4    -71.3   542.2   834.8
  17:29:03.093  -158.2   468.2    -71.3   543.0   832.6
  17:29:03.171  -157.4   465.8    -71.3   543.8   830.1
  17:29:03.171  -157.4   465.8    -71.3   543.8   830.1
  17:29:03.218  -156.3   462.8    -71.3   544.8   827.2
  17:29:03.265  -155.7   460.8    -71.3   545.5   825.2
  17:29:03.312  -154.9   458.6    -71.3   546.2   822.9
  17:29:03.343  -154.1   456.2    -71.3   537.5   817.4
  17:29:03.406  -153.4   454.2    -71.3   538.2   815.3
  17:29:03.421  -153.4   454.2    -71.3   538.2   815.3
  17:29:03.468  -152.6   451.8    -71.3   548.5   816.2
  17:29:03.515  -151.9   449.7    -71.3   539.8   810.9
  17:29:03.562  -151.1   447.4    -71.3   540.5   808.6
  17:29:03.593  -150.4   445.2    -71.3   522.3   800.0
  17:29:03.640  -150.4   445.2    -71.3   522.3   800.0
  17:29:03.671  -149.4   442.3    -71.3   542.3   803.5
  17:29:03.718  -148.6   440.1    -71.3   543.0   801.2
  17:29:03.765  -147.9   437.9    -71.3   534.3   795.8
  17:29:03.812  -147.1   435.6    -71.3   544.5   796.8
  17:29:03.828  -147.1   435.6    -71.3   544.5   796.8
  17:29:03.875  -146.4   433.4    -71.3   545.3   794.6
  17:29:03.906  -145.7   431.2    -71.3   546.0   792.4
  17:29:03.953  -144.9   429.0    -71.3   546.8   790.1
  17:29:04.000  -144.1   426.8    -71.3   547.5   787.9
  17:29:04.046  -143.4   424.7    -71.3   548.2   785.8
  17:29:04.078  -142.6   422.3    -71.3   539.6   780.2
  17:29:04.125  -141.9   420.3    -71.3   540.3   778.2
  17:29:04.171  -141.2   418.0    -71.3   541.0   776.0
  17:29:04.218  -140.4   415.8    -71.3   541.8   773.8
  17:29:04.250  -140.4   415.8    -71.3   541.8   773.8
  17:29:04.296  -139.6   413.5    -71.3   542.5   771.5
  17:29:04.343  -138.9   411.4    -71.3   543.3   769.3
  17:29:04.390  -138.1   409.1    -71.3   544.0   767.1
  17:29:04.421  -137.4   406.9    -71.3   544.8   764.8
  17:29:04.468  -136.6   404.6    -71.3   545.6   762.5
  17:29:04.515  -135.9   402.5    -71.3   546.3   760.4
  17:29:04.562  -135.2   400.3    -71.3   547.0   758.2
  17:29:04.609  -134.4   398.0    -71.3   547.8   756.0
  17:29:04.640  -133.6   395.8    -71.3   539.1   750.5
  17:29:04.687  -133.6   395.8    -71.3   539.1   750.5
  17:29:04.734  -132.9   393.6    -71.3   539.8   748.3
  17:29:04.765  -132.1   391.4    -71.3   540.6   746.1
  17:29:04.812  -131.4   389.1    -71.3   541.4   743.9
  17:29:04.859  -130.6   387.0    -71.3   542.1   741.7
  17:29:04.906  -129.9   384.7    -71.3   533.4   736.3
  17:29:04.953  -129.1   382.4    -71.3   534.1   734.0
  17:29:04.984  -128.4   380.3    -71.3   534.9   731.8
  17:29:05.031  -127.6   378.1    -71.3   535.6   729.6
  17:29:05.078  -126.9   375.9    -71.3   536.4   727.4
  17:29:05.125  -126.9   375.9    -71.3   526.9   724.2
  17:29:05.171  -126.1   373.6    -71.3   518.2   718.7
  17:29:05.203  -125.4   371.5    -71.3   518.9   716.6
  17:29:05.250  -124.6   369.2    -71.3   481.8   701.5
  17:29:05.296  -123.8   366.9    -71.3   463.6   692.8
  17:29:05.343  -123.1   364.9    -71.3   464.3   690.7
  17:29:05.375  -122.4   362.5    -71.3   465.1   688.4
  17:29:05.421  -121.6   360.3    -71.3   456.4   682.9
  17:29:05.468  -120.9   358.2    -71.3   466.6   684.0
  17:29:05.515  -120.1   355.9    -71.3   457.9   678.6
  17:29:05.546  -120.1   355.9    -71.3   457.9   678.6
  17:29:05.578  -119.4   353.7    -71.3   458.7   676.3
  17:29:05.625  -118.6   351.4    -71.3   459.4   674.1
  17:29:05.687  -117.6   348.4    -71.3   460.4   671.1
  17:29:05.718  -117.6   348.4    -71.3   460.4   671.1
  17:29:05.750  -116.5   345.3    -71.3   461.5   668.0
  17:29:05.796  -115.9   343.4    -71.3   462.2   666.0
  17:29:05.859  -115.1   341.1    -71.3   462.9   663.8
  17:29:05.890  -114.4   338.9    -71.3   463.7   661.6
  17:29:05.921  -114.4   338.9    -71.3   463.7   661.6
  17:29:05.953  -113.3   335.8    -71.3   464.7   658.5
  17:29:06.000  -112.6   333.7    -71.3   456.0   653.1
  17:29:06.046  -111.9   331.6    -71.3   456.7   651.0
  17:29:06.078  -111.1   329.4    -71.3   457.4   648.8
  17:29:06.125  -111.1   329.4    -71.3   457.4   648.8
  17:29:06.171  -110.3   327.1    -71.3   458.2   646.5
  17:29:06.203  -109.6   324.9    -71.3   458.9   644.3
  17:29:06.265  -108.8   322.7    -71.3   459.7   642.1
  17:29:06.296  -108.0   320.3    -71.3   460.5   639.7
  17:29:06.343  -107.4   318.3    -71.3   461.2   637.7
  17:29:06.375  -106.6   316.1    -71.3   461.9   635.6
  17:29:06.421  -105.9   313.9    -71.3   462.7   633.3
  17:29:06.468  -105.0   311.4    -71.3   463.5   630.8
  17:29:06.515  -104.4   309.5    -71.3   454.7   625.7
  17:29:06.562  -104.4   309.5    -71.3   454.7   625.7
  17:29:06.593  -103.6   307.1    -71.3   455.5   623.4
  17:29:06.656  -102.8   305.0    -71.3   456.2   621.2
  17:29:06.687  -101.9   302.2    -71.3   457.2   618.4
  17:29:06.718  -101.1   299.8    -71.3   458.0   616.0
  17:29:06.781  -100.4   297.6    -71.3   458.7   613.9
  17:29:06.812  -100.4   297.6    -71.3   458.7   613.9
  17:29:06.859   -99.6   295.3    -71.3   459.5   611.5
  17:29:06.906   -98.8   293.0    -71.3   450.8   606.0
  17:29:06.937   -97.8   290.0    -71.3   451.8   603.0
  17:29:07.015   -97.1   288.0    -71.3   462.0   604.3
  17:29:07.031   -96.3   285.7    -71.3   462.7   602.0
  17:29:07.078   -96.3   285.7    -71.3   462.7   602.0
  17:29:07.125   -95.3   282.8    -71.3   463.7   599.0
  17:29:07.187   -93.8   278.3    -71.3   465.3   594.5
  17:29:07.218   -93.8   278.3    -71.3   465.3   594.5
  17:29:07.281   -92.3   274.0    -71.3   466.7   590.2
  17:29:07.312   -92.3   274.0    -71.3   457.3   587.0
  17:29:07.359   -91.6   271.7    -71.3   458.0   584.7
  17:29:07.406   -90.8   269.5    -71.3   458.8   582.5
  17:29:07.437   -90.1   267.2    -71.3   459.5   580.3
  17:29:07.468   -90.1   267.2    -71.3   459.5   580.3
  17:29:07.531   -89.2   264.6    -71.3   460.4   577.6
  17:29:07.546   -88.3   262.1    -71.3   461.3   575.1
  17:29:07.593   -87.5   259.7    -71.3   462.1   572.7
  17:29:07.640   -86.8   257.8    -71.3   462.8   570.8
  17:29:07.671   -86.8   257.8    -71.3   462.8   570.8
  17:29:07.718   -86.1   255.5    -71.3   463.5   568.5
  17:29:07.765   -85.3   253.2    -71.3   464.3   566.2
  17:29:07.812   -84.6   251.1    -71.3   455.6   560.9
  17:29:07.843   -83.8   248.8    -71.3   456.3   558.6
  17:29:07.890   -83.8   248.8    -71.3   465.8   561.8
  17:29:07.937   -82.9   246.0    -71.3   476.2   562.2
  17:29:07.984   -81.6   242.3    -71.3   477.5   558.6
  17:29:08.031   -80.8   239.9    -71.3   478.3   556.2
  17:29:08.078   -80.0   237.7    -71.3   479.0   553.9
  17:29:08.109   -79.3   235.6    -71.3   479.7   551.8
  17:29:08.156   -79.3   235.6    -71.3   489.2   555.0
  17:29:08.203   -78.6   233.3    -71.3   490.0   552.8
  17:29:08.234   -77.8   231.1    -71.3   490.7   550.6
  17:29:08.281   -77.1   228.9    -71.3   491.5   548.3
  17:29:08.328   -76.3   226.7    -71.3   501.7   549.3
  17:29:08.375   -75.6   224.5    -71.3   502.5   547.1
  17:29:08.406   -74.8   222.2    -71.3   522.2   551.3
  17:29:08.453   -74.1   220.1    -71.3   522.9   549.2
  17:29:08.500   -73.3   217.9    -71.3   523.6   547.0
  17:29:08.546   -72.6   215.7    -71.3   533.9   547.9
  17:29:08.578   -72.6   215.7    -71.3   533.9   547.9
  17:29:08.625   -71.8   213.5    -71.3   534.6   545.7
  17:29:08.671   -71.0   211.2    -71.3   535.4   543.4
  17:29:08.718   -70.2   208.7    -71.3   545.7   544.2
  17:29:08.765   -69.5   206.6    -71.3   546.4   542.1
  17:29:08.796   -68.8   204.6    -71.3   556.6   543.3
  17:29:08.843   -68.0   202.3    -71.3   557.3   541.0
  17:29:08.890   -67.3   200.0    -71.3   558.1   538.7
  17:29:08.921   -66.6   197.9    -71.3   558.8   536.6
  17:29:08.984   -65.8   195.7    -71.3   569.0   537.6
  17:29:09.015   -65.0   193.4    -71.3   569.8   535.3
  17:29:09.062   -65.0   193.4    -71.3   579.3   538.6
  17:29:09.109   -64.3   191.2    -71.3   580.0   536.4
  17:29:09.140   -63.6   189.1    -71.3   580.8   534.2
  17:29:09.187   -62.8   186.8    -71.3   581.5   531.9
  17:29:09.234   -62.0   184.6    -71.3   591.7   532.9
  17:29:09.281   -61.3   182.4    -71.3   592.5   530.8
  17:29:09.312   -60.5   180.0    -71.3   602.8   531.6
  17:29:09.359   -59.8   178.0    -71.3   612.9   532.7
  17:29:09.406   -59.0   175.8    -71.3   613.7   530.5
  17:29:09.453   -59.0   175.8    -71.3   613.7   530.5
  17:29:09.484   -58.3   173.5    -71.3   623.9   531.5
  17:29:09.531   -57.5   171.2    -71.3   615.2   526.0
  17:29:09.578   -56.8   169.0    -71.3   625.4   527.0
  17:29:09.625   -56.0   166.9    -71.3   635.6   528.1
  17:29:09.656   -55.3   164.6    -71.3   636.4   525.8
  17:29:09.703   -54.5   162.5    -71.3   637.1   523.7
  17:29:09.750   -53.8   160.2    -71.3   647.4   524.6
  17:29:09.796   -53.0   158.0    -71.3   648.1   522.3
  17:29:09.843   -52.3   155.8    -71.3   667.8   526.6
  17:29:09.875   -52.3   155.8    -71.3   667.8   526.6
  17:29:09.921   -51.5   153.6    -71.3   668.5   524.4
  17:29:09.968   -50.6   151.0    -71.3   678.9   525.0
  17:29:10.015   -50.0   149.2    -71.3   679.5   523.2
  17:29:10.062   -49.3   146.9    -71.3   680.3   521.0
  17:29:10.109   -48.5   144.7    -71.3   690.5   521.9
  17:29:10.140   -47.8   142.5    -71.3   710.2   526.1
  17:29:10.187   -47.0   140.3    -71.3   701.5   520.7
  17:29:10.234   -46.3   138.0    -71.3   711.7   521.7
  17:29:10.265   -45.5   135.9    -71.3   750.3   532.4
  17:29:10.312   -44.8   133.6    -71.3   751.1   530.1
  17:29:10.359   -44.8   133.6    -71.3  1148.8   665.0
  17:29:10.406   -44.0   131.5    -71.3  1187.5   675.6
  17:29:10.437   -43.2   129.1    -71.3  1188.3   673.3
