Тестовая информация 0. Исходные сенсорные данные: Time, X_rob, Y_rob, Ang_rob, X_obj, Y_obj (мм, град)
16:55:39.109 0.0 0.0 55.7 512.5 752.0
16:55:39.156 0.0 0.0 55.5 498.3 725.3
16:55:39.187 0.0 0.0 55.3 501.4 723.2
16:55:39.234 0.0 0.0 55.3 421.6 608.1
16:55:39.265 0.0 0.0 55.0 418.4 598.2
16:55:39.312 0.0 0.0 54.8 420.9 596.4
16:55:39.359 0.0 0.0 54.6 405.8 570.4
16:55:39.406 0.0 0.0 54.3 408.2 568.7
16:55:39.437 0.0 0.0 54.1 410.5 567.0
16:55:39.500 0.0 0.0 53.9 395.1 541.1
16:55:39.531 0.0 0.0 53.6 391.4 531.4
16:55:39.578 0.0 0.0 53.6 391.4 531.4
16:55:39.609 0.0 0.0 53.4 387.6 521.8
16:55:39.656 0.0 0.0 53.2 389.7 520.2
16:55:39.703 0.0 0.0 52.9 391.8 518.7
16:55:39.750 0.0 0.0 52.7 393.9 517.0
16:55:39.796 0.0 0.0 52.5 396.1 515.4
16:55:39.843 0.0 0.0 52.2 398.2 513.8
16:55:39.875 0.0 0.0 52.0 394.1 504.3
16:55:39.906 0.0 0.0 52.0 394.1 504.3
16:55:39.937 0.0 0.0 51.7 396.3 502.6
16:55:39.984 0.0 0.0 51.5 398.2 501.1
16:55:40.031 0.0 0.0 51.3 400.2 499.5
16:55:40.078 0.0 0.0 51.1 402.3 497.7
16:55:40.109 0.0 0.0 51.1 396.0 490.0
16:55:40.156 0.0 0.0 50.7 398.6 487.8
16:55:40.203 0.0 0.0 50.5 400.7 486.2
16:55:40.250 0.0 0.0 50.3 396.2 476.9
16:55:40.296 0.0 0.0 50.0 398.2 475.2
16:55:40.328 0.0 0.0 49.8 400.2 473.5
16:55:40.375 0.0 0.0 49.6 402.1 472.0
16:55:40.421 0.0 0.0 49.3 403.9 470.4
16:55:40.468 0.0 0.0 49.1 405.9 468.7
16:55:40.500 0.0 0.0 48.9 407.8 467.0
16:55:40.546 0.0 0.0 48.9 407.8 467.0
16:55:40.593 0.0 0.0 48.6 409.7 465.3
16:55:40.640 0.0 0.0 48.4 411.6 463.6
16:55:40.671 0.0 0.0 48.2 413.4 462.0
16:55:40.718 0.0 0.0 47.9 415.4 460.3
16:55:40.765 0.0 0.0 47.7 410.5 451.2
16:55:40.812 0.0 0.0 47.5 412.3 449.5
16:55:40.843 0.0 0.0 47.2 414.2 447.8
16:55:40.890 0.0 0.0 47.0 409.2 438.8
16:55:40.937 0.0 0.0 46.8 411.0 437.1
16:55:40.984 0.0 0.0 46.8 417.8 444.4
16:55:41.015 0.0 0.0 46.5 412.8 435.5
16:55:41.062 0.0 0.0 46.3 414.6 433.7
16:55:41.109 0.0 0.0 46.1 416.3 432.1
16:55:41.156 0.0 0.0 45.8 418.1 430.4
16:55:41.187 0.0 0.0 45.6 419.8 428.7
16:55:41.234 0.0 0.0 45.4 421.6 426.9
16:55:41.281 0.0 0.0 45.1 430.3 432.3
16:55:41.328 0.0 0.0 44.9 432.2 430.5
16:55:41.375 0.0 0.0 44.7 433.8 428.8
16:55:41.406 0.0 0.0 44.7 433.8 428.8
16:55:41.453 0.0 0.0 44.4 435.6 427.1
16:55:41.500 0.0 0.0 44.2 437.3 425.3
16:55:41.546 0.0 0.0 43.9 439.2 423.3
16:55:41.578 0.0 0.0 43.7 440.9 421.6
16:55:41.625 0.0 0.0 43.5 442.6 419.8
16:55:41.671 0.0 0.0 43.3 444.3 418.0
16:55:41.718 0.0 0.0 43.0 446.1 416.1
16:55:41.765 0.0 0.0 42.8 447.6 414.4
16:55:41.796 0.0 0.0 42.6 449.3 412.6
16:55:41.843 0.0 0.0 42.3 451.0 410.7
16:55:41.890 0.0 0.0 42.3 451.0 410.7
16:55:41.937 0.0 0.0 42.1 445.3 402.2
16:55:41.984 0.0 0.0 41.8 447.0 400.3
16:55:42.015 0.0 0.0 41.6 448.6 398.4
16:55:42.062 0.0 0.0 41.4 450.1 396.7
16:55:42.109 0.0 0.0 41.1 451.8 394.8
16:55:42.156 0.0 0.0 40.9 453.3 393.0
16:55:42.187 0.0 0.0 40.7 454.9 391.2
16:55:42.234 0.0 0.0 40.5 456.5 389.3
16:55:42.265 0.0 0.0 40.5 456.5 389.3
16:55:42.312 0.0 0.0 40.2 458.2 387.4
16:55:42.359 0.0 0.0 40.0 459.8 385.5
16:55:42.390 0.0 0.0 39.8 461.3 383.7
16:55:42.437 0.0 0.0 39.5 462.9 381.8
16:55:42.484 0.0 0.0 39.3 464.5 379.8
16:55:42.531 0.0 0.0 39.0 466.0 378.0
16:55:42.562 0.0 0.0 39.0 466.0 378.0
16:55:42.609 0.0 0.0 38.8 467.7 375.8
16:55:42.656 0.0 0.0 38.5 469.6 373.5
16:55:42.703 0.0 0.0 38.3 478.9 377.8
16:55:42.750 0.0 0.0 38.0 480.4 375.9
16:55:42.781 0.0 0.0 37.8 482.0 373.9
16:55:42.828 0.0 0.0 37.6 483.6 371.8
16:55:42.875 0.0 0.0 37.3 485.1 369.9
16:55:42.906 0.0 0.0 37.1 486.6 367.9
16:55:42.953 0.0 0.0 37.1 486.6 367.9
16:55:43.000 0.0 0.0 36.9 488.0 366.0
16:55:43.046 0.0 0.0 36.6 489.5 364.0
16:55:43.078 0.0 0.0 36.4 491.0 361.9
16:55:43.125 0.0 0.0 36.2 492.5 359.9
16:55:43.171 0.0 0.0 35.9 493.9 358.0
16:55:43.203 0.0 0.0 35.7 495.4 355.9
16:55:43.250 0.0 0.0 35.5 496.8 354.0
16:55:43.296 0.0 0.0 35.5 504.9 359.8
16:55:43.343 0.0 0.0 35.2 506.5 357.6
16:55:43.375 0.0 0.0 35.0 508.0 355.5
16:55:43.406 0.0 0.0 34.8 509.4 353.4
16:55:43.437 0.0 0.0 34.5 510.8 351.3
16:55:43.484 0.0 0.0 34.3 512.3 349.2
16:55:43.531 0.0 0.0 34.3 520.5 354.9
16:55:43.578 0.0 0.0 34.1 521.9 352.9
16:55:43.609 0.0 0.0 33.7 523.9 349.9
16:55:43.656 0.0 0.0 33.5 525.2 347.9
16:55:43.703 0.0 0.0 33.3 526.6 345.8
16:55:43.750 0.0 0.0 33.1 528.0 343.6
16:55:43.796 0.0 0.0 33.1 536.4 349.1
16:55:43.828 0.0 0.0 32.8 537.9 346.8
16:55:43.875 0.0 0.0 32.6 539.3 344.6
16:55:43.921 0.0 0.0 32.3 540.7 342.5
16:55:43.968 0.0 0.0 32.1 542.1 340.2
16:55:44.000 0.0 0.0 31.9 543.5 338.0
16:55:44.046 0.0 0.0 31.6 544.9 335.7
16:55:44.093 0.0 0.0 31.4 554.7 338.8
16:55:44.140 0.0 0.0 31.2 556.1 336.5
16:55:44.171 0.0 0.0 31.2 564.7 341.7
16:55:44.218 0.0 0.0 30.9 575.1 343.7
16:55:44.265 0.0 0.0 30.6 576.6 341.3
16:55:44.312 0.0 0.0 30.4 586.6 344.0
16:55:44.359 0.0 0.0 30.2 579.3 336.6
16:55:44.390 0.0 0.0 29.9 580.7 334.3
16:55:44.437 0.0 0.0 29.7 599.4 341.8
16:55:44.484 0.0 0.0 29.5 609.5 344.2
16:55:44.531 0.0 0.0 29.2 610.9 341.7
16:55:44.578 0.0 0.0 29.2 724.4 405.2
16:55:44.609 0.0 0.0 28.9 752.5 416.3
16:55:44.656 0.0 0.0 28.7 754.5 412.8
16:55:52.218 0.0 0.0 -8.3 1138.0 -165.5
16:55:52.265 0.0 0.0 -8.5 1137.4 -170.0
16:55:52.312 0.0 0.0 -8.8 770.9 -119.0
16:55:52.343 0.0 0.0 -8.8 761.0 -117.5
16:55:52.390 0.0 0.0 -9.0 760.5 -120.3
16:55:52.437 0.0 0.0 -9.2 710.7 -115.2
16:55:52.484 0.0 0.0 -9.4 680.7 -113.2
16:55:52.531 0.0 0.0 -9.7 680.2 -116.1
16:55:52.734 0.0 0.0 -9.9 669.8 -117.1
16:55:52.734 0.0 0.0 -9.9 669.8 -117.1
16:55:52.734 0.0 0.0 -9.9 669.8 -117.1
16:55:52.734 0.0 0.0 -9.9 669.8 -117.1
16:55:52.734 0.0 0.0 -9.9 660.0 -115.4
16:55:52.781 0.0 0.0 -10.7 658.4 -124.4
16:55:52.828 0.0 0.0 -11.2 647.5 -127.9
16:55:52.906 0.0 0.0 -11.4 647.0 -130.4
16:55:52.921 0.0 0.0 -11.4 647.0 -130.4
16:55:52.968 0.0 0.0 -11.8 646.0 -135.1
16:55:53.000 0.0 0.0 -12.0 645.5 -137.5
16:55:53.046 0.0 0.0 -12.3 644.9 -140.2
16:55:53.093 0.0 0.0 -12.5 644.4 -142.7
16:55:53.140 0.0 0.0 -12.7 643.8 -145.4
16:55:53.171 0.0 0.0 -13.0 643.1 -148.4
16:55:53.218 0.0 0.0 -13.0 633.4 -146.1
16:55:53.250 0.0 0.0 -13.2 632.9 -148.3
16:55:53.296 0.0 0.0 -13.4 641.9 -153.5
16:55:53.390 0.0 0.0 -13.8 631.3 -154.6
16:55:53.437 0.0 0.0 -13.8 631.3 -154.6
16:55:53.437 0.0 0.0 -13.8 631.3 -154.6
16:55:53.453 0.0 0.0 -14.4 629.6 -161.4
16:55:53.500 0.0 0.0 -14.4 629.6 -161.4
16:55:53.546 0.0 0.0 -14.6 628.9 -164.3
16:55:53.828 0.0 0.0 -15.7 625.7 -176.1
16:55:53.843 0.0 0.0 -16.2 624.1 -181.8
16:55:53.843 0.0 0.0 -16.2 624.1 -181.8
16:55:53.843 0.0 0.0 -16.2 624.1 -181.8
16:55:53.843 0.0 0.0 -16.2 624.1 -181.8
16:55:53.843 0.0 0.0 -16.2 624.1 -181.8
16:55:53.843 0.0 0.0 -16.2 624.1 -181.8
16:55:53.875 0.0 0.0 -16.2 624.1 -181.8
16:55:53.937 0.0 0.0 -16.5 623.3 -184.4
16:55:53.968 0.0 0.0 -16.5 623.3 -184.4
16:55:54.046 0.0 0.0 -17.0 621.7 -189.6
16:55:54.046 0.0 0.0 -17.0 621.7 -189.6
16:55:54.125 0.0 0.0 -17.3 620.5 -193.6
16:55:54.140 0.0 0.0 -17.3 620.5 -193.6
16:55:54.187 0.0 0.0 -17.7 619.2 -197.7
16:55:54.265 0.0 0.0 -18.1 617.8 -202.1
16:55:54.265 0.0 0.0 -18.4 616.8 -205.0
16:55:54.468 0.0 0.0 -18.9 614.9 -210.8
16:55:54.468 0.0 0.0 -18.9 614.9 -210.8
16:55:54.468 0.0 0.0 -18.9 614.9 -210.8
16:55:54.468 0.0 0.0 -18.9 614.9 -210.8
16:55:54.468 0.0 0.0 -18.9 614.9 -210.8
16:55:54.531 0.0 0.0 -19.5 612.6 -217.4
16:55:54.703 0.0 0.0 -20.0 610.6 -222.8
16:55:54.703 0.0 0.0 -20.0 610.6 -222.8
16:55:54.703 0.0 0.0 -20.0 610.6 -222.8
16:55:54.718 0.0 0.0 -20.0 610.6 -222.8
16:55:54.734 0.0 0.0 -20.5 608.9 -227.6
16:55:54.859 0.0 0.0 -20.5 608.9 -227.6
16:55:54.859 0.0 0.0 -20.5 608.9 -227.6
16:55:54.859 0.0 0.0 -20.5 608.9 -227.6
16:55:54.906 0.0 0.0 -20.8 607.8 -230.3
16:55:55.062 0.0 0.0 -21.5 604.6 -238.7
16:55:55.062 0.0 0.0 -21.5 613.9 -242.4
16:55:55.062 0.0 0.0 -21.5 613.9 -242.4
16:55:55.078 0.0 0.0 -21.5 613.9 -242.4
16:55:55.109 0.0 0.0 -22.4 610.2 -251.6
16:55:55.281 0.0 0.0 -22.7 609.0 -254.3
16:55:55.296 0.0 0.0 -23.3 606.0 -261.4
16:55:55.296 0.0 0.0 -23.3 606.0 -261.4
16:55:55.296 0.0 0.0 -23.3 606.0 -261.4
16:55:55.328 0.0 0.0 -23.3 606.0 -261.4
16:55:55.375 0.0 0.0 -23.6 604.8 -264.2
16:55:55.453 0.0 0.0 -23.6 604.8 -264.2
16:55:55.468 0.0 0.0 -23.6 614.0 -268.2
16:55:55.546 0.0 0.0 -24.2 611.2 -274.5
16:55:55.562 0.0 0.0 -24.2 611.2 -274.5
16:55:55.671 0.0 0.0 -24.2 611.2 -274.5
16:55:55.671 0.0 0.0 -24.2 611.2 -274.5
16:55:55.671 0.0 0.0 -24.2 611.2 -274.5
16:55:55.843 0.0 0.0 -25.4 614.1 -292.0
16:55:55.843 0.0 0.0 -25.4 614.1 -292.0
16:55:55.843 0.0 0.0 -25.4 614.1 -292.0
16:55:55.843 0.0 0.0 -25.4 632.2 -300.6
16:55:55.906 0.0 0.0 -26.2 637.3 -312.9
16:55:55.937 0.0 0.0 -26.2 637.3 -312.9
16:55:55.968 0.0 0.0 -26.6 634.8 -317.9
16:55:56.078 0.0 0.0 -26.6 679.6 -340.3
16:55:56.078 0.0 0.0 -26.6 679.6 -340.3
16:56:00.890 0.0 0.0 -50.5 699.3 -849.1
16:56:00.937 0.0 0.0 -50.8 695.7 -852.1
16:56:00.968 0.0 0.0 -51.0 553.9 -683.8
16:56:01.015 0.0 0.0 -51.2 532.3 -662.7
16:56:01.062 0.0 0.0 -51.5 529.5 -664.9
16:56:01.109 0.0 0.0 -51.7 533.0 -674.9
16:56:01.156 0.0 0.0 -51.9 530.3 -677.1
16:56:01.187 0.0 0.0 -51.9 542.6 -692.8
16:56:01.234 0.0 0.0 -52.2 545.8 -703.0
16:56:01.281 0.0 0.0 -52.4 536.9 -697.2
16:56:01.328 0.0 0.0 -52.6 534.0 -699.5
16:56:01.359 0.0 0.0 -52.9 519.0 -685.8
16:56:01.406 0.0 0.0 -53.1 516.3 -687.8
16:56:01.453 0.0 0.0 -53.3 513.5 -689.9
16:56:01.500 0.0 0.0 -53.6 504.8 -683.9
16:56:01.531 0.0 0.0 -53.8 496.0 -677.9
16:56:01.578 0.0 0.0 -54.0 493.2 -679.9
16:56:01.625 0.0 0.0 -54.0 481.5 -663.7
16:56:01.671 0.0 0.0 -54.3 478.7 -665.8
16:56:01.703 0.0 0.0 -54.5 476.0 -667.7
16:56:01.750 0.0 0.0 -54.7 467.6 -661.4
16:56:01.796 0.0 0.0 -55.0 453.3 -647.0
16:56:01.843 0.0 0.0 -55.2 450.8 -648.8
16:56:01.890 0.0 0.0 -55.4 436.8 -634.1
16:56:01.921 0.0 0.0 -55.7 434.2 -635.9
16:56:01.968 0.0 0.0 -55.9 431.6 -637.7
16:56:02.015 0.0 0.0 -56.2 417.7 -622.9
16:56:02.046 0.0 0.0 -56.2 417.7 -622.9
16:56:02.093 0.0 0.0 -56.4 415.3 -624.5
16:56:02.140 0.0 0.0 -56.6 412.7 -626.2
16:56:02.187 0.0 0.0 -56.9 410.1 -628.0
16:56:02.218 0.0 0.0 -57.1 412.9 -638.1
16:56:02.265 0.0 0.0 -57.3 415.7 -648.1
16:56:02.312 0.0 0.0 -57.6 413.0 -649.8
16:56:02.359 0.0 0.0 -57.8 415.8 -659.9
16:56:02.390 0.0 0.0 -58.0 418.4 -670.1
16:56:02.437 0.0 0.0 -58.2 415.7 -671.8
16:56:02.500 0.0 0.0 -58.5 449.5 -733.2
16:56:02.531 0.0 0.0 -58.5 486.1 -792.8
16:56:02.578 0.0 0.0 -58.7 482.9 -794.8
16:56:02.625 0.0 0.0 -58.9 526.1 -873.8
