Тестовая информация 0. Исходные сенсорные данные: Time, X_rob, Y_rob, Ang_rob, X_obj, Y_obj (мм, град)
17:04:45.796 0.0 0.0 51.6 627.1 791.7
17:04:45.843 0.0 0.0 51.4 630.3 789.2
17:04:45.890 0.0 0.0 51.2 633.6 786.6
17:04:45.921 0.0 0.0 50.9 580.0 714.1
17:04:45.968 0.0 0.0 50.7 557.5 680.9
17:04:46.015 0.0 0.0 50.5 579.4 701.7
17:04:46.062 0.0 0.0 50.2 563.2 676.2
17:04:46.093 0.0 0.0 50.0 565.8 674.0
17:04:46.140 0.0 0.0 50.0 565.8 674.0
17:04:46.203 0.0 0.0 49.7 549.3 648.7
17:04:46.218 0.0 0.0 49.5 545.4 638.8
17:04:46.265 0.0 0.0 49.3 547.9 636.7
17:04:46.312 0.0 0.0 49.0 544.0 626.9
17:04:46.359 0.0 0.0 48.8 540.0 617.1
17:04:46.390 0.0 0.0 48.6 549.1 622.4
17:04:46.437 0.0 0.0 48.4 551.6 620.2
17:04:46.484 0.0 0.0 48.4 551.6 620.2
17:04:46.515 0.0 0.0 48.1 554.2 617.9
17:04:46.562 0.0 0.0 47.9 550.0 608.2
17:04:46.609 0.0 0.0 47.7 552.4 606.0
17:04:46.656 0.0 0.0 47.4 555.0 603.6
17:04:46.687 0.0 0.0 47.2 543.8 586.8
17:04:46.734 0.0 0.0 46.9 546.1 584.6
17:04:46.781 0.0 0.0 46.7 548.6 582.2
17:04:46.812 0.0 0.0 46.7 548.6 582.2
17:04:46.859 0.0 0.0 46.5 551.0 580.0
17:04:46.906 0.0 0.0 46.2 553.3 577.8
17:04:46.937 0.0 0.0 46.0 548.8 568.3
17:04:46.984 0.0 0.0 45.8 551.1 566.1
17:04:47.031 0.0 0.0 45.5 553.3 563.8
17:04:47.078 0.0 0.0 45.3 548.6 554.5
17:04:47.125 0.0 0.0 45.1 550.9 552.2
17:04:47.156 0.0 0.0 44.8 553.1 550.0
17:04:47.203 0.0 0.0 44.6 555.4 547.6
17:04:47.250 0.0 0.0 44.4 557.7 545.3
17:04:47.296 0.0 0.0 44.4 564.9 552.3
17:04:47.328 0.0 0.0 44.1 567.0 550.1
17:04:47.375 0.0 0.0 43.9 562.0 540.9
17:04:47.421 0.0 0.0 43.7 564.4 538.4
17:04:47.468 0.0 0.0 43.4 566.4 536.3
17:04:47.500 0.0 0.0 43.2 568.6 533.9
17:04:47.546 0.0 0.0 43.0 570.7 531.6
17:04:47.593 0.0 0.0 42.7 573.0 529.3
17:04:47.640 0.0 0.0 42.5 575.1 527.0
17:04:47.671 0.0 0.0 42.5 575.1 527.0
17:04:47.718 0.0 0.0 42.3 584.6 531.3
17:04:47.765 0.0 0.0 42.0 586.8 528.9
17:04:47.812 0.0 0.0 41.8 589.0 526.5
17:04:47.859 0.0 0.0 41.6 591.1 524.1
17:04:47.890 0.0 0.0 41.3 593.4 521.5
17:04:47.937 0.0 0.0 41.1 595.4 519.2
17:04:47.984 0.0 0.0 40.9 612.5 530.0
17:04:48.031 0.0 0.0 40.6 614.8 527.4
17:04:48.062 0.0 0.0 40.4 617.0 524.8
17:04:48.109 0.0 0.0 40.2 619.0 522.4
17:04:48.156 0.0 0.0 40.2 619.0 522.4
17:04:48.203 0.0 0.0 39.9 621.2 519.8
17:04:48.250 0.0 0.0 39.7 615.6 510.9
17:04:48.281 0.0 0.0 39.4 610.3 501.6
17:04:48.328 0.0 0.0 39.2 612.0 499.5
17:04:48.375 0.0 0.0 39.0 621.9 503.3
17:04:48.406 0.0 0.0 38.8 623.9 500.8
17:04:48.453 0.0 0.0 38.5 626.0 498.1
17:04:48.484 0.0 0.0 38.5 610.3 485.7
17:04:48.531 0.0 0.0 38.3 612.3 483.3
17:04:48.578 0.0 0.0 38.0 614.3 480.7
17:04:48.609 0.0 0.0 37.8 624.1 484.4
17:04:48.656 0.0 0.0 37.6 618.1 475.8
17:04:48.703 0.0 0.0 37.3 620.1 473.2
17:04:48.750 0.0 0.0 37.1 622.1 470.6
17:04:48.781 0.0 0.0 36.9 623.9 468.1
17:04:48.828 0.0 0.0 36.6 625.8 465.5
17:04:48.875 0.0 0.0 36.6 625.8 465.5
17:04:48.921 0.0 0.0 36.3 628.3 462.2
17:04:48.968 0.0 0.0 36.1 630.2 459.6
17:04:49.000 0.0 0.0 35.9 632.1 457.0
17:04:49.093 0.0 0.0 35.6 633.9 454.5
17:04:49.140 0.0 0.0 35.3 636.4 451.0
17:04:49.171 0.0 0.0 35.1 638.2 448.5
17:04:49.218 0.0 0.0 34.9 640.0 445.9
17:04:49.265 0.0 0.0 34.6 650.1 448.8
17:04:49.312 0.0 0.0 34.4 652.0 446.1
17:04:49.359 0.0 0.0 34.1 653.8 443.4
17:04:49.390 0.0 0.0 33.9 655.5 441.0
17:04:49.437 0.0 0.0 33.7 657.3 438.2
17:04:49.484 0.0 0.0 33.4 659.2 435.5
17:04:49.531 0.0 0.0 33.4 667.5 441.0
17:04:49.562 0.0 0.0 33.2 669.4 438.1
17:04:49.593 0.0 0.0 33.0 671.0 435.5
17:04:49.640 0.0 0.0 32.8 689.6 443.6
17:04:49.687 0.0 0.0 32.5 691.5 440.7
17:04:49.734 0.0 0.0 32.3 693.2 438.0
17:04:49.765 0.0 0.0 32.3 693.2 438.0
17:04:49.812 0.0 0.0 32.1 703.5 440.5
17:04:49.859 0.0 0.0 31.8 705.2 437.7
17:04:49.906 0.0 0.0 31.6 707.1 434.6
17:04:49.937 0.0 0.0 31.3 717.4 437.0
17:04:49.984 0.0 0.0 31.1 710.6 429.0
17:04:50.015 0.0 0.0 30.9 720.9 431.1
17:04:50.062 0.0 0.0 30.6 765.7 453.7
17:04:50.109 0.0 0.0 30.4 767.5 450.6
17:04:50.156 0.0 0.0 30.2 829.8 482.7
17:04:50.203 0.0 0.0 29.9 840.5 484.2
17:04:50.250 0.0 0.0 29.9 823.2 474.2
17:04:50.281 0.0 0.0 29.7 842.5 480.7
17:04:50.328 0.0 0.0 29.5 948.9 536.3
17:04:50.375 0.0 0.0 29.2 951.1 532.5
17:04:53.734 0.0 0.0 12.9 896.6 206.2
17:04:53.781 0.0 0.0 12.6 829.4 186.1
17:04:53.828 0.0 0.0 12.4 830.2 182.5
17:04:53.875 0.0 0.0 12.2 811.4 174.9
17:04:53.921 0.0 0.0 11.9 782.7 165.4
17:04:53.953 0.0 0.0 11.7 783.4 162.3
17:04:54.000 0.0 0.0 11.5 784.1 158.9
17:04:54.046 0.0 0.0 11.2 774.9 153.9
17:04:54.093 0.0 0.0 11.0 775.5 150.8
17:04:54.125 0.0 0.0 10.8 756.4 143.8
17:04:54.156 0.0 0.0 10.8 756.4 143.8
17:04:54.203 0.0 0.0 10.5 757.0 140.7
17:04:54.250 0.0 0.0 10.3 757.6 137.5
17:04:54.281 0.0 0.0 10.1 748.3 132.8
17:04:54.343 0.0 0.0 9.8 748.9 129.7
17:04:54.375 0.0 0.0 9.8 739.0 128.0
17:04:54.421 0.0 0.0 9.5 739.7 124.0
17:04:54.453 0.0 0.0 9.3 740.2 120.9
17:04:54.500 0.0 0.0 9.0 730.8 116.4
17:04:54.546 0.0 0.0 8.8 731.3 113.3
17:04:54.562 0.0 0.0 8.8 731.3 113.3
17:04:54.609 0.0 0.0 8.6 721.8 109.0
17:04:54.656 0.0 0.0 8.4 712.4 104.6
17:04:54.703 0.0 0.0 8.1 712.8 101.6
17:04:54.734 0.0 0.0 7.9 703.3 97.4
17:04:54.781 0.0 0.0 7.7 703.7 94.5
17:04:54.828 0.0 0.0 7.4 704.1 91.6
17:04:54.875 0.0 0.0 7.2 694.5 87.5
17:04:54.921 0.0 0.0 6.9 694.9 84.6
17:04:54.953 0.0 0.0 6.9 694.9 84.6
17:04:55.000 0.0 0.0 6.7 685.3 80.6
17:04:55.046 0.0 0.0 6.5 675.7 76.7
17:04:55.078 0.0 0.0 6.2 676.0 74.0
17:04:55.125 0.0 0.0 6.0 676.3 71.1
17:04:55.171 0.0 0.0 5.8 666.6 67.3
17:04:55.218 0.0 0.0 5.5 666.9 64.5
17:04:55.265 0.0 0.0 5.3 657.2 61.1
17:04:55.296 0.0 0.0 5.1 657.4 58.3
17:04:55.343 0.0 0.0 4.8 657.7 55.6
17:04:55.390 0.0 0.0 4.8 657.7 55.6
17:04:55.421 0.0 0.0 4.6 647.9 52.1
17:04:55.468 0.0 0.0 4.4 648.1 49.6
17:04:55.515 0.0 0.0 4.1 648.3 46.9
17:04:55.562 0.0 0.0 3.9 638.5 43.6
17:04:55.609 0.0 0.0 3.7 638.7 41.1
17:04:55.640 0.0 0.0 3.4 638.8 38.4
17:04:55.687 0.0 0.0 3.2 629.0 35.2
17:04:55.734 0.0 0.0 3.0 629.2 32.7
17:04:55.781 0.0 0.0 2.7 619.3 29.6
17:04:55.812 0.0 0.0 2.5 619.4 27.0
17:04:55.859 0.0 0.0 2.5 619.4 27.0
17:04:55.906 0.0 0.0 2.2 609.5 23.9
17:04:55.953 0.0 0.0 2.0 609.6 21.7
17:04:56.000 0.0 0.0 1.8 619.7 19.4
17:04:56.031 0.0 0.0 1.6 619.8 17.0
17:04:56.078 0.0 0.0 1.3 619.8 14.4
17:04:56.125 0.0 0.0 1.1 619.9 11.9
17:04:56.171 0.0 0.0 0.9 619.9 9.3
17:04:56.203 0.0 0.0 0.6 620.0 6.8
17:04:56.250 0.0 0.0 0.4 630.0 4.3
17:04:56.343 0.0 0.0 0.2 630.0 1.8
17:04:56.390 0.0 0.0 -0.1 630.0 -0.8
17:04:56.421 0.0 0.0 -0.3 640.0 -3.4
17:04:56.453 0.0 0.0 -0.5 640.0 -6.0
17:04:56.500 0.0 0.0 -0.8 639.9 -8.6
17:04:56.546 0.0 0.0 -1.0 639.9 -11.2
17:04:56.593 0.0 0.0 -1.2 649.8 -14.2
17:04:56.625 0.0 0.0 -1.2 639.8 -14.0
17:04:56.671 0.0 0.0 -1.5 649.8 -16.7
17:04:56.703 0.0 0.0 -1.7 649.7 -19.4
17:04:56.734 0.0 0.0 -2.0 649.6 -22.3
17:04:56.781 0.0 0.0 -2.2 649.5 -24.7
17:04:56.828 0.0 0.0 -2.4 659.4 -27.8
17:04:56.875 0.0 0.0 -2.4 659.4 -27.8
17:04:56.906 0.0 0.0 -2.7 659.3 -30.5
17:04:56.937 0.0 0.0 -2.9 659.2 -33.1
17:04:56.984 0.0 0.0 -3.1 659.0 -35.9
17:04:57.015 0.0 0.0 -3.1 669.0 -36.4
17:04:57.062 0.0 0.0 -3.4 668.8 -40.0
17:04:57.093 0.0 0.0 -3.7 668.6 -42.8
17:04:57.140 0.0 0.0 -3.9 668.5 -45.4
17:04:57.187 0.0 0.0 -3.9 668.5 -45.4
17:04:57.234 0.0 0.0 -4.2 668.2 -48.8
17:04:57.281 0.0 0.0 -4.4 668.0 -51.8
17:04:57.312 0.0 0.0 -4.7 687.7 -56.3
17:04:57.343 0.0 0.0 -4.9 687.5 -58.9
17:04:57.390 0.0 0.0 -5.1 687.2 -61.7
17:04:57.421 0.0 0.0 -5.1 687.2 -61.7
17:04:57.468 0.0 0.0 -5.4 687.0 -64.5
17:04:57.515 0.0 0.0 -5.6 686.7 -67.4
17:04:57.546 0.0 0.0 -5.8 696.4 -71.3
17:04:57.593 0.0 0.0 -6.1 696.1 -74.1
17:04:57.640 0.0 0.0 -6.3 695.8 -76.8
17:04:57.687 0.0 0.0 -6.5 705.4 -80.9
17:04:57.718 0.0 0.0 -6.5 705.4 -80.9
17:04:57.781 0.0 0.0 -7.0 704.7 -86.6
17:04:57.812 0.0 0.0 -7.0 704.7 -86.6
17:04:57.843 0.0 0.0 -7.2 704.3 -89.6
17:04:57.890 0.0 0.0 -7.5 713.9 -93.7
17:04:57.937 0.0 0.0 -7.7 713.5 -96.6
17:04:57.984 0.0 0.0 -7.9 713.1 -99.5
17:04:58.015 0.0 0.0 -8.2 722.6 -103.8
17:04:58.062 0.0 0.0 -8.4 722.1 -106.8
17:04:58.109 0.0 0.0 -8.7 721.7 -109.8
17:04:58.140 0.0 0.0 -8.7 731.6 -111.3
17:04:58.171 0.0 0.0 -8.9 741.0 -115.7
17:04:58.218 0.0 0.0 -9.1 740.5 -118.9
17:04:58.265 0.0 0.0 -9.4 740.0 -121.9
17:04:58.312 0.0 0.0 -9.6 749.4 -126.6
17:04:58.343 0.0 0.0 -9.8 748.9 -129.7
17:04:58.390 0.0 0.0 -10.1 748.3 -133.0
17:04:58.437 0.0 0.0 -10.1 748.3 -133.0
17:04:58.468 0.0 0.0 -10.3 747.8 -135.7
17:04:58.515 0.0 0.0 -10.5 757.1 -140.6
17:04:58.562 0.0 0.0 -10.8 756.5 -143.7
17:04:58.609 0.0 0.0 -11.0 755.9 -146.8
17:04:58.640 0.0 0.0 -11.2 765.1 -151.8
17:04:58.687 0.0 0.0 -11.5 764.5 -154.8
17:04:58.734 0.0 0.0 -11.7 763.8 -158.1
17:04:58.781 0.0 0.0 -11.7 763.8 -158.1
17:04:58.812 0.0 0.0 -11.9 773.0 -163.2
17:04:58.859 0.0 0.0 -12.2 762.5 -164.3
17:04:58.906 0.0 0.0 -12.4 761.8 -167.4
17:04:58.937 0.0 0.0 -12.6 770.9 -172.7
17:04:58.984 0.0 0.0 -12.9 770.2 -175.7
17:04:59.031 0.0 0.0 -13.1 905.9 -210.5
17:04:59.078 0.0 0.0 -13.3 1187.1 -281.3
17:04:59.109 0.0 0.0 -13.6 1186.0 -286.0
17:05:01.750 0.0 0.0 -26.4 1020.9 -507.4
17:05:01.796 0.0 0.0 -26.7 992.0 -498.1
17:05:01.843 0.0 0.0 -26.9 990.0 -502.0
17:05:01.890 0.0 0.0 -26.9 731.3 -370.8
17:05:01.921 0.0 0.0 -27.1 721.0 -369.2
17:05:01.968 0.0 0.0 -27.4 719.4 -372.3
17:05:02.015 0.0 0.0 -27.6 717.8 -375.2
17:05:02.062 0.0 0.0 -27.8 707.5 -373.4
17:05:02.109 0.0 0.0 -28.1 714.8 -381.1
17:05:02.156 0.0 0.0 -28.3 704.4 -379.3
17:05:02.187 0.0 0.0 -28.5 685.3 -372.6
17:05:02.234 0.0 0.0 -28.8 683.8 -375.3
17:05:02.281 0.0 0.0 -29.0 673.5 -373.2
17:05:02.328 0.0 0.0 -29.2 672.0 -376.0
17:05:02.359 0.0 0.0 -29.2 672.0 -376.0
17:05:02.390 0.0 0.0 -29.5 670.4 -378.7
17:05:02.437 0.0 0.0 -29.7 668.8 -381.5
17:05:02.484 0.0 0.0 -29.9 667.2 -384.3
17:05:02.515 0.0 0.0 -30.2 665.8 -386.8
17:05:02.562 0.0 0.0 -30.4 664.2 -389.6
17:05:02.609 0.0 0.0 -30.4 664.2 -389.6
17:05:02.656 0.0 0.0 -30.6 653.9 -387.3
17:05:02.687 0.0 0.0 -30.9 652.3 -390.1
17:05:02.734 0.0 0.0 -31.1 650.7 -392.6
17:05:02.781 0.0 0.0 -31.3 649.1 -395.2
17:05:02.812 0.0 0.0 -31.6 647.5 -397.9
17:05:02.843 0.0 0.0 -31.8 654.3 -405.9
17:05:02.906 0.0 0.0 -32.0 644.3 -403.2
17:05:02.937 0.0 0.0 -32.0 644.3 -403.2
17:05:02.984 0.0 0.0 -32.3 642.6 -405.7
17:05:03.015 0.0 0.0 -32.5 640.9 -408.4
17:05:03.062 0.0 0.0 -32.7 630.8 -405.7
17:05:03.109 0.0 0.0 -33.0 637.6 -413.7
17:05:03.156 0.0 0.0 -33.2 627.5 -410.8
17:05:03.187 0.0 0.0 -33.4 625.9 -413.2
17:05:03.234 0.0 0.0 -33.7 624.1 -415.9
17:05:03.281 0.0 0.0 -33.9 622.5 -418.4
17:05:03.312 0.0 0.0 -33.9 622.5 -418.4
17:05:03.359 0.0 0.0 -34.2 620.6 -421.1
17:05:03.406 0.0 0.0 -34.4 627.3 -429.0
17:05:03.437 0.0 0.0 -34.6 617.3 -426.0
17:05:03.484 0.0 0.0 -34.8 623.7 -434.3
17:05:03.531 0.0 0.0 -35.1 621.9 -436.9
17:05:03.578 0.0 0.0 -35.3 620.2 -439.2
17:05:03.625 0.0 0.0 -35.5 618.4 -441.8
17:05:03.656 0.0 0.0 -35.8 616.5 -444.4
17:05:03.703 0.0 0.0 -35.8 616.5 -444.4
17:05:03.750 0.0 0.0 -36.0 614.7 -446.9
17:05:03.781 0.0 0.0 -36.3 612.9 -449.4
17:05:03.828 0.0 0.0 -36.5 611.1 -451.9
17:05:03.859 0.0 0.0 -36.7 609.3 -454.3
17:05:03.906 0.0 0.0 -36.9 599.4 -450.8
17:05:03.953 0.0 0.0 -37.2 597.5 -453.3
17:05:04.000 0.0 0.0 -37.2 605.5 -459.4
17:05:04.031 0.0 0.0 -37.4 611.6 -467.9
17:05:04.078 0.0 0.0 -37.6 593.9 -458.1
17:05:04.125 0.0 0.0 -37.9 599.8 -466.7
17:05:04.171 0.0 0.0 -38.1 597.9 -469.2
17:05:04.218 0.0 0.0 -38.3 596.0 -471.5
17:05:04.250 0.0 0.0 -38.6 609.7 -486.4
17:05:04.281 0.0 0.0 -38.8 607.7 -489.0
17:05:04.328 0.0 0.0 -39.1 598.0 -485.1
17:05:04.375 0.0 0.0 -39.1 605.7 -491.4
17:05:04.421 0.0 0.0 -39.3 603.7 -494.0
17:05:04.468 0.0 0.0 -39.5 601.7 -496.4
17:05:04.500 0.0 0.0 -39.8 599.7 -498.8
17:05:04.546 0.0 0.0 -40.0 597.6 -501.3
17:05:04.593 0.0 0.0 -40.2 595.6 -503.6
17:05:04.640 0.0 0.0 -40.5 593.5 -506.1
17:05:04.671 0.0 0.0 -40.7 591.4 -508.6
17:05:04.718 0.0 0.0 -40.9 589.3 -511.0
17:05:04.765 0.0 0.0 -41.2 587.3 -513.3
17:05:04.812 0.0 0.0 -41.2 594.8 -519.9
17:05:04.859 0.0 0.0 -41.4 592.6 -522.4
17:05:04.890 0.0 0.0 -41.6 687.7 -611.1
17:05:04.921 0.0 0.0 -41.9 677.7 -607.3
17:05:04.968 0.0 0.0 -42.1 645.5 -583.3
17:05:05.015 0.0 0.0 -42.3 672.7 -612.8
17:05:05.062 0.0 0.0 -42.6 876.3 -805.1
17:05:05.109 0.0 0.0 -42.8 873.2 -808.5
