Тестовая информация 0. Исходные сенсорные данные: Time, X_rob, Y_rob, Ang_rob, X_obj, Y_obj (мм, град)
17:09:20.234 0.0 0.0 66.1 477.7 1079.0
17:09:20.312 0.0 0.0 65.6 486.7 1074.9
17:09:20.359 0.0 0.0 65.4 474.6 1036.5
17:09:20.421 0.0 0.0 65.2 478.4 1034.7
17:09:20.453 0.0 0.0 65.2 386.1 835.1
17:09:20.468 0.0 0.0 64.9 376.9 806.3
17:09:20.515 0.0 0.0 64.7 380.1 804.8
17:09:20.562 0.0 0.0 64.5 370.4 776.1
17:09:20.609 0.0 0.0 64.2 373.7 774.6
17:09:20.640 0.0 0.0 64.0 377.3 772.8
17:09:20.687 0.0 0.0 64.0 377.3 772.8
17:09:20.718 0.0 0.0 63.8 380.1 771.4
17:09:20.765 0.0 0.0 63.5 383.3 769.9
17:09:20.812 0.0 0.0 63.3 381.8 759.4
17:09:20.843 0.0 0.0 63.3 381.8 759.4
17:09:20.890 0.0 0.0 63.0 386.5 757.0
17:09:20.921 0.0 0.0 62.8 389.1 755.7
17:09:20.968 0.0 0.0 62.5 392.3 754.1
17:09:21.031 0.0 0.0 62.3 395.2 752.5
17:09:21.046 0.0 0.0 62.1 402.9 759.8
17:09:21.093 0.0 0.0 61.8 401.4 749.3
17:09:21.140 0.0 0.0 61.8 406.1 758.1
17:09:21.187 0.0 0.0 61.6 409.1 756.5
17:09:21.218 0.0 0.0 61.4 412.3 754.7
17:09:21.265 0.0 0.0 61.1 420.1 761.8
17:09:21.312 0.0 0.0 60.9 423.3 760.1
17:09:21.359 0.0 0.0 60.7 421.5 749.6
17:09:21.390 0.0 0.0 60.4 429.4 756.6
17:09:21.453 0.0 0.0 60.2 427.6 746.2
17:09:21.484 0.0 0.0 60.2 427.6 746.2
17:09:21.515 0.0 0.0 59.9 431.5 743.9
17:09:21.562 0.0 0.0 59.6 434.6 742.1
17:09:21.609 0.0 0.0 59.4 437.6 740.3
17:09:21.656 0.0 0.0 59.2 445.7 747.1
17:09:21.687 0.0 0.0 58.9 448.9 745.2
17:09:21.734 0.0 0.0 58.7 451.8 743.5
17:09:21.781 0.0 0.0 58.5 454.9 741.6
17:09:21.812 0.0 0.0 58.5 454.9 741.6
17:09:21.859 0.0 0.0 58.2 458.0 739.7
17:09:21.890 0.0 0.0 58.0 460.9 737.9
17:09:21.937 0.0 0.0 57.8 469.2 744.5
17:09:21.984 0.0 0.0 57.5 467.0 734.0
17:09:22.031 0.0 0.0 57.3 469.9 732.2
17:09:22.062 0.0 0.0 57.1 473.0 730.2
17:09:22.109 0.0 0.0 56.8 475.9 728.3
17:09:22.156 0.0 0.0 56.8 475.9 728.3
17:09:22.203 0.0 0.0 56.6 478.9 726.3
17:09:22.234 0.0 0.0 56.4 481.8 724.4
17:09:22.281 0.0 0.0 56.1 484.7 722.5
17:09:22.328 0.0 0.0 55.9 498.9 737.0
17:09:22.375 0.0 0.0 55.7 501.9 735.0
17:09:22.406 0.0 0.0 55.4 505.1 732.8
17:09:22.453 0.0 0.0 55.2 507.9 730.8
17:09:22.500 0.0 0.0 55.0 505.2 720.6
17:09:22.546 0.0 0.0 54.7 508.2 718.5
17:09:22.593 0.0 0.0 54.7 508.2 718.5
17:09:22.640 0.0 0.0 54.5 511.1 716.4
17:09:22.671 0.0 0.0 54.3 519.8 722.5
17:09:22.718 0.0 0.0 54.0 522.8 720.2
17:09:22.765 0.0 0.0 53.8 525.7 718.2
17:09:22.812 0.0 0.0 53.6 528.7 715.9
17:09:22.843 0.0 0.0 53.3 525.5 705.9
17:09:22.890 0.0 0.0 53.1 528.8 703.4
17:09:22.937 0.0 0.0 52.9 537.3 709.5
17:09:22.984 0.0 0.0 52.6 540.3 707.2
17:09:23.015 0.0 0.0 52.6 540.3 707.2
17:09:23.062 0.0 0.0 52.4 543.0 705.1
17:09:23.109 0.0 0.0 52.2 558.3 718.6
17:09:23.140 0.0 0.0 51.9 561.4 716.2
17:09:23.187 0.0 0.0 51.7 564.1 714.1
17:09:23.234 0.0 0.0 51.5 560.8 703.9
17:09:23.281 0.0 0.0 51.2 563.7 701.6
17:09:23.312 0.0 0.0 51.0 566.5 699.3
17:09:23.359 0.0 0.0 50.7 563.1 689.2
17:09:23.390 0.0 0.0 50.7 563.1 689.2
17:09:23.437 0.0 0.0 50.5 578.6 702.3
17:09:23.484 0.0 0.0 50.3 581.5 700.0
17:09:23.531 0.0 0.0 50.1 584.2 697.7
17:09:23.578 0.0 0.0 49.8 587.1 695.3
17:09:23.609 0.0 0.0 49.6 589.9 692.9
17:09:23.656 0.0 0.0 49.4 592.8 690.4
17:09:23.703 0.0 0.0 49.1 595.7 687.9
17:09:23.750 0.0 0.0 48.9 598.4 685.5
17:09:23.781 0.0 0.0 48.9 591.9 678.0
17:09:23.828 0.0 0.0 48.6 601.3 683.0
17:09:23.875 0.0 0.0 48.4 604.0 680.6
17:09:23.921 0.0 0.0 48.2 606.8 678.2
17:09:23.953 0.0 0.0 47.9 609.5 675.7
17:09:24.000 0.0 0.0 47.7 632.5 695.3
17:09:24.031 0.0 0.0 47.5 621.8 678.1
17:09:24.078 0.0 0.0 47.5 628.5 685.5
17:09:24.125 0.0 0.0 47.2 624.7 675.4
17:09:24.156 0.0 0.0 47.0 627.3 673.0
17:09:24.203 0.0 0.0 46.8 630.0 670.4
17:09:24.250 0.0 0.0 46.5 625.9 660.6
17:09:24.296 0.0 0.0 46.3 628.5 658.1
17:09:24.359 0.0 0.0 46.1 631.3 655.4
17:09:24.390 0.0 0.0 45.8 647.9 667.2
17:09:24.437 0.0 0.0 45.6 650.6 664.5
17:09:24.500 0.0 0.0 45.4 653.3 661.9
17:09:24.531 0.0 0.0 45.1 656.8 658.4
17:09:24.578 0.0 0.0 44.8 659.5 655.7
17:09:24.625 0.0 0.0 44.8 659.5 655.7
17:09:24.656 0.0 0.0 44.6 662.3 652.9
17:09:24.703 0.0 0.0 44.4 664.8 650.3
17:09:24.750 0.0 0.0 44.1 667.5 647.6
17:09:24.796 0.0 0.0 43.9 691.7 665.7
17:09:24.828 0.0 0.0 43.7 687.3 655.9
17:09:24.875 0.0 0.0 43.4 697.2 660.0
17:09:24.906 0.0 0.0 43.2 692.8 650.0
17:09:24.953 0.0 0.0 43.0 688.0 640.5
17:09:25.000 0.0 0.0 43.0 688.0 640.5
17:09:25.046 0.0 0.0 42.7 698.0 644.5
17:09:25.093 0.0 0.0 42.5 693.1 635.0
17:09:25.125 0.0 0.0 42.2 703.3 638.7
17:09:25.171 0.0 0.0 42.0 713.2 642.6
17:09:25.218 0.0 0.0 41.8 715.9 639.7
17:09:25.250 0.0 0.0 41.6 718.3 636.9
17:09:25.296 0.0 0.0 41.3 729.1 639.8
17:09:25.343 0.0 0.0 41.1 723.5 630.9
17:09:25.390 0.0 0.0 41.1 731.1 637.5
17:09:25.421 0.0 0.0 40.9 733.7 634.6
17:09:25.468 0.0 0.0 40.6 728.8 624.9
17:09:25.515 0.0 0.0 40.4 738.9 628.4
17:09:25.562 0.0 0.0 40.2 756.6 638.4
17:09:25.609 0.0 0.0 39.9 744.1 622.3
17:09:25.656 0.0 0.0 39.7 754.2 625.8
17:09:25.703 0.0 0.0 39.4 764.5 629.0
17:09:25.734 0.0 0.0 39.2 767.1 625.8
17:09:25.781 0.0 0.0 39.0 769.7 622.6
17:09:25.812 0.0 0.0 38.7 772.1 619.6
17:09:25.859 0.0 0.0 38.7 772.1 619.6
17:09:25.906 0.0 0.0 38.5 774.7 616.5
17:09:25.953 0.0 0.0 38.3 777.2 613.3
17:09:25.984 0.0 0.0 38.0 779.8 609.9
17:09:26.031 0.0 0.0 37.8 782.0 607.0
17:09:26.078 0.0 0.0 37.6 792.5 609.9
17:09:26.125 0.0 0.0 37.3 795.0 606.6
17:09:26.156 0.0 0.0 37.1 797.6 603.1
17:09:26.203 0.0 0.0 36.9 799.9 600.2
17:09:26.250 0.0 0.0 36.6 794.3 590.9
17:09:26.296 0.0 0.0 36.6 802.4 596.8
17:09:26.328 0.0 0.0 36.4 812.8 599.5
17:09:26.375 0.0 0.0 36.2 815.4 596.1
17:09:26.421 0.0 0.0 35.9 817.7 592.8
17:09:26.468 0.0 0.0 35.7 820.1 589.5
17:09:26.515 0.0 0.0 35.5 814.3 580.4
17:09:26.562 0.0 0.0 35.2 816.9 576.8
17:09:26.593 0.0 0.0 35.0 827.3 579.3
17:09:26.640 0.0 0.0 34.8 829.7 576.0
17:09:26.687 0.0 0.0 34.5 848.5 584.0
17:09:26.734 0.0 0.0 34.5 856.7 589.6
17:09:26.765 0.0 0.0 34.3 859.2 586.0
17:09:26.812 0.0 0.0 34.1 869.7 588.3
17:09:26.859 0.0 0.0 33.8 863.9 579.1
17:09:26.906 0.0 0.0 33.6 866.3 575.4
17:09:26.953 0.0 0.0 33.4 868.6 572.0
17:09:26.984 0.0 0.0 33.1 854.2 557.5
17:09:27.031 0.0 0.0 32.9 856.5 553.9
17:09:27.078 0.0 0.0 32.7 892.4 572.1
17:09:27.125 0.0 0.0 32.4 911.5 579.2
17:09:27.156 0.0 0.0 32.4 911.5 579.2
17:09:27.203 0.0 0.0 32.2 913.9 575.5
17:09:27.250 0.0 0.0 32.0 941.7 587.7
17:09:27.281 0.0 0.0 31.7 910.0 562.8
17:09:27.312 0.0 0.0 31.5 946.5 579.9
17:09:27.390 0.0 0.0 31.3 1017.2 617.6
17:09:27.437 0.0 0.0 31.0 1019.7 613.5
17:09:30.812 0.0 0.0 14.4 871.6 224.1
17:09:30.859 0.0 0.0 14.2 872.5 220.6
17:09:30.890 0.0 0.0 13.9 766.7 190.4
17:09:30.937 0.0 0.0 13.9 757.0 188.0
17:09:30.984 0.0 0.0 13.7 757.7 185.0
17:09:31.031 0.0 0.0 13.5 739.0 177.2
17:09:31.062 0.0 0.0 13.2 730.0 171.9
17:09:31.109 0.0 0.0 13.0 730.7 169.0
17:09:31.156 0.0 0.0 12.8 731.4 166.0
17:09:31.203 0.0 0.0 12.5 732.1 162.9
17:09:31.250 0.0 0.0 12.3 732.7 160.0
17:09:31.281 0.0 0.0 12.1 723.6 154.9
17:09:31.328 0.0 0.0 11.9 714.4 150.0
17:09:31.375 0.0 0.0 11.9 714.4 150.0
17:09:31.406 0.0 0.0 11.6 705.3 145.0
17:09:31.453 0.0 0.0 11.4 705.9 142.0
17:09:31.500 0.0 0.0 11.1 706.4 139.1
17:09:31.546 0.0 0.0 10.9 707.0 136.2
17:09:31.593 0.0 0.0 10.7 687.9 129.7
17:09:31.625 0.0 0.0 10.4 688.4 126.7
17:09:31.687 0.0 0.0 10.2 679.1 122.4
17:09:31.734 0.0 0.0 10.0 679.6 119.6
17:09:31.765 0.0 0.0 9.7 680.1 116.7
17:09:31.812 0.0 0.0 9.7 670.2 115.0
17:09:31.859 0.0 0.0 9.5 660.8 110.4
17:09:31.906 0.0 0.0 9.2 661.4 107.0
17:09:31.937 0.0 0.0 9.0 651.9 102.8
17:09:31.984 0.0 0.0 8.7 652.4 100.2
17:09:32.031 0.0 0.0 8.5 652.8 97.4
17:09:32.078 0.0 0.0 8.3 643.3 93.4
17:09:32.109 0.0 0.0 8.3 643.3 93.4
17:09:32.140 0.0 0.0 8.0 643.6 90.7
17:09:32.187 0.0 0.0 7.8 634.1 86.9
17:09:32.234 0.0 0.0 7.6 634.4 84.2
17:09:32.281 0.0 0.0 7.3 634.8 81.6
17:09:32.328 0.0 0.0 7.1 625.2 77.8
17:09:32.359 0.0 0.0 6.9 625.5 75.2
17:09:32.421 0.0 0.0 6.6 625.8 72.7
17:09:32.453 0.0 0.0 6.4 616.2 69.0
17:09:32.500 0.0 0.0 6.1 616.4 66.4
17:09:32.531 0.0 0.0 6.1 616.4 66.4
17:09:32.578 0.0 0.0 5.9 606.7 63.0
17:09:32.625 0.0 0.0 5.7 607.0 60.4
17:09:32.671 0.0 0.0 5.5 607.2 57.9
17:09:32.703 0.0 0.0 5.2 597.5 54.6
17:09:32.750 0.0 0.0 5.0 597.7 52.2
17:09:32.796 0.0 0.0 4.8 597.9 49.7
17:09:32.843 0.0 0.0 4.5 588.2 46.4
17:09:32.890 0.0 0.0 4.3 588.4 44.0
17:09:32.921 0.0 0.0 4.0 588.5 41.7
17:09:32.968 0.0 0.0 4.0 588.5 41.7
17:09:33.031 0.0 0.0 3.6 578.9 36.2
17:09:33.062 0.0 0.0 3.6 578.9 36.2
17:09:33.093 0.0 0.0 3.3 579.0 33.8
17:09:33.140 0.0 0.0 3.1 569.2 31.0
17:09:33.187 0.0 0.0 2.9 569.3 28.7
17:09:33.234 0.0 0.0 2.6 569.4 26.3
17:09:33.281 0.0 0.0 2.4 569.5 24.0
17:09:33.312 0.0 0.0 2.2 569.6 21.7
17:09:33.359 0.0 0.0 1.9 569.7 19.3
17:09:33.406 0.0 0.0 1.9 569.7 19.3
17:09:33.437 0.0 0.0 1.7 569.7 17.0
17:09:33.484 0.0 0.0 1.5 579.8 15.0
17:09:33.531 0.0 0.0 1.2 579.9 12.6
17:09:33.578 0.0 0.0 1.0 579.9 10.2
17:09:33.640 0.0 0.0 0.8 579.9 7.8
17:09:33.656 0.0 0.0 0.5 580.0 5.1
17:09:33.703 0.0 0.0 0.3 590.0 3.2
17:09:33.734 0.0 0.0 0.3 590.0 3.2
17:09:33.781 0.0 0.0 0.1 590.0 0.7
17:09:33.828 0.0 0.0 -0.2 590.0 -1.6
17:09:33.859 0.0 0.0 -0.4 600.0 -4.3
17:09:33.906 0.0 0.0 -0.6 590.0 -6.4
17:09:33.953 0.0 0.0 -0.9 589.9 -8.9
17:09:33.984 0.0 0.0 -1.1 599.9 -11.5
17:09:34.031 0.0 0.0 -1.1 599.9 -11.5
17:09:34.078 0.0 0.0 -1.4 599.8 -14.5
17:09:34.125 0.0 0.0 -1.7 599.8 -17.3
17:09:34.156 0.0 0.0 -1.9 599.7 -19.7
17:09:34.203 0.0 0.0 -2.1 609.6 -22.4
17:09:34.250 0.0 0.0 -2.3 609.5 -25.0
17:09:34.296 0.0 0.0 -2.6 609.4 -27.4
17:09:34.328 0.0 0.0 -2.8 609.3 -29.9
17:09:34.375 0.0 0.0 -3.0 609.1 -32.4
17:09:34.437 0.0 0.0 -3.3 609.0 -34.9
17:09:34.468 0.0 0.0 -3.3 619.0 -35.5
17:09:34.515 0.0 0.0 -3.5 618.8 -38.1
17:09:34.562 0.0 0.0 -3.7 618.7 -40.5
17:09:34.593 0.0 0.0 -4.0 628.5 -43.8
17:09:34.640 0.0 0.0 -4.2 628.3 -46.3
17:09:34.687 0.0 0.0 -4.4 628.1 -48.9
17:09:34.718 0.0 0.0 -4.7 637.9 -52.1
17:09:34.750 0.0 0.0 -4.7 627.9 -51.3
17:09:34.796 0.0 0.0 -4.9 627.7 -54.1
17:09:34.843 0.0 0.0 -5.2 637.4 -57.5
17:09:34.875 0.0 0.0 -5.4 647.1 -61.1
17:09:34.921 0.0 0.0 -5.6 646.9 -63.7
17:09:34.968 0.0 0.0 -5.9 646.6 -66.3
17:09:35.015 0.0 0.0 -6.1 646.3 -69.0
17:09:35.046 0.0 0.0 -6.3 646.0 -71.6
17:09:35.093 0.0 0.0 -6.5 655.7 -75.3
17:09:35.125 0.0 0.0 -6.5 655.7 -75.3
17:09:35.171 0.0 0.0 -6.8 655.4 -78.0
17:09:35.203 0.0 0.0 -7.0 655.1 -80.6
17:09:35.250 0.0 0.0 -7.3 664.6 -84.6
17:09:35.296 0.0 0.0 -7.5 664.3 -87.3
17:09:35.328 0.0 0.0 -7.5 664.3 -87.3
17:09:35.375 0.0 0.0 -7.7 673.8 -91.4
17:09:35.421 0.0 0.0 -8.0 673.4 -94.2
17:09:35.468 0.0 0.0 -8.2 683.0 -98.3
17:09:35.500 0.0 0.0 -8.4 682.6 -101.0
17:09:35.578 0.0 0.0 -8.7 682.1 -104.0
17:09:35.625 0.0 0.0 -8.9 691.5 -108.6
17:09:35.796 0.0 0.0 -8.9 691.5 -108.6
17:09:35.812 0.0 0.0 -8.9 691.5 -108.6
17:09:35.812 0.0 0.0 -8.9 691.5 -108.6
17:09:35.828 0.0 0.0 -9.9 689.5 -120.9
17:09:35.828 0.0 0.0 -9.9 689.5 -120.9
17:09:35.953 0.0 0.0 -9.9 699.3 -122.6
17:09:35.953 0.0 0.0 -9.9 699.3 -122.6
17:09:35.953 0.0 0.0 -9.9 699.3 -122.6
17:09:36.000 0.0 0.0 -9.9 719.0 -126.0
17:09:36.015 0.0 0.0 -10.9 716.8 -138.0
17:09:36.062 0.0 0.0 -10.9 716.8 -138.0
17:09:36.109 0.0 0.0 -10.9 726.7 -139.9
17:09:36.156 0.0 0.0 -10.9 726.7 -139.9
17:09:36.218 0.0 0.0 -11.3 725.5 -145.6
17:09:36.234 0.0 0.0 -11.3 735.3 -147.6
17:09:36.390 0.0 0.0 -12.6 732.0 -163.4
17:09:36.390 0.0 0.0 -12.6 732.0 -163.4
17:09:36.390 0.0 0.0 -12.6 732.0 -163.4
17:09:36.437 0.0 0.0 -12.6 741.7 -165.6
17:09:36.453 0.0 0.0 -13.0 740.6 -170.5
17:09:36.531 0.0 0.0 -13.4 758.6 -181.3
17:09:36.531 0.0 0.0 -13.4 904.5 -216.2
17:09:36.578 0.0 0.0 -13.4 904.5 -216.2
17:09:36.781 0.0 0.0 -14.3 969.1 -246.7
17:09:36.796 0.0 0.0 -14.3 969.1 -246.7
17:09:39.234 0.0 0.0 -26.5 1029.5 -512.5
17:09:39.250 0.0 0.0 -26.5 948.9 -472.4
17:09:39.281 0.0 0.0 -27.0 944.4 -481.3
17:09:39.421 0.0 0.0 -27.0 766.2 -390.5
17:09:39.421 0.0 0.0 -27.0 748.4 -381.4
17:09:39.421 0.0 0.0 -27.7 743.7 -390.5
17:09:39.484 0.0 0.0 -27.9 697.9 -370.1
17:09:39.578 0.0 0.0 -27.9 689.1 -365.4
17:09:39.656 0.0 0.0 -28.6 693.9 -377.7
17:09:39.656 0.0 0.0 -28.6 685.1 -372.9
17:09:39.656 0.0 0.0 -28.6 685.1 -372.9
17:09:39.671 0.0 0.0 -28.6 685.1 -372.9
17:09:39.812 0.0 0.0 -28.9 673.8 -372.6
17:09:39.812 0.0 0.0 -28.9 673.8 -372.6
17:09:39.812 0.0 0.0 -28.9 673.8 -372.6
17:09:39.875 0.0 0.0 -29.8 668.1 -382.8
17:09:39.890 0.0 0.0 -29.8 668.1 -382.8
17:09:40.140 0.0 0.0 -30.1 666.2 -386.1
17:09:40.218 0.0 0.0 -30.1 666.2 -386.1
17:09:40.250 0.0 0.0 -31.7 655.2 -404.5
17:09:40.250 0.0 0.0 -31.7 655.2 -404.5
17:09:40.250 0.0 0.0 -31.7 655.2 -404.5
17:09:40.421 0.0 0.0 -32.5 649.2 -414.1
17:09:40.421 0.0 0.0 -32.5 649.2 -414.1
17:09:40.421 0.0 0.0 -32.5 632.3 -403.4
17:09:40.437 0.0 0.0 -32.5 632.3 -403.4
17:09:40.437 0.0 0.0 -32.5 632.3 -403.4
17:09:40.437 0.0 0.0 -32.5 640.7 -408.7
17:09:40.437 0.0 0.0 -32.5 640.7 -408.7
17:09:40.453 0.0 0.0 -32.5 640.7 -408.7
17:09:40.500 0.0 0.0 -32.8 639.0 -411.4
17:09:40.562 0.0 0.0 -33.1 636.9 -414.6
17:09:40.578 0.0 0.0 -33.1 636.9 -414.6
17:09:40.625 0.0 0.0 -33.4 634.7 -418.1
17:09:40.656 0.0 0.0 -33.6 624.6 -415.2
17:09:40.703 0.0 0.0 -33.8 623.0 -417.6
17:09:40.781 0.0 0.0 -34.3 619.5 -422.7
17:09:40.828 0.0 0.0 -34.5 617.7 -425.3
17:09:40.875 0.0 0.0 -34.5 617.7 -425.3
17:09:40.921 0.0 0.0 -34.8 607.8 -422.1
17:09:40.953 0.0 0.0 -35.0 606.0 -424.6
17:09:41.000 0.0 0.0 -35.2 612.5 -432.8
17:09:41.046 0.0 0.0 -35.5 610.7 -435.4
17:09:41.093 0.0 0.0 -35.7 609.0 -437.7
17:09:41.125 0.0 0.0 -36.0 607.1 -440.4
17:09:41.171 0.0 0.0 -36.2 605.1 -443.1
17:09:41.203 0.0 0.0 -36.2 605.1 -443.1
17:09:41.250 0.0 0.0 -36.4 611.6 -451.1
17:09:41.281 0.0 0.0 -36.7 601.7 -447.7
17:09:41.359 0.0 0.0 -37.1 598.0 -452.7
17:09:41.375 0.0 0.0 -37.1 598.0 -452.7
17:09:41.406 0.0 0.0 -37.3 604.2 -461.0
17:09:41.453 0.0 0.0 -37.6 602.3 -463.5
17:09:41.500 0.0 0.0 -37.6 602.3 -463.5
17:09:41.546 0.0 0.0 -37.8 608.3 -472.1
17:09:41.578 0.0 0.0 -38.1 606.3 -474.7
17:09:41.625 0.0 0.0 -38.3 604.4 -477.1
17:09:41.671 0.0 0.0 -38.5 602.4 -479.6
17:09:41.718 0.0 0.0 -38.8 592.7 -475.7
17:09:41.765 0.0 0.0 -39.0 598.5 -484.4
17:09:41.796 0.0 0.0 -39.2 596.5 -486.9
17:09:41.843 0.0 0.0 -39.5 594.4 -489.4
17:09:41.890 0.0 0.0 -39.7 592.6 -491.7
17:09:41.937 0.0 0.0 -39.9 590.6 -494.1
17:09:41.968 0.0 0.0 -39.9 590.6 -494.1
17:09:42.015 0.0 0.0 -40.2 603.7 -509.5
17:09:42.062 0.0 0.0 -40.4 601.7 -511.9
17:09:42.109 0.0 0.0 -40.6 599.5 -514.4
17:09:42.140 0.0 0.0 -40.9 597.5 -516.8
17:09:42.187 0.0 0.0 -41.1 603.0 -525.8
17:09:42.234 0.0 0.0 -41.3 593.2 -521.7
17:09:42.281 0.0 0.0 -41.6 598.6 -530.7
17:09:42.312 0.0 0.0 -41.8 611.4 -546.4
17:09:42.375 0.0 0.0 -42.0 609.1 -548.9
17:09:42.406 0.0 0.0 -42.0 676.0 -609.2
17:09:42.453 0.0 0.0 -42.3 806.6 -733.1
17:09:42.484 0.0 0.0 -42.5 803.7 -736.3
