Тестовая информация 0. Исходные сенсорные данные: Time, X_rob, Y_rob, Ang_rob, X_obj, Y_obj (мм, град)
17:14:28.812 0.0 0.0 66.0 475.2 1069.1
17:14:28.859 0.0 0.0 65.8 475.5 1058.1
17:14:28.906 0.0 0.0 65.6 480.0 1056.0
17:14:28.953 0.0 0.0 65.3 363.3 790.5
17:14:29.000 0.0 0.0 65.1 362.2 780.0
17:14:29.031 0.0 0.0 64.9 365.4 778.5
17:14:29.078 0.0 0.0 64.6 372.8 786.1
17:14:29.125 0.0 0.0 64.4 367.5 766.4
17:14:29.171 0.0 0.0 64.1 370.6 764.9
17:14:29.203 0.0 0.0 63.9 378.2 772.4
17:14:29.265 0.0 0.0 63.7 376.9 761.9
17:14:29.296 0.0 0.0 63.7 381.3 770.8
17:14:29.343 0.0 0.0 63.5 379.9 760.4
17:14:29.375 0.0 0.0 63.2 382.9 758.9
17:14:29.421 0.0 0.0 63.0 386.0 757.3
17:14:29.468 0.0 0.0 62.8 389.2 755.7
17:14:29.515 0.0 0.0 62.5 392.3 754.0
17:14:29.546 0.0 0.0 62.3 395.3 752.5
17:14:29.593 0.0 0.0 62.0 398.7 750.7
17:14:29.640 0.0 0.0 61.8 401.4 749.2
17:14:29.687 0.0 0.0 61.8 401.4 749.2
17:14:29.718 0.0 0.0 61.6 409.2 756.4
17:14:29.765 0.0 0.0 61.3 412.4 754.7
17:14:29.812 0.0 0.0 61.1 420.2 761.8
17:14:29.859 0.0 0.0 60.9 418.7 751.2
17:14:29.921 0.0 0.0 60.7 421.5 749.6
17:14:29.968 0.0 0.0 60.4 424.7 747.8
17:14:30.015 0.0 0.0 60.2 427.6 746.2
17:14:30.046 0.0 0.0 60.0 430.6 744.4
17:14:30.093 0.0 0.0 59.7 438.8 751.2
17:14:30.125 0.0 0.0 59.5 441.9 749.4
17:14:30.156 0.0 0.0 59.5 436.9 740.8
17:14:30.203 0.0 0.0 59.2 444.9 747.7
17:14:30.250 0.0 0.0 59.0 448.1 745.8
17:14:30.281 0.0 0.0 58.8 451.2 743.9
17:14:30.328 0.0 0.0 58.5 459.2 750.7
17:14:30.375 0.0 0.0 58.3 457.1 740.3
17:14:30.421 0.0 0.0 58.1 460.0 738.4
17:14:30.468 0.0 0.0 57.8 463.1 736.5
17:14:30.500 0.0 0.0 57.6 466.0 734.6
17:14:30.546 0.0 0.0 57.4 469.1 732.7
17:14:30.609 0.0 0.0 57.4 469.1 732.7
17:14:30.640 0.0 0.0 57.1 472.1 730.8
17:14:30.671 0.0 0.0 56.9 475.1 728.8
17:14:30.718 0.0 0.0 56.7 478.1 726.9
17:14:30.765 0.0 0.0 56.4 481.1 724.9
17:14:30.796 0.0 0.0 56.2 483.9 723.0
17:14:30.843 0.0 0.0 56.0 486.9 721.0
17:14:30.890 0.0 0.0 55.7 495.4 727.3
17:14:30.937 0.0 0.0 55.5 498.5 725.2
17:14:30.984 0.0 0.0 55.5 504.1 733.5
17:14:31.015 0.0 0.0 55.3 501.3 723.3
17:14:31.062 0.0 0.0 55.0 504.2 721.2
17:14:31.109 0.0 0.0 54.8 507.2 719.1
17:14:31.156 0.0 0.0 54.6 510.2 717.0
17:14:31.203 0.0 0.0 54.3 513.2 714.9
17:14:31.234 0.0 0.0 54.1 521.9 720.9
17:14:31.281 0.0 0.0 53.9 524.9 718.7
17:14:31.312 0.0 0.0 53.6 527.8 716.6
17:14:31.359 0.0 0.0 53.4 530.6 714.5
17:14:31.406 0.0 0.0 53.4 530.6 714.5
17:14:31.437 0.0 0.0 53.2 533.6 712.3
17:14:31.515 0.0 0.0 52.7 539.5 707.9
17:14:31.562 0.0 0.0 52.5 542.4 705.6
17:14:31.593 0.0 0.0 52.5 542.4 705.6
17:14:31.625 0.0 0.0 52.2 545.2 703.4
17:14:31.671 0.0 0.0 52.0 554.2 709.1
17:14:31.703 0.0 0.0 51.8 557.0 706.9
17:14:31.750 0.0 0.0 51.8 563.2 714.8
17:14:31.796 0.0 0.0 51.5 559.9 704.6
17:14:31.828 0.0 0.0 51.3 562.8 702.3
17:14:31.875 0.0 0.0 51.1 565.6 700.1
17:14:31.921 0.0 0.0 50.8 568.6 697.7
17:14:31.953 0.0 0.0 50.6 571.3 695.4
17:14:32.000 0.0 0.0 50.4 580.6 700.7
17:14:32.046 0.0 0.0 50.4 580.6 700.7
17:14:32.093 0.0 0.0 50.1 583.6 698.3
17:14:32.125 0.0 0.0 49.8 587.3 695.1
17:14:32.171 0.0 0.0 49.6 590.1 692.7
17:14:32.218 0.0 0.0 49.3 579.9 675.2
17:14:32.265 0.0 0.0 49.1 595.7 688.0
17:14:32.296 0.0 0.0 48.9 598.5 685.5
17:14:32.343 0.0 0.0 48.6 601.5 682.9
17:14:32.390 0.0 0.0 48.4 604.1 680.6
17:14:32.437 0.0 0.0 48.2 607.0 678.0
17:14:32.484 0.0 0.0 48.2 607.0 678.0
17:14:32.515 0.0 0.0 47.9 609.7 675.5
17:14:32.562 0.0 0.0 47.7 625.8 688.0
17:14:32.609 0.0 0.0 47.5 615.1 670.7
17:14:32.656 0.0 0.0 47.2 617.8 668.1
17:14:32.687 0.0 0.0 46.9 628.4 671.9
17:14:32.734 0.0 0.0 46.7 631.0 669.5
17:14:32.781 0.0 0.0 46.7 637.9 676.8
17:14:32.828 0.0 0.0 46.5 633.7 666.9
17:14:32.859 0.0 0.0 46.2 636.5 664.3
17:14:32.906 0.0 0.0 45.9 640.0 660.9
17:14:32.953 0.0 0.0 45.7 642.8 658.2
17:14:32.984 0.0 0.0 45.7 642.8 658.2
17:14:33.031 0.0 0.0 45.5 645.4 655.6
17:14:33.078 0.0 0.0 45.2 648.2 652.9
17:14:33.125 0.0 0.0 45.0 650.9 650.2
17:14:33.171 0.0 0.0 44.7 674.9 668.6
17:14:33.203 0.0 0.0 44.5 677.6 665.8
17:14:33.265 0.0 0.0 44.3 680.3 663.1
17:14:33.296 0.0 0.0 44.0 683.8 659.5
17:14:33.328 0.0 0.0 44.0 683.8 659.5
17:14:33.375 0.0 0.0 43.7 686.5 656.7
17:14:33.406 0.0 0.0 43.5 689.1 653.9
17:14:33.453 0.0 0.0 43.3 677.3 637.3
17:14:33.500 0.0 0.0 43.0 679.8 634.6
17:14:33.531 0.0 0.0 42.8 682.4 631.9
17:14:33.578 0.0 0.0 42.6 707.2 649.2
17:14:33.625 0.0 0.0 42.6 699.8 642.5
17:14:33.671 0.0 0.0 42.3 709.8 646.3
17:14:33.703 0.0 0.0 42.1 704.9 636.8
17:14:33.750 0.0 0.0 41.9 707.5 634.0
17:14:33.796 0.0 0.0 41.6 710.2 630.9
17:14:33.843 0.0 0.0 41.4 712.8 628.0
17:14:33.875 0.0 0.0 41.4 712.8 628.0
17:14:33.921 0.0 0.0 41.1 716.3 624.0
17:14:33.968 0.0 0.0 40.9 733.7 634.5
17:14:34.015 0.0 0.0 40.6 736.3 631.4
17:14:34.062 0.0 0.0 40.4 738.9 628.4
17:14:34.093 0.0 0.0 40.1 749.3 631.6
17:14:34.140 0.0 0.0 39.9 751.7 628.8
17:14:34.187 0.0 0.0 39.7 754.2 625.7
17:14:34.234 0.0 0.0 39.4 756.8 622.6
17:14:34.265 0.0 0.0 39.2 759.7 619.1
17:14:34.312 0.0 0.0 39.2 759.7 619.1
17:14:34.359 0.0 0.0 39.0 754.1 610.1
17:14:34.406 0.0 0.0 38.7 756.6 607.0
17:14:34.437 0.0 0.0 38.5 759.1 603.9
17:14:34.484 0.0 0.0 38.3 769.4 607.0
17:14:34.515 0.0 0.0 38.0 771.9 603.8
17:14:34.562 0.0 0.0 37.8 798.0 619.1
17:14:34.609 0.0 0.0 37.6 792.7 609.6
17:14:34.656 0.0 0.0 37.6 792.7 609.6
17:14:34.687 0.0 0.0 37.3 803.0 612.6
17:14:34.718 0.0 0.0 37.0 798.4 602.1
17:14:34.765 0.0 0.0 36.8 800.9 598.8
17:14:34.812 0.0 0.0 36.8 808.9 604.8
17:14:34.875 0.0 0.0 36.6 819.3 607.6
17:14:34.890 0.0 0.0 36.3 805.7 592.4
17:14:34.937 0.0 0.0 36.1 808.1 589.0
17:14:34.968 0.0 0.0 35.9 810.5 585.7
17:14:35.015 0.0 0.0 35.6 812.9 582.4
17:14:35.031 0.0 0.0 35.6 812.9 582.4
17:14:35.078 0.0 0.0 35.4 823.5 584.7
17:14:35.125 0.0 0.0 35.2 825.8 581.6
17:14:35.171 0.0 0.0 34.9 828.2 578.1
17:14:35.218 0.0 0.0 34.7 830.5 574.7
17:14:35.250 0.0 0.0 34.4 832.9 571.3
17:14:35.296 0.0 0.0 34.2 851.8 579.1
17:14:35.343 0.0 0.0 34.0 870.7 586.8
17:14:35.375 0.0 0.0 34.0 845.9 570.0
17:14:35.421 0.0 0.0 33.8 864.7 577.9
17:14:35.468 0.0 0.0 33.5 850.4 563.2
17:14:35.515 0.0 0.0 33.3 853.0 559.3
17:14:35.562 0.0 0.0 33.0 855.0 556.3
17:14:35.593 0.0 0.0 32.8 857.2 552.8
17:14:35.640 0.0 0.0 32.6 859.5 549.2
17:14:35.687 0.0 0.0 32.3 904.0 572.5
17:14:35.734 0.0 0.0 32.1 914.7 574.2
17:14:35.765 0.0 0.0 31.9 908.7 564.9
17:14:35.812 0.0 0.0 31.9 917.2 570.2
17:14:35.859 0.0 0.0 31.6 936.5 577.1
17:14:35.906 0.0 0.0 31.4 938.9 573.2
17:14:39.046 0.0 0.0 15.9 1183.0 336.9
17:14:39.078 0.0 0.0 15.9 904.1 257.4
17:14:39.125 0.0 0.0 15.7 905.1 253.8
17:14:39.171 0.0 0.0 15.4 809.8 223.3
17:14:39.218 0.0 0.0 15.2 810.6 220.2
17:14:39.265 0.0 0.0 15.0 830.8 222.0
17:14:39.296 0.0 0.0 14.7 812.4 213.4
17:14:39.343 0.0 0.0 14.5 793.9 205.1
17:14:39.390 0.0 0.0 14.3 794.8 201.9
17:14:39.437 0.0 0.0 14.0 795.6 198.6
17:14:39.468 0.0 0.0 14.0 785.9 196.2
17:14:39.515 0.0 0.0 13.8 786.7 192.9
17:14:39.562 0.0 0.0 13.5 768.0 185.1
17:14:39.609 0.0 0.0 13.3 759.0 179.7
17:14:39.640 0.0 0.0 13.1 759.8 176.6
17:14:39.687 0.0 0.0 12.8 760.5 173.4
17:14:39.734 0.0 0.0 12.6 751.4 168.2
17:14:39.765 0.0 0.0 12.4 752.1 165.1
17:14:39.812 0.0 0.0 12.1 743.0 159.9
17:14:39.859 0.0 0.0 11.9 724.1 152.6
17:14:39.906 0.0 0.0 11.9 724.1 152.6
17:14:39.937 0.0 0.0 11.7 714.9 147.8
17:14:39.984 0.0 0.0 11.4 715.5 144.9
17:14:40.031 0.0 0.0 11.2 716.1 142.0
17:14:40.078 0.0 0.0 11.0 716.7 138.9
17:14:40.125 0.0 0.0 10.7 697.5 132.4
17:14:40.156 0.0 0.0 10.5 698.1 129.5
17:14:40.203 0.0 0.0 10.3 698.6 126.8
17:14:40.250 0.0 0.0 10.0 679.4 120.4
17:14:40.296 0.0 0.0 9.8 679.9 117.6
17:14:40.328 0.0 0.0 9.8 679.9 117.6
17:14:40.375 0.0 0.0 9.6 670.5 113.1
17:14:40.421 0.0 0.0 9.3 671.0 110.4
17:14:40.468 0.0 0.0 9.1 661.5 106.1
17:14:40.515 0.0 0.0 8.9 662.0 103.4
17:14:40.546 0.0 0.0 8.6 662.4 100.7
17:14:40.593 0.0 0.0 8.4 652.9 96.6
17:14:40.640 0.0 0.0 8.2 643.4 92.4
17:14:40.687 0.0 0.0 7.9 643.8 89.8
17:14:40.718 0.0 0.0 7.7 644.1 87.1
17:14:40.781 0.0 0.0 7.5 644.5 84.5
17:14:40.812 0.0 0.0 7.5 644.5 84.5
17:14:40.843 0.0 0.0 7.2 635.0 79.8
17:14:40.875 0.0 0.0 7.2 635.0 79.8
17:14:40.921 0.0 0.0 6.9 635.3 77.2
17:14:40.953 0.0 0.0 6.7 625.7 73.5
17:14:41.000 0.0 0.0 6.5 616.1 69.8
17:14:41.046 0.0 0.0 6.2 616.3 67.3
17:14:41.078 0.0 0.0 6.0 606.7 63.6
17:14:41.125 0.0 0.0 5.8 606.9 61.1
17:14:41.171 0.0 0.0 5.5 607.2 58.7
17:14:41.218 0.0 0.0 5.3 607.4 56.2
17:14:41.250 0.0 0.0 5.3 607.4 56.2
17:14:41.296 0.0 0.0 5.1 607.6 53.7
17:14:41.343 0.0 0.0 4.8 597.9 50.4
17:14:41.390 0.0 0.0 4.6 598.1 48.0
17:14:41.421 0.0 0.0 4.4 598.3 45.5
17:14:41.468 0.0 0.0 4.1 588.5 42.3
17:14:41.500 0.0 0.0 3.9 578.7 39.3
17:14:41.546 0.0 0.0 3.7 578.8 37.0
17:14:41.593 0.0 0.0 3.7 578.8 37.0
17:14:41.640 0.0 0.0 3.4 579.0 34.6
17:14:41.687 0.0 0.0 3.2 579.1 32.3
17:14:41.718 0.0 0.0 3.0 569.2 29.4
17:14:41.765 0.0 0.0 2.7 569.4 27.0
17:14:41.812 0.0 0.0 2.5 569.5 24.7
17:14:41.859 0.0 0.0 2.2 569.6 22.3
17:14:41.890 0.0 0.0 2.0 569.7 19.9
17:14:41.937 0.0 0.0 1.8 569.7 17.8
17:14:42.000 0.0 0.0 1.6 569.8 15.4
17:14:42.031 0.0 0.0 1.6 569.8 15.4
17:14:42.078 0.0 0.0 1.3 569.8 13.1
17:14:42.109 0.0 0.0 1.1 569.9 10.7
17:14:42.156 0.0 0.0 0.9 569.9 8.5
17:14:42.203 0.0 0.0 0.6 580.0 6.2
17:14:42.250 0.0 0.0 0.4 580.0 3.8
17:14:42.281 0.0 0.0 0.1 580.0 1.5
17:14:42.328 0.0 0.0 -0.1 580.0 -0.9
17:14:42.390 0.0 0.0 -0.3 580.0 -3.3
17:14:42.421 0.0 0.0 -0.6 580.0 -5.7
17:14:42.453 0.0 0.0 -0.6 590.0 -5.8
17:14:42.500 0.0 0.0 -0.8 589.9 -8.2
17:14:42.546 0.0 0.0 -1.0 589.9 -10.5
17:14:42.609 0.0 0.0 -1.3 589.9 -12.9
17:14:42.625 0.0 0.0 -1.3 589.9 -12.9
17:14:42.656 0.0 0.0 -1.5 589.8 -15.7
17:14:42.703 0.0 0.0 -1.8 599.7 -18.9
17:14:42.750 0.0 0.0 -2.0 599.6 -21.4
17:14:42.812 0.0 0.0 -2.3 599.5 -23.7
17:14:42.828 0.0 0.0 -2.6 599.4 -27.1
17:14:42.875 0.0 0.0 -2.6 609.4 -27.5
17:14:42.921 0.0 0.0 -3.1 609.1 -32.5
17:14:42.953 0.0 0.0 -3.1 609.1 -32.5
17:14:43.000 0.0 0.0 -3.3 609.0 -35.0
17:14:43.046 0.0 0.0 -3.5 608.9 -37.4
17:14:43.093 0.0 0.0 -3.8 608.7 -39.9
17:14:43.140 0.0 0.0 -4.0 608.5 -42.4
17:14:43.187 0.0 0.0 -4.2 608.3 -44.9
17:14:43.218 0.0 0.0 -4.5 618.1 -48.2
17:14:43.265 0.0 0.0 -4.7 617.9 -50.6
17:14:43.312 0.0 0.0 -4.9 617.7 -53.2
17:14:43.343 0.0 0.0 -4.9 617.7 -53.2
17:14:43.406 0.0 0.0 -5.2 627.4 -56.7
17:14:43.437 0.0 0.0 -5.4 627.2 -59.2
17:14:43.484 0.0 0.0 -5.6 627.0 -61.8
17:14:43.531 0.0 0.0 -5.9 626.7 -64.4
17:14:43.562 0.0 0.0 -6.1 626.4 -66.9
17:14:43.609 0.0 0.0 -6.3 636.1 -70.5
17:14:43.656 0.0 0.0 -6.6 635.8 -73.1
17:14:43.703 0.0 0.0 -6.8 635.5 -75.7
17:14:43.734 0.0 0.0 -7.0 645.1 -79.5
17:14:43.781 0.0 0.0 -7.0 645.1 -79.5
17:14:43.828 0.0 0.0 -7.3 644.8 -82.2
17:14:43.875 0.0 0.0 -7.5 644.4 -84.9
17:14:43.906 0.0 0.0 -7.7 644.1 -87.6
17:14:43.953 0.0 0.0 -8.0 643.7 -90.1
17:14:44.000 0.0 0.0 -8.2 653.3 -94.1
17:14:44.046 0.0 0.0 -8.4 652.9 -96.8
17:14:44.078 0.0 0.0 -8.7 652.5 -99.4
17:14:44.125 0.0 0.0 -8.9 661.9 -103.7
17:14:44.171 0.0 0.0 -9.1 661.5 -106.3
17:14:44.218 0.0 0.0 -9.1 651.6 -104.7
17:14:44.265 0.0 0.0 -9.4 661.0 -109.7
17:14:44.296 0.0 0.0 -9.7 660.4 -112.7
17:14:44.343 0.0 0.0 -9.9 660.0 -115.4
17:14:44.390 0.0 0.0 -10.2 659.5 -118.1
17:14:44.437 0.0 0.0 -10.4 668.9 -122.5
17:14:44.468 0.0 0.0 -10.6 668.4 -125.3
17:14:44.515 0.0 0.0 -10.6 668.4 -125.3
17:14:44.562 0.0 0.0 -10.8 687.5 -131.7
17:14:44.609 0.0 0.0 -11.1 686.9 -134.6
17:14:44.656 0.0 0.0 -11.3 686.4 -137.3
17:14:44.687 0.0 0.0 -11.5 685.8 -140.1
17:14:44.734 0.0 0.0 -11.8 685.2 -143.0
17:14:44.781 0.0 0.0 -12.0 684.6 -145.8
17:14:44.812 0.0 0.0 -12.2 693.8 -150.6
17:14:44.859 0.0 0.0 -12.5 693.2 -153.7
17:14:44.906 0.0 0.0 -12.7 702.3 -158.6
17:14:44.953 0.0 0.0 -12.7 702.3 -158.6
17:14:44.984 0.0 0.0 -13.0 701.7 -161.5
17:14:45.031 0.0 0.0 -13.2 701.0 -164.4
17:14:45.078 0.0 0.0 -13.4 710.0 -169.5
17:14:45.125 0.0 0.0 -13.7 709.4 -172.3
17:14:45.171 0.0 0.0 -13.9 708.6 -175.4
17:14:45.203 0.0 0.0 -14.1 707.9 -178.1
17:14:45.250 0.0 0.0 -14.4 707.2 -181.1
17:14:45.281 0.0 0.0 -14.6 716.1 -186.4
17:14:45.328 0.0 0.0 -14.6 725.8 -188.9
17:14:45.375 0.0 0.0 -14.8 725.0 -192.0
17:14:45.406 0.0 0.0 -15.1 724.2 -194.8
17:14:45.453 0.0 0.0 -15.3 733.1 -200.6
17:14:45.500 0.0 0.0 -15.5 732.3 -203.5
17:14:45.546 0.0 0.0 -15.8 741.0 -209.2
17:14:45.578 0.0 0.0 -16.0 740.2 -212.2
17:14:45.609 0.0 0.0 -16.0 740.2 -212.2
17:14:45.656 0.0 0.0 -16.2 739.3 -215.1
17:14:45.703 0.0 0.0 -16.5 738.4 -218.3
17:14:45.750 0.0 0.0 -16.7 737.5 -221.3
17:14:45.781 0.0 0.0 -16.9 774.9 -235.9
17:14:45.828 0.0 0.0 -17.2 1089.2 -336.6
17:14:45.875 0.0 0.0 -17.4 1087.8 -340.9
17:14:48.796 0.0 0.0 -31.5 767.2 -470.5
17:14:48.843 0.0 0.0 -31.7 714.3 -442.0
17:14:48.875 0.0 0.0 -32.0 712.5 -444.9
17:14:48.921 0.0 0.0 -32.2 693.8 -437.1
17:14:48.968 0.0 0.0 -32.4 675.1 -429.2
17:14:49.000 0.0 0.0 -32.7 673.4 -431.9
17:14:49.046 0.0 0.0 -32.9 663.2 -429.2
17:14:49.093 0.0 0.0 -33.1 661.5 -431.9
17:14:49.140 0.0 0.0 -33.4 659.6 -434.8
17:14:49.187 0.0 0.0 -33.6 641.2 -426.3
17:14:49.218 0.0 0.0 -33.6 641.2 -426.3
17:14:49.265 0.0 0.0 -33.8 639.5 -428.8
17:14:49.312 0.0 0.0 -34.1 637.7 -431.5
17:14:49.359 0.0 0.0 -34.3 627.7 -428.5
17:14:49.390 0.0 0.0 -34.6 625.9 -431.1
17:14:49.437 0.0 0.0 -34.8 616.0 -427.9
17:14:49.484 0.0 0.0 -35.0 614.2 -430.4
17:14:49.531 0.0 0.0 -35.0 614.2 -430.4
17:14:49.562 0.0 0.0 -35.3 603.8 -427.8
17:14:49.609 0.0 0.0 -35.6 593.8 -424.7
17:14:49.656 0.0 0.0 -35.8 592.1 -427.0
17:14:49.718 0.0 0.0 -36.0 582.3 -423.5
17:14:49.734 0.0 0.0 -36.0 574.2 -417.7
17:14:49.781 0.0 0.0 -36.3 571.9 -420.7
17:14:49.828 0.0 0.0 -36.6 562.2 -417.1
17:14:49.875 0.0 0.0 -36.8 560.5 -419.4
17:14:49.906 0.0 0.0 -37.0 558.7 -421.7
17:14:49.953 0.0 0.0 -37.3 541.1 -411.9
17:14:50.000 0.0 0.0 -37.5 539.3 -414.2
17:14:50.046 0.0 0.0 -37.8 537.6 -416.3
17:14:50.093 0.0 0.0 -38.0 528.1 -412.3
17:14:50.125 0.0 0.0 -38.3 526.1 -414.9
17:14:50.171 0.0 0.0 -38.4 524.7 -416.6
17:14:50.218 0.0 0.0 -38.4 516.9 -410.4
17:14:50.265 0.0 0.0 -38.7 515.2 -412.6
17:14:50.328 0.0 0.0 -38.9 513.5 -414.6
17:14:50.343 0.0 0.0 -39.2 503.6 -410.9
17:14:50.390 0.0 0.0 -39.5 494.1 -406.8
17:14:50.437 0.0 0.0 -39.7 492.4 -408.9
17:14:50.484 0.0 0.0 -39.9 490.7 -410.9
17:14:50.515 0.0 0.0 -39.9 483.0 -404.4
17:14:50.562 0.0 0.0 -40.2 481.2 -406.6
17:14:50.609 0.0 0.0 -40.4 479.8 -408.3
17:14:50.640 0.0 0.0 -40.6 478.0 -410.3
17:14:50.687 0.0 0.0 -40.9 476.4 -412.2
17:14:50.734 0.0 0.0 -41.1 467.2 -407.6
17:14:50.781 0.0 0.0 -41.3 465.5 -409.5
17:14:50.828 0.0 0.0 -41.6 463.8 -411.4
17:14:50.859 0.0 0.0 -41.8 462.2 -413.3
17:14:50.921 0.0 0.0 -41.8 462.2 -413.3
17:14:50.953 0.0 0.0 -42.0 467.9 -421.9
17:14:50.984 0.0 0.0 -42.3 465.6 -424.4
17:14:51.031 0.0 0.0 -42.6 463.8 -426.4
17:14:51.078 0.0 0.0 -42.8 469.4 -435.0
17:14:51.125 0.0 0.0 -43.1 467.6 -437.0
17:14:51.171 0.0 0.0 -43.3 465.9 -438.8
17:14:51.203 0.0 0.0 -43.5 464.1 -440.7
17:14:51.250 0.0 0.0 -43.5 471.4 -447.6
17:14:51.296 0.0 0.0 -43.7 469.6 -449.5
17:14:51.343 0.0 0.0 -44.0 467.7 -451.4
17:14:51.375 0.0 0.0 -44.2 465.9 -453.3
17:14:51.421 0.0 0.0 -44.5 463.9 -455.3
17:14:51.468 0.0 0.0 -44.7 462.1 -457.1
17:14:51.515 0.0 0.0 -44.9 460.2 -459.0
17:14:51.546 0.0 0.0 -44.9 460.2 -459.0
17:14:51.593 0.0 0.0 -45.3 464.1 -469.2
17:14:51.640 0.0 0.0 -45.5 462.2 -471.1
17:14:51.687 0.0 0.0 -45.8 460.3 -473.0
17:14:51.718 0.0 0.0 -46.0 458.4 -474.9
17:14:51.765 0.0 0.0 -46.3 456.4 -476.8
17:14:51.812 0.0 0.0 -46.3 456.4 -476.8
17:14:51.859 0.0 0.0 -46.5 461.4 -485.8
17:14:51.906 0.0 0.0 -46.7 459.3 -487.8
17:14:51.937 0.0 0.0 -47.0 457.3 -489.6
17:14:51.984 0.0 0.0 -47.2 455.4 -491.5
17:14:52.031 0.0 0.0 -47.4 453.4 -493.3
17:14:52.078 0.0 0.0 -47.7 451.4 -495.2
17:14:52.109 0.0 0.0 -47.9 456.1 -504.4
17:14:52.156 0.0 0.0 -48.1 453.9 -506.3
17:14:52.203 0.0 0.0 -48.4 451.9 -508.1
17:14:52.250 0.0 0.0 -48.4 451.9 -508.1
17:14:52.281 0.0 0.0 -48.6 456.5 -517.4
17:14:52.328 0.0 0.0 -48.8 454.3 -519.4
17:14:52.375 0.0 0.0 -49.1 451.9 -521.5
17:14:52.421 0.0 0.0 -49.3 450.1 -523.0
17:14:52.468 0.0 0.0 -49.5 447.8 -524.9
17:14:52.500 0.0 0.0 -49.8 452.2 -534.4
17:14:52.562 0.0 0.0 -50.0 450.0 -536.2
17:14:52.593 0.0 0.0 -50.2 447.9 -538.0
17:14:52.640 0.0 0.0 -50.5 452.0 -547.5
17:14:52.671 0.0 0.0 -50.5 452.0 -547.5
17:14:52.718 0.0 0.0 -50.7 449.8 -549.4
17:14:52.750 0.0 0.0 -50.9 453.9 -558.9
17:14:52.796 0.0 0.0 -51.2 451.6 -560.8
17:14:52.843 0.0 0.0 -51.4 449.2 -562.7
17:14:52.875 0.0 0.0 -51.6 453.1 -572.4
17:14:52.921 0.0 0.0 -51.9 450.9 -574.1
17:14:52.984 0.0 0.0 -51.9 450.9 -574.1
17:14:53.015 0.0 0.0 -52.1 448.5 -576.0
17:14:53.046 0.0 0.0 -52.4 445.2 -578.5
17:14:53.093 0.0 0.0 -52.7 442.8 -580.3
17:14:53.140 0.0 0.0 -52.9 446.7 -590.0
17:14:53.187 0.0 0.0 -53.1 450.2 -599.8
17:14:53.234 0.0 0.0 -53.3 447.8 -601.6
17:14:53.281 0.0 0.0 -53.6 445.4 -603.5
17:14:53.312 0.0 0.0 -53.8 448.7 -613.4
17:14:53.359 0.0 0.0 -53.8 448.7 -613.4
17:14:53.406 0.0 0.0 -54.0 446.3 -615.2
17:14:53.453 0.0 0.0 -54.3 449.6 -625.1
17:14:53.484 0.0 0.0 -54.5 447.0 -627.0
17:14:53.531 0.0 0.0 -54.7 444.4 -628.8
17:14:53.578 0.0 0.0 -55.0 441.8 -630.7
17:14:53.593 0.0 0.0 -55.0 441.8 -630.7
17:14:53.640 0.0 0.0 -55.2 445.0 -640.6
17:14:53.671 0.0 0.0 -55.5 442.2 -642.5
17:14:53.718 0.0 0.0 -55.7 439.7 -644.2
17:14:53.765 0.0 0.0 -55.9 453.9 -670.9
17:14:53.812 0.0 0.0 -56.2 451.1 -672.7
17:14:53.843 0.0 0.0 -56.4 448.4 -674.5
17:14:53.890 0.0 0.0 -56.6 467.6 -709.8
17:14:53.937 0.0 0.0 -56.6 566.7 -860.1
17:14:53.984 0.0 0.0 -56.9 563.2 -862.4
