Тестовая информация 0. Исходные сенсорные данные: Time, X_rob, Y_rob, Ang_rob, X_obj, Y_obj (мм, град)
17:17:18.890 0.0 0.0 75.2 293.8 1111.8
17:17:18.921 0.0 0.0 75.2 293.8 1111.8
17:17:18.968 0.0 0.0 75.2 293.8 1111.8
17:17:19.015 0.0 0.0 75.2 293.8 1111.8
17:17:19.062 0.0 0.0 75.2 296.4 1121.5
17:17:19.109 0.0 0.0 75.2 296.4 1121.5
17:17:19.140 0.0 0.0 75.2 293.8 1111.8
17:17:19.187 0.0 0.0 75.2 296.4 1121.5
17:17:19.234 0.0 0.0 75.2 298.9 1131.2
17:17:19.281 0.0 0.0 75.2 296.4 1121.5
17:17:19.328 0.0 0.0 75.2 296.4 1121.5
17:17:19.359 0.0 0.0 75.2 293.8 1111.8
17:17:19.406 0.0 0.0 75.2 291.3 1102.2
17:17:19.453 0.0 0.0 75.2 291.3 1102.2
17:17:19.500 0.0 0.0 75.2 291.3 1102.2
17:17:19.546 0.0 0.0 75.2 291.3 1102.2
17:17:19.578 0.0 0.0 75.2 293.8 1111.8
17:17:19.625 0.0 0.0 75.2 293.8 1111.8
17:17:19.671 0.0 0.0 75.2 293.8 1111.8
17:17:19.718 0.0 0.0 75.2 293.8 1111.8
17:17:19.750 0.0 0.0 75.2 293.8 1111.8
17:17:19.796 0.0 0.0 75.2 293.8 1111.8
17:17:19.843 0.0 0.0 75.2 293.8 1111.8
17:17:19.890 0.0 0.0 75.0 297.4 1110.9
17:17:19.937 0.0 0.0 74.8 301.7 1109.7
17:17:19.984 0.0 0.0 74.5 306.6 1108.4
17:17:20.015 0.0 0.0 74.3 316.3 1126.4
17:17:20.062 0.0 0.0 74.0 322.5 1124.7
17:17:20.109 0.0 0.0 73.8 327.1 1123.3
17:17:20.156 0.0 0.0 73.8 321.5 1104.1
17:17:20.203 0.0 0.0 73.5 325.9 1102.8
17:17:20.234 0.0 0.0 73.3 331.1 1101.3
17:17:20.281 0.0 0.0 73.1 334.7 1100.2
17:17:20.328 0.0 0.0 72.8 333.6 1079.6
17:17:20.359 0.0 0.0 72.6 343.8 1097.4
17:17:20.406 0.0 0.0 72.4 348.4 1095.9
17:17:20.453 0.0 0.0 72.1 352.9 1094.5
17:17:20.500 0.0 0.0 71.9 357.5 1093.0
17:17:20.531 0.0 0.0 71.7 358.5 1082.2
17:17:20.578 0.0 0.0 71.7 358.5 1082.2
17:17:20.625 0.0 0.0 71.4 375.7 1118.6
17:17:20.671 0.0 0.0 71.2 367.6 1079.1
17:17:20.703 0.0 0.0 71.0 368.8 1068.1
17:17:20.750 0.0 0.0 70.7 373.0 1066.7
17:17:20.796 0.0 0.0 70.5 367.3 1036.9
17:17:20.828 0.0 0.0 70.5 367.3 1036.9
17:17:20.875 0.0 0.0 70.2 389.9 1081.9
17:17:20.921 0.0 0.0 70.0 387.4 1061.5
17:17:20.968 0.0 0.0 69.7 392.1 1059.8
17:17:21.000 0.0 0.0 69.5 403.1 1077.0
17:17:21.046 0.0 0.0 69.2 407.5 1075.4
17:17:21.093 0.0 0.0 69.0 404.6 1055.1
17:17:21.140 0.0 0.0 68.8 409.0 1053.4
17:17:21.171 0.0 0.0 68.5 409.7 1042.4
17:17:21.218 0.0 0.0 68.5 409.7 1042.4
17:17:21.265 0.0 0.0 68.3 414.1 1040.6
17:17:21.312 0.0 0.0 68.1 421.7 1048.4
17:17:21.343 0.0 0.0 67.8 426.2 1046.6
17:17:21.421 0.0 0.0 67.4 434.9 1043.0
17:17:21.437 0.0 0.0 67.4 438.7 1052.2
17:17:21.484 0.0 0.0 67.2 442.7 1050.5
17:17:21.515 0.0 0.0 66.9 447.2 1048.6
17:17:21.562 0.0 0.0 66.7 443.6 1028.4
17:17:21.609 0.0 0.0 66.4 448.2 1026.4
17:17:21.656 0.0 0.0 66.4 448.2 1026.4
17:17:21.687 0.0 0.0 66.2 451.8 1024.8
17:17:21.734 0.0 0.0 66.0 456.0 1023.0
17:17:21.781 0.0 0.0 65.7 460.2 1021.1
17:17:21.828 0.0 0.0 65.5 472.6 1037.4
17:17:21.859 0.0 0.0 65.3 476.8 1035.5
17:17:21.906 0.0 0.0 65.0 485.2 1042.6
17:17:21.953 0.0 0.0 64.8 485.2 1031.6
17:17:22.000 0.0 0.0 64.6 489.6 1029.5
17:17:22.046 0.0 0.0 64.6 489.6 1029.5
17:17:22.078 0.0 0.0 64.3 495.1 1026.9
17:17:22.125 0.0 0.0 64.0 499.2 1024.9
17:17:22.171 0.0 0.0 63.8 503.6 1022.7
17:17:22.203 0.0 0.0 63.6 512.2 1029.6
17:17:22.250 0.0 0.0 63.3 516.3 1027.6
17:17:22.296 0.0 0.0 63.1 520.4 1025.5
17:17:22.328 0.0 0.0 63.1 524.9 1034.5
17:17:22.375 0.0 0.0 62.9 524.5 1023.4
17:17:22.421 0.0 0.0 62.6 528.9 1021.1
17:17:22.453 0.0 0.0 62.4 528.4 1010.2
17:17:22.500 0.0 0.0 62.2 532.4 1008.0
17:17:22.546 0.0 0.0 61.9 536.6 1005.8
17:17:22.578 0.0 0.0 61.7 540.7 1003.6
17:17:22.625 0.0 0.0 61.4 544.9 1001.3
17:17:22.671 0.0 0.0 61.4 544.9 1001.3
17:17:22.718 0.0 0.0 61.2 553.8 1007.9
17:17:22.765 0.0 0.0 61.0 553.1 996.9
17:17:22.796 0.0 0.0 60.8 556.9 994.7
17:17:22.843 0.0 0.0 60.5 521.8 922.7
17:17:22.890 0.0 0.0 60.3 510.6 894.5
17:17:22.937 0.0 0.0 60.1 514.2 892.5
17:17:22.968 0.0 0.0 59.8 467.6 803.9
17:17:23.015 0.0 0.0 59.6 445.5 758.9
17:17:23.062 0.0 0.0 59.3 448.6 757.0
17:17:23.109 0.0 0.0 59.1 426.1 712.3
17:17:23.140 0.0 0.0 59.1 421.0 703.7
17:17:23.187 0.0 0.0 58.9 423.8 702.0
17:17:23.234 0.0 0.0 58.6 405.9 666.1
17:17:23.281 0.0 0.0 58.4 408.9 664.2
17:17:23.328 0.0 0.0 58.2 411.3 662.8
17:17:23.359 0.0 0.0 57.9 413.9 661.1
17:17:23.406 0.0 0.0 57.7 411.3 650.9
17:17:23.453 0.0 0.0 57.5 414.0 649.2
17:17:23.484 0.0 0.0 57.2 411.2 639.1
17:17:23.531 0.0 0.0 57.2 405.8 630.7
17:17:23.578 0.0 0.0 57.0 408.4 629.0
17:17:23.625 0.0 0.0 56.8 400.0 610.7
17:17:23.671 0.0 0.0 56.5 391.5 592.3
17:17:23.703 0.0 0.0 56.3 394.0 590.7
17:17:23.750 0.0 0.0 56.1 396.3 589.1
17:17:23.796 0.0 0.0 55.8 398.7 587.5
17:17:23.843 0.0 0.0 55.6 401.1 585.9
17:17:23.890 0.0 0.0 55.4 397.8 576.0
17:17:23.921 0.0 0.0 55.1 394.4 566.2
17:17:23.968 0.0 0.0 55.1 394.4 566.2
17:17:24.015 0.0 0.0 54.9 396.7 564.6
17:17:24.062 0.0 0.0 54.7 393.2 554.8
17:17:24.093 0.0 0.0 54.4 395.9 552.8
17:17:24.140 0.0 0.0 54.1 392.6 542.9
17:17:24.187 0.0 0.0 53.9 394.9 541.2
17:17:24.234 0.0 0.0 53.7 397.1 539.7
17:17:24.265 0.0 0.0 53.7 391.1 531.6
17:17:24.312 0.0 0.0 53.3 394.0 529.5
17:17:24.359 0.0 0.0 53.1 396.2 527.9
17:17:24.406 0.0 0.0 52.9 398.3 526.3
17:17:24.437 0.0 0.0 52.6 394.4 516.6
17:17:24.484 0.0 0.0 52.4 396.6 515.0
17:17:24.531 0.0 0.0 52.2 392.5 505.5
17:17:24.578 0.0 0.0 52.2 386.3 497.6
17:17:24.609 0.0 0.0 51.9 388.4 496.0
17:17:24.671 0.0 0.0 51.7 384.2 486.6
17:17:24.703 0.0 0.0 51.4 386.9 484.5
17:17:24.750 0.0 0.0 51.2 388.9 482.9
17:17:24.765 0.0 0.0 51.2 382.6 475.1
17:17:24.812 0.0 0.0 50.9 384.6 473.5
17:17:24.859 0.0 0.0 50.7 386.5 472.0
17:17:24.906 0.0 0.0 50.4 382.1 462.6
17:17:24.937 0.0 0.0 50.2 383.9 461.1
17:17:24.984 0.0 0.0 50.0 385.8 459.5
17:17:25.031 0.0 0.0 49.8 387.6 458.0
17:17:25.078 0.0 0.0 49.5 389.5 456.4
17:17:25.125 0.0 0.0 49.3 397.9 462.4
17:17:25.156 0.0 0.0 49.3 397.9 462.4
17:17:25.203 0.0 0.0 49.0 399.8 460.7
17:17:25.250 0.0 0.0 48.8 401.6 459.2
17:17:25.296 0.0 0.0 48.6 403.5 457.5
17:17:25.328 0.0 0.0 48.3 406.0 455.3
17:17:25.375 0.0 0.0 48.0 407.9 453.6
17:17:25.421 0.0 0.0 48.0 414.5 461.0
17:17:25.468 0.0 0.0 47.8 416.4 459.3
17:17:25.500 0.0 0.0 47.5 418.5 457.4
17:17:25.546 0.0 0.0 47.3 420.8 455.4
17:17:25.593 0.0 0.0 47.0 422.6 453.6
17:17:25.625 0.0 0.0 47.0 429.4 461.0
17:17:25.671 0.0 0.0 46.8 431.3 459.2
17:17:25.718 0.0 0.0 46.5 433.3 457.3
17:17:25.765 0.0 0.0 46.3 435.1 455.6
17:17:25.796 0.0 0.0 46.1 443.8 461.1
17:17:25.843 0.0 0.0 45.9 445.7 459.3
17:17:25.890 0.0 0.0 45.6 447.6 457.5
17:17:25.937 0.0 0.0 45.4 449.5 455.6
17:17:25.953 0.0 0.0 45.4 449.5 455.6
17:17:26.000 0.0 0.0 45.2 458.4 460.8
17:17:26.046 0.0 0.0 44.9 460.3 459.0
17:17:26.093 0.0 0.0 44.7 462.1 457.1
17:17:26.125 0.0 0.0 44.4 464.0 455.2
17:17:26.171 0.0 0.0 44.2 465.9 453.3
17:17:26.218 0.0 0.0 44.0 467.7 451.4
17:17:26.281 0.0 0.0 43.7 469.6 449.5
17:17:26.296 0.0 0.0 43.5 471.3 447.7
17:17:26.343 0.0 0.0 43.5 471.3 447.7
17:17:26.390 0.0 0.0 43.3 473.2 445.6
17:17:26.437 0.0 0.0 43.1 474.9 443.8
17:17:26.468 0.0 0.0 42.8 476.8 441.8
17:17:26.515 0.0 0.0 42.6 486.0 446.6
17:17:26.546 0.0 0.0 42.3 487.8 444.6
17:17:26.593 0.0 0.0 42.1 489.7 442.5
17:17:26.625 0.0 0.0 42.1 489.7 442.5
17:17:26.671 0.0 0.0 41.9 491.4 440.6
17:17:26.718 0.0 0.0 41.7 493.1 438.6
17:17:26.765 0.0 0.0 41.4 502.4 443.2
17:17:26.796 0.0 0.0 41.2 504.3 441.1
17:17:26.843 0.0 0.0 40.9 506.1 439.1
17:17:26.890 0.0 0.0 40.7 507.9 437.0
17:17:26.937 0.0 0.0 40.5 517.2 441.5
17:17:26.984 0.0 0.0 40.2 519.1 439.3
17:17:27.031 0.0 0.0 40.0 520.9 437.1
17:17:27.078 0.0 0.0 39.8 522.6 435.1
17:17:27.093 0.0 0.0 39.8 522.6 435.1
17:17:27.140 0.0 0.0 39.5 524.4 432.9
17:17:27.171 0.0 0.0 39.3 533.9 437.0
17:17:27.218 0.0 0.0 39.1 535.6 434.9
17:17:27.265 0.0 0.0 38.8 537.4 432.8
17:17:27.312 0.0 0.0 38.6 539.2 430.5
17:17:27.359 0.0 0.0 38.6 539.2 430.5
17:17:27.390 0.0 0.0 38.4 548.8 434.6
17:17:27.437 0.0 0.0 38.1 550.5 432.4
17:17:27.484 0.0 0.0 37.9 552.3 430.1
17:17:27.515 0.0 0.0 37.7 562.0 433.9
17:17:27.562 0.0 0.0 37.4 563.8 431.5
17:17:27.609 0.0 0.0 37.2 565.5 429.3
17:17:27.640 0.0 0.0 37.2 565.5 429.3
17:17:27.687 0.0 0.0 37.0 567.3 426.9
17:17:27.718 0.0 0.0 36.7 569.1 424.6
17:17:27.765 0.0 0.0 36.5 578.7 428.3
17:17:27.812 0.0 0.0 36.3 580.5 425.9
17:17:27.843 0.0 0.0 36.0 582.2 423.6
17:17:27.890 0.0 0.0 35.8 592.1 427.0
17:17:27.937 0.0 0.0 35.6 593.8 424.6
17:17:27.984 0.0 0.0 35.3 595.5 422.2
17:17:28.015 0.0 0.0 35.3 603.6 428.0
17:17:28.062 0.0 0.0 35.1 605.4 425.5
17:17:28.109 0.0 0.0 34.9 607.2 423.0
17:17:28.156 0.0 0.0 34.6 617.2 426.1
17:17:28.187 0.0 0.0 34.4 618.9 423.7
17:17:28.234 0.0 0.0 34.2 620.6 421.1
17:17:28.281 0.0 0.0 33.9 630.7 424.0
17:17:28.312 0.0 0.0 33.7 632.4 421.5
17:17:28.359 0.0 0.0 33.5 634.1 419.0
17:17:28.406 0.0 0.0 33.2 644.1 421.9
17:17:28.453 0.0 0.0 33.2 644.1 421.9
17:17:28.500 0.0 0.0 33.0 645.8 419.3
17:17:28.546 0.0 0.0 32.8 647.5 416.7
17:17:28.578 0.0 0.0 32.5 657.7 419.2
17:17:28.625 0.0 0.0 32.3 659.3 416.7
17:17:28.656 0.0 0.0 32.1 661.1 414.0
17:17:28.703 0.0 0.0 31.8 662.8 411.2
17:17:28.750 0.0 0.0 31.5 664.7 408.1
17:17:28.796 0.0 0.0 31.4 666.1 405.9
17:17:28.828 0.0 0.0 31.4 674.6 411.1
17:17:28.875 0.0 0.0 31.1 676.3 408.3
17:17:28.937 0.0 0.0 30.9 677.9 405.6
17:17:28.968 0.0 0.0 30.6 688.8 406.9
17:17:29.000 0.0 0.0 30.3 690.4 404.1
17:17:29.046 0.0 0.0 30.1 700.7 406.3
17:17:29.093 0.0 0.0 30.1 700.7 406.3
17:17:29.140 0.0 0.0 29.9 702.4 403.5
17:17:29.187 0.0 0.0 29.6 704.0 400.6
17:17:29.218 0.0 0.0 29.4 705.6 397.8
17:17:29.265 0.0 0.0 29.2 707.3 394.8
17:17:29.312 0.0 0.0 28.9 717.6 396.7
17:17:29.359 0.0 0.0 28.7 728.0 398.6
17:17:29.390 0.0 0.0 28.5 729.6 395.7
17:17:29.437 0.0 0.0 28.2 740.0 397.4
17:17:29.484 0.0 0.0 28.0 750.5 399.1
17:17:29.531 0.0 0.0 27.8 752.1 396.0
17:17:29.562 0.0 0.0 27.8 761.0 400.6
17:17:29.609 0.0 0.0 27.5 762.5 397.7
17:17:29.640 0.0 0.0 27.3 764.2 394.4
17:17:29.687 0.0 0.0 27.1 854.9 436.7
17:17:29.734 0.0 0.0 26.8 1035.1 523.5
17:17:29.750 0.0 0.0 26.8 1035.1 523.5
17:17:37.406 0.0 0.0 -10.5 934.0 -173.4
17:17:37.453 0.0 0.0 -10.8 903.8 -171.7
17:17:37.500 0.0 0.0 -11.0 903.2 -175.2
17:17:37.546 0.0 0.0 -11.2 774.9 -153.6
17:17:37.593 0.0 0.0 -11.4 774.3 -156.8
17:17:37.625 0.0 0.0 -11.7 773.6 -160.0
17:17:37.671 0.0 0.0 -11.9 773.0 -163.1
17:17:37.718 0.0 0.0 -12.2 772.3 -166.3
17:17:37.765 0.0 0.0 -12.4 771.6 -169.4
17:17:37.796 0.0 0.0 -12.6 770.9 -172.6
17:17:37.859 0.0 0.0 -12.9 760.4 -173.6
17:17:37.890 0.0 0.0 -12.9 760.4 -173.6
17:17:37.937 0.0 0.0 -13.1 759.7 -176.6
17:17:37.984 0.0 0.0 -13.3 759.0 -179.7
17:17:38.015 0.0 0.0 -13.6 758.2 -182.9
17:17:38.078 0.0 0.0 -13.8 747.8 -183.6
17:17:38.109 0.0 0.0 -14.0 737.3 -184.3
17:17:38.156 0.0 0.0 -14.3 736.6 -187.2
17:17:38.187 0.0 0.0 -14.5 735.8 -190.2
17:17:38.234 0.0 0.0 -14.7 735.0 -193.1
17:17:38.281 0.0 0.0 -14.7 735.0 -193.1
17:17:38.312 0.0 0.0 -15.0 724.3 -194.5
17:17:38.359 0.0 0.0 -15.3 723.5 -197.5
17:17:38.406 0.0 0.0 -15.5 722.7 -200.5
17:17:38.453 0.0 0.0 -15.7 712.2 -200.8
17:17:38.484 0.0 0.0 -16.0 711.4 -203.7
17:17:38.531 0.0 0.0 -16.2 710.6 -206.7
17:17:38.578 0.0 0.0 -16.2 701.0 -203.9
17:17:38.625 0.0 0.0 -16.5 700.1 -206.7
17:17:38.671 0.0 0.0 -16.7 699.3 -209.5
17:17:38.703 0.0 0.0 -16.9 698.4 -212.4
17:17:38.750 0.0 0.0 -17.2 697.5 -215.3
17:17:38.796 0.0 0.0 -17.4 696.7 -217.9
17:17:38.843 0.0 0.0 -17.6 686.3 -217.7
17:17:38.890 0.0 0.0 -17.8 685.4 -220.6
17:17:38.921 0.0 0.0 -18.1 684.4 -223.5
17:17:38.968 0.0 0.0 -18.3 683.5 -226.2
17:17:39.015 0.0 0.0 -18.3 674.0 -223.1
17:17:39.031 0.0 0.0 -18.5 673.1 -225.8
17:17:39.078 0.0 0.0 -18.8 672.2 -228.5
17:17:39.109 0.0 0.0 -19.0 661.8 -228.0
17:17:39.156 0.0 0.0 -19.0 661.8 -228.0
17:17:39.203 0.0 0.0 -19.2 660.9 -230.7
17:17:39.234 0.0 0.0 -19.5 659.9 -233.5
17:17:39.281 0.0 0.0 -19.7 659.0 -236.1
17:17:39.328 0.0 0.0 -20.0 658.0 -238.9
17:17:39.359 0.0 0.0 -20.2 647.6 -238.1
17:17:39.406 0.0 0.0 -20.4 646.7 -240.7
17:17:39.453 0.0 0.0 -20.6 645.7 -243.3
17:17:39.500 0.0 0.0 -20.9 644.7 -246.0
17:17:39.546 0.0 0.0 -21.1 643.7 -248.5
17:17:39.578 0.0 0.0 -21.1 634.4 -244.9
17:17:39.625 0.0 0.0 -21.4 633.3 -247.7
17:17:39.687 0.0 0.0 -21.6 632.3 -250.2
17:17:39.718 0.0 0.0 -21.9 631.1 -253.2
17:17:39.750 0.0 0.0 -22.1 629.9 -256.2
17:17:39.796 0.0 0.0 -22.4 628.9 -258.7
17:17:39.843 0.0 0.0 -22.6 618.6 -257.4
17:17:39.890 0.0 0.0 -22.6 618.6 -257.4
17:17:39.937 0.0 0.0 -22.8 617.5 -260.0
17:17:39.968 0.0 0.0 -23.1 616.4 -262.5
17:17:40.015 0.0 0.0 -23.3 615.4 -265.0
17:17:40.062 0.0 0.0 -23.5 614.3 -267.5
17:17:40.109 0.0 0.0 -23.8 604.0 -266.0
17:17:40.140 0.0 0.0 -24.0 602.9 -268.6
17:17:40.187 0.0 0.0 -24.2 601.9 -270.9
17:17:40.234 0.0 0.0 -24.5 600.7 -273.3
17:17:40.281 0.0 0.0 -24.7 590.5 -271.7
17:17:40.328 0.0 0.0 -24.9 598.5 -278.2
17:17:40.359 0.0 0.0 -24.9 589.4 -274.0
17:17:40.406 0.0 0.0 -25.2 588.3 -276.4
17:17:40.453 0.0 0.0 -25.4 587.1 -278.9
17:17:40.484 0.0 0.0 -25.7 585.9 -281.4
17:17:40.531 0.0 0.0 -25.9 584.8 -283.7
17:17:40.578 0.0 0.0 -26.1 583.7 -286.0
17:17:40.625 0.0 0.0 -26.3 582.5 -288.4
17:17:40.640 0.0 0.0 -26.3 582.5 -288.4
17:17:40.687 0.0 0.0 -26.6 581.4 -290.7
17:17:40.734 0.0 0.0 -26.8 580.1 -293.2
17:17:40.765 0.0 0.0 -27.0 578.9 -295.5
17:17:40.812 0.0 0.0 -27.3 577.7 -297.9
17:17:40.859 0.0 0.0 -27.5 585.4 -304.9
17:17:40.906 0.0 0.0 -27.7 584.1 -307.2
17:17:40.937 0.0 0.0 -28.0 582.8 -309.8
17:17:40.984 0.0 0.0 -28.2 581.6 -312.0
17:17:41.031 0.0 0.0 -28.2 581.6 -312.0
17:17:41.078 0.0 0.0 -28.5 589.1 -319.2
17:17:41.125 0.0 0.0 -28.7 596.6 -326.4
17:17:41.156 0.0 0.0 -28.9 595.2 -328.8
17:17:41.203 0.0 0.0 -29.2 602.6 -336.1
17:17:41.250 0.0 0.0 -29.4 601.2 -338.6
17:17:41.281 0.0 0.0 -29.6 599.9 -341.0
17:17:41.328 0.0 0.0 -29.9 607.1 -348.4
17:17:41.375 0.0 0.0 -30.1 605.7 -350.9
17:17:41.406 0.0 0.0 -30.1 605.7 -350.9
17:17:41.453 0.0 0.0 -30.3 612.9 -358.4
17:17:41.500 0.0 0.0 -30.5 620.1 -366.0
17:17:41.546 0.0 0.0 -30.8 618.5 -368.6
17:17:41.578 0.0 0.0 -31.0 617.0 -371.1
17:17:41.625 0.0 0.0 -31.3 624.0 -378.8
17:17:41.671 0.0 0.0 -31.5 622.5 -381.2
17:17:41.718 0.0 0.0 -31.7 629.5 -389.1
17:17:41.750 0.0 0.0 -32.0 627.8 -391.7
17:17:41.796 0.0 0.0 -32.0 627.8 -391.7
17:17:41.843 0.0 0.0 -32.2 643.2 -404.8
17:17:41.890 0.0 0.0 -32.4 641.6 -407.4
17:17:41.937 0.0 0.0 -32.7 639.9 -410.1
17:17:41.968 0.0 0.0 -32.9 646.5 -418.2
17:17:42.015 0.0 0.0 -33.1 653.2 -426.3
17:17:42.046 0.0 0.0 -33.4 651.5 -428.9
17:17:42.093 0.0 0.0 -33.6 658.1 -437.0
17:17:42.140 0.0 0.0 -33.8 664.5 -445.5
17:17:42.187 0.0 0.0 -33.8 664.5 -445.5
17:17:42.218 0.0 0.0 -34.1 671.0 -453.7
17:17:42.265 0.0 0.0 -34.3 677.4 -462.1
17:17:42.296 0.0 0.0 -34.5 667.3 -459.1
17:17:42.343 0.0 0.0 -34.5 675.6 -464.7
17:17:42.390 0.0 0.0 -34.8 689.5 -479.8
17:17:42.437 0.0 0.0 -35.1 662.3 -466.3
17:17:42.484 0.0 0.0 -35.4 684.8 -486.5
17:17:42.515 0.0 0.0 -35.6 764.0 -547.6
17:17:42.562 0.0 0.0 -35.6 764.0 -547.6
