Тестовая информация 0. Исходные сенсорные данные: Time, X_rob, Y_rob, Ang_rob, X_obj, Y_obj (мм, град)
17:22:56.765 0.0 0.0 69.1 443.0 1158.2
17:22:56.812 0.0 0.0 68.8 447.5 1156.4
17:22:56.859 0.0 0.0 68.6 452.4 1154.5
17:22:56.906 0.0 0.0 68.4 457.0 1152.7
17:22:56.921 0.0 0.0 68.4 457.0 1152.7
17:22:57.125 0.0 0.0 67.2 449.4 1069.4
17:22:57.171 0.0 0.0 67.2 449.4 1069.4
17:22:57.218 0.0 0.0 67.0 469.5 1104.3
17:22:57.265 0.0 0.0 66.7 466.0 1084.1
17:22:57.312 0.0 0.0 66.5 470.5 1082.2
17:22:57.343 0.0 0.0 66.3 474.9 1080.2
17:22:57.390 0.0 0.0 66.0 479.4 1078.2
17:22:57.437 0.0 0.0 65.8 483.6 1076.4
17:22:57.468 0.0 0.0 65.6 492.4 1083.4
17:22:57.515 0.0 0.0 65.3 492.4 1072.4
17:22:57.562 0.0 0.0 65.3 459.0 999.7
17:22:57.593 0.0 0.0 65.1 463.1 997.8
17:22:57.640 0.0 0.0 64.9 467.3 995.8
17:22:57.687 0.0 0.0 64.6 471.3 993.9
17:22:57.734 0.0 0.0 64.4 475.4 992.0
17:22:57.781 0.0 0.0 64.2 488.3 1008.0
17:22:57.812 0.0 0.0 63.9 492.3 1006.0
17:22:57.859 0.0 0.0 63.7 514.2 1039.8
17:22:57.906 0.0 0.0 63.5 500.5 1002.0
17:22:57.953 0.0 0.0 63.2 490.9 973.2
17:22:58.000 0.0 0.0 63.0 494.9 971.2
17:22:58.031 0.0 0.0 63.0 467.6 917.7
17:22:58.078 0.0 0.0 62.8 471.6 915.7
17:22:58.125 0.0 0.0 62.5 503.0 967.0
17:22:58.156 0.0 0.0 62.3 478.9 911.9
17:22:58.218 0.0 0.0 62.1 482.6 909.9
17:22:58.250 0.0 0.0 61.8 486.8 907.7
17:22:58.296 0.0 0.0 61.6 499.7 923.5
17:22:58.328 0.0 0.0 61.4 498.6 912.7
17:22:58.375 0.0 0.0 61.4 498.6 912.7
17:22:58.421 0.0 0.0 61.1 487.7 884.4
17:22:58.453 0.0 0.0 60.9 476.8 856.2
17:22:58.500 0.0 0.0 60.6 495.0 880.4
17:22:58.546 0.0 0.0 60.4 483.8 852.2
17:22:58.578 0.0 0.0 60.2 482.3 841.6
17:22:58.625 0.0 0.0 59.9 490.8 848.3
17:22:58.671 0.0 0.0 59.7 504.3 863.5
17:22:58.718 0.0 0.0 59.5 497.7 844.2
17:22:58.765 0.0 0.0 59.5 497.7 844.2
17:22:58.796 0.0 0.0 59.2 490.9 825.0
17:22:58.843 0.0 0.0 59.0 494.2 823.0
17:22:58.890 0.0 0.0 58.7 498.7 820.3
17:22:58.937 0.0 0.0 58.5 502.1 818.2
17:22:58.968 0.0 0.0 58.2 500.2 807.7
17:22:59.015 0.0 0.0 58.0 503.3 805.7
17:22:59.062 0.0 0.0 58.0 498.0 797.2
17:22:59.109 0.0 0.0 57.8 501.3 795.2
17:22:59.140 0.0 0.0 57.5 504.5 793.1
17:22:59.187 0.0 0.0 57.3 502.4 782.6
17:22:59.234 0.0 0.0 57.1 505.7 780.5
17:22:59.281 0.0 0.0 56.8 508.8 778.5
17:22:59.312 0.0 0.0 56.6 511.9 776.4
17:22:59.359 0.0 0.0 56.4 504.0 757.7
17:22:59.406 0.0 0.0 56.1 507.2 755.5
17:22:59.453 0.0 0.0 55.9 510.2 753.5
17:22:59.484 0.0 0.0 55.9 493.4 728.7
17:22:59.531 0.0 0.0 55.7 496.4 726.6
17:22:59.578 0.0 0.0 55.4 493.7 716.3
17:22:59.625 0.0 0.0 55.2 496.5 714.4
17:22:59.671 0.0 0.0 55.0 516.7 736.9
17:22:59.687 0.0 0.0 54.7 513.9 726.7
17:22:59.734 0.0 0.0 54.5 517.0 724.5
17:22:59.781 0.0 0.0 54.5 522.8 732.6
17:22:59.812 0.0 0.0 54.3 531.5 738.7
17:22:59.859 0.0 0.0 54.0 535.0 736.1
17:22:59.906 0.0 0.0 53.8 543.6 742.2
17:22:59.953 0.0 0.0 53.6 540.6 732.0
17:22:59.984 0.0 0.0 53.3 543.6 729.8
17:23:00.046 0.0 0.0 53.1 570.6 759.5
17:23:00.078 0.0 0.0 52.9 597.8 789.2
17:23:00.125 0.0 0.0 52.6 600.9 786.8
17:23:00.156 0.0 0.0 52.6 752.7 985.4
17:23:02.484 0.0 0.0 41.2 858.3 750.2
17:23:02.515 0.0 0.0 40.9 853.8 740.3
17:23:02.562 0.0 0.0 40.7 856.7 736.8
17:23:02.609 0.0 0.0 40.5 852.3 726.7
17:23:02.656 0.0 0.0 40.5 806.6 687.8
17:23:02.703 0.0 0.0 40.2 809.4 684.5
17:23:02.750 0.0 0.0 40.0 812.3 681.0
17:23:02.781 0.0 0.0 39.8 807.3 671.4
17:23:02.828 0.0 0.0 39.5 809.9 668.2
17:23:02.890 0.0 0.0 39.3 804.9 658.6
17:23:02.921 0.0 0.0 39.0 792.2 642.5
17:23:02.953 0.0 0.0 38.8 794.7 639.4
17:23:03.000 0.0 0.0 38.6 812.9 648.7
17:23:03.046 0.0 0.0 38.4 799.9 632.9
17:23:03.093 0.0 0.0 38.1 802.5 629.6
17:23:03.125 0.0 0.0 38.1 771.0 604.9
17:23:03.171 0.0 0.0 37.9 773.5 601.8
17:23:03.218 0.0 0.0 37.6 776.0 598.5
17:23:03.265 0.0 0.0 37.4 786.2 601.6
17:23:03.312 0.0 0.0 37.2 780.8 592.3
17:23:03.343 0.0 0.0 36.9 783.2 589.0
17:23:03.390 0.0 0.0 36.7 785.6 585.8
17:23:03.437 0.0 0.0 36.5 787.9 582.7
17:23:03.468 0.0 0.0 36.2 790.4 579.4
17:23:03.515 0.0 0.0 36.0 768.4 558.6
17:23:03.562 0.0 0.0 36.0 768.4 558.6
17:23:03.609 0.0 0.0 35.8 770.8 555.4
17:23:03.640 0.0 0.0 35.5 781.1 558.1
17:23:03.703 0.0 0.0 35.3 775.3 549.1
17:23:03.734 0.0 0.0 35.0 778.2 544.9
17:23:03.781 0.0 0.0 34.8 747.6 518.8
17:23:03.828 0.0 0.0 34.5 749.8 515.7
17:23:03.859 0.0 0.0 34.5 758.0 521.4
17:23:03.906 0.0 0.0 34.3 751.8 512.7
17:23:03.953 0.0 0.0 34.1 745.6 504.1
17:23:03.984 0.0 0.0 33.8 756.0 506.6
17:23:04.031 0.0 0.0 33.6 758.0 503.5
17:23:04.078 0.0 0.0 33.4 760.1 500.4
17:23:04.125 0.0 0.0 33.4 760.1 500.4
17:23:04.171 0.0 0.0 33.1 737.3 480.4
17:23:04.203 0.0 0.0 32.8 739.5 476.9
17:23:04.250 0.0 0.0 32.6 741.4 474.0
17:23:04.312 0.0 0.0 32.4 743.4 470.9
17:23:04.343 0.0 0.0 32.0 737.5 461.5
17:23:04.375 0.0 0.0 31.8 747.9 463.7
17:23:04.421 0.0 0.0 31.8 739.4 458.4
17:23:04.468 0.0 0.0 31.6 732.7 450.2
17:23:04.515 0.0 0.0 31.3 734.6 447.1
17:23:04.546 0.0 0.0 31.1 736.4 444.2
17:23:04.593 0.0 0.0 30.9 712.5 425.8
17:23:04.640 0.0 0.0 30.6 714.2 422.8
17:23:04.687 0.0 0.0 30.4 715.9 420.0
17:23:04.734 0.0 0.0 30.2 709.0 412.0
17:23:04.765 0.0 0.0 29.9 719.2 414.2
17:23:04.812 0.0 0.0 29.7 721.0 411.2
17:23:04.859 0.0 0.0 29.7 712.3 406.3
17:23:04.906 0.0 0.0 29.5 714.0 403.3
17:23:04.937 0.0 0.0 29.2 715.8 400.0
17:23:04.984 0.0 0.0 29.0 717.2 397.5
17:23:05.031 0.0 0.0 28.8 718.8 394.6
17:23:05.078 0.0 0.0 28.5 720.4 391.7
17:23:05.109 0.0 0.0 28.3 722.0 388.8
17:23:05.156 0.0 0.0 28.1 723.6 385.8
17:23:05.203 0.0 0.0 27.8 725.2 382.8
17:23:05.250 0.0 0.0 27.6 726.8 379.8
17:23:05.281 0.0 0.0 27.6 726.8 379.8
17:23:05.328 0.0 0.0 27.4 728.3 376.8
17:23:05.375 0.0 0.0 27.1 729.8 373.9
17:23:05.406 0.0 0.0 26.9 731.3 370.9
17:23:05.453 0.0 0.0 26.7 732.8 367.9
17:23:05.484 0.0 0.0 26.4 734.4 364.9
17:23:05.531 0.0 0.0 26.2 744.8 366.4
17:23:05.578 0.0 0.0 26.0 755.3 367.7
17:23:05.625 0.0 0.0 26.0 755.3 367.7
17:23:05.656 0.0 0.0 25.7 756.8 364.5
17:23:05.703 0.0 0.0 25.5 758.2 361.5
17:23:05.750 0.0 0.0 25.2 759.8 358.3
17:23:05.781 0.0 0.0 25.0 761.2 355.3
17:23:05.828 0.0 0.0 24.8 762.7 352.1
17:23:05.875 0.0 0.0 24.5 764.1 349.0
17:23:05.921 0.0 0.0 24.3 765.5 345.8
17:23:05.968 0.0 0.0 24.1 766.9 342.7
17:23:06.000 0.0 0.0 24.1 766.9 342.7
17:23:06.046 0.0 0.0 23.8 804.9 355.8
17:23:06.093 0.0 0.0 23.6 806.3 352.5
17:23:06.140 0.0 0.0 23.4 807.7 349.2
17:23:06.171 0.0 0.0 23.1 809.1 346.0
17:23:06.218 0.0 0.0 22.9 810.6 342.6
17:23:06.265 0.0 0.0 22.7 811.9 339.3
17:23:06.312 0.0 0.0 22.4 813.3 336.0
17:23:06.343 0.0 0.0 22.2 814.7 332.6
17:23:06.390 0.0 0.0 22.0 806.8 325.6
17:23:06.437 0.0 0.0 22.0 816.0 329.4
17:23:06.484 0.0 0.0 21.7 808.1 322.3
17:23:06.500 0.0 0.0 21.5 809.4 319.0
17:23:06.546 0.0 0.0 21.3 847.9 330.3
17:23:06.578 0.0 0.0 21.3 810.7 315.8
17:23:06.609 0.0 0.0 21.0 812.0 312.4
17:23:06.640 0.0 0.0 20.8 841.3 319.7
17:23:06.687 0.0 0.0 20.6 823.8 309.4
17:23:06.734 0.0 0.0 20.3 825.1 305.9
17:23:06.781 0.0 0.0 20.1 845.2 309.4
17:23:06.828 0.0 0.0 19.9 902.8 326.4
17:23:06.875 0.0 0.0 19.9 902.8 326.4
17:23:06.906 0.0 0.0 19.6 904.2 322.6
17:23:06.953 0.0 0.0 19.4 886.6 312.3
17:23:07.000 0.0 0.0 19.2 887.9 308.6
17:23:07.046 0.0 0.0 18.9 889.1 305.1
17:23:07.078 0.0 0.0 18.7 918.8 311.1
17:23:07.125 0.0 0.0 18.5 891.6 297.7
17:23:07.171 0.0 0.0 18.2 902.2 297.4
17:23:07.218 0.0 0.0 18.0 922.5 299.8
17:23:07.250 0.0 0.0 18.0 922.5 299.8
17:23:07.296 0.0 0.0 17.8 961.8 308.3
17:23:07.343 0.0 0.0 17.5 944.0 298.4
17:23:07.390 0.0 0.0 17.3 945.2 294.4
17:23:07.421 0.0 0.0 17.1 955.9 293.5
17:23:07.468 0.0 0.0 16.8 995.4 301.1
17:23:07.515 0.0 0.0 16.6 967.9 288.4
17:23:07.562 0.0 0.0 16.4 978.7 287.4
17:23:07.593 0.0 0.0 16.1 999.1 288.9
17:23:07.640 0.0 0.0 15.9 981.0 279.4
17:23:07.687 0.0 0.0 15.7 982.1 275.3
17:23:07.718 0.0 0.0 15.7 1001.4 280.7
17:23:07.765 0.0 0.0 15.4 1002.5 276.7
17:23:13.265 0.0 0.0 -11.5 999.6 -202.9
17:23:13.312 0.0 0.0 -11.7 998.8 -206.9
17:23:13.359 0.0 0.0 -11.9 870.7 -184.2
17:23:13.390 0.0 0.0 -12.2 850.5 -183.4
17:23:13.437 0.0 0.0 -12.4 849.7 -186.9
17:23:13.484 0.0 0.0 -12.4 849.7 -186.9
17:23:13.531 0.0 0.0 -12.7 848.9 -190.6
17:23:13.562 0.0 0.0 -12.9 848.1 -193.8
17:23:13.609 0.0 0.0 -13.1 827.9 -192.7
17:23:13.656 0.0 0.0 -13.3 827.1 -196.0
17:23:13.703 0.0 0.0 -13.7 826.0 -200.7
17:23:13.734 0.0 0.0 -13.7 816.2 -198.3
17:23:13.781 0.0 0.0 -13.9 796.0 -196.8
17:23:13.843 0.0 0.0 -14.4 794.4 -203.3
17:23:13.859 0.0 0.0 -14.4 794.4 -203.3
17:23:13.906 0.0 0.0 -14.6 793.6 -206.6
17:23:13.953 0.0 0.0 -14.8 792.7 -209.9
17:23:14.000 0.0 0.0 -15.1 791.9 -213.0
17:23:14.031 0.0 0.0 -15.3 781.3 -213.6
17:23:14.078 0.0 0.0 -15.5 780.5 -216.7
17:23:14.125 0.0 0.0 -15.8 769.9 -217.3
17:23:14.171 0.0 0.0 -15.8 760.3 -214.5
17:23:14.218 0.0 0.0 -16.0 759.4 -217.7
17:23:14.250 0.0 0.0 -16.2 768.2 -223.5
17:23:14.296 0.0 0.0 -16.5 757.6 -223.8
17:23:14.343 0.0 0.0 -16.7 756.7 -226.9
17:23:14.375 0.0 0.0 -16.9 746.2 -227.2
17:23:14.421 0.0 0.0 -17.2 745.3 -230.1
17:23:14.468 0.0 0.0 -17.4 744.3 -233.2
17:23:14.515 0.0 0.0 -17.6 743.4 -236.2
17:23:14.546 0.0 0.0 -17.9 732.9 -236.2
17:23:14.593 0.0 0.0 -17.9 732.9 -236.2
17:23:14.640 0.0 0.0 -18.1 722.4 -236.1
17:23:14.687 0.0 0.0 -18.3 721.4 -239.1
17:23:14.718 0.0 0.0 -18.6 720.4 -242.0
17:23:14.765 0.0 0.0 -18.8 710.0 -241.7
17:23:14.812 0.0 0.0 -19.0 709.0 -244.6
17:23:14.859 0.0 0.0 -19.3 708.0 -247.5
17:23:14.890 0.0 0.0 -19.5 697.5 -247.1
17:23:14.937 0.0 0.0 -19.7 696.5 -249.9
17:23:14.984 0.0 0.0 -20.0 695.5 -252.7
17:23:15.031 0.0 0.0 -20.0 686.1 -249.3
17:23:15.078 0.0 0.0 -20.2 675.7 -248.6
17:23:15.109 0.0 0.0 -20.5 674.4 -252.1
17:23:15.156 0.0 0.0 -20.8 673.3 -255.2
17:23:15.203 0.0 0.0 -21.0 672.2 -258.0
17:23:15.250 0.0 0.0 -21.2 671.2 -260.5
17:23:15.281 0.0 0.0 -21.2 661.9 -256.9
17:23:15.328 0.0 0.0 -21.4 660.9 -259.6
17:23:15.375 0.0 0.0 -21.7 659.8 -262.3
17:23:15.406 0.0 0.0 -21.9 649.4 -261.3
17:23:15.453 0.0 0.0 -22.1 648.4 -263.9
17:23:15.500 0.0 0.0 -22.4 647.2 -266.6
17:23:15.546 0.0 0.0 -22.6 636.9 -265.4
17:23:15.593 0.0 0.0 -22.9 635.8 -268.1
17:23:15.625 0.0 0.0 -23.1 634.7 -270.6
17:23:15.687 0.0 0.0 -23.3 642.9 -277.0
17:23:15.718 0.0 0.0 -23.6 641.7 -279.7
17:23:15.765 0.0 0.0 -23.6 641.7 -279.7
17:23:15.812 0.0 0.0 -23.8 640.5 -282.4
17:23:15.843 0.0 0.0 -24.0 639.4 -285.0
17:23:15.890 0.0 0.0 -24.3 647.3 -291.6
17:23:15.937 0.0 0.0 -24.6 645.7 -295.3
17:23:15.968 0.0 0.0 -24.8 644.5 -297.9
17:23:16.015 0.0 0.0 -24.8 644.5 -297.9
17:23:16.062 0.0 0.0 -25.0 643.2 -300.5
17:23:16.093 0.0 0.0 -25.3 642.1 -303.1
17:23:16.125 0.0 0.0 -25.5 649.8 -310.1
17:23:16.171 0.0 0.0 -25.7 648.5 -312.7
17:23:16.218 0.0 0.0 -26.0 647.3 -315.2
17:23:16.265 0.0 0.0 -26.2 646.0 -317.9
17:23:16.296 0.0 0.0 -26.2 655.0 -322.3
17:23:16.343 0.0 0.0 -26.4 653.6 -325.1
17:23:16.390 0.0 0.0 -26.7 661.2 -332.2
17:23:16.437 0.0 0.0 -26.9 668.8 -339.4
17:23:16.484 0.0 0.0 -27.1 667.4 -342.1
17:23:16.515 0.0 0.0 -27.4 665.8 -345.2
17:23:16.562 0.0 0.0 -27.6 664.6 -347.7
17:23:16.609 0.0 0.0 -27.8 663.2 -350.3
17:23:16.640 0.0 0.0 -28.1 670.5 -357.7
17:23:16.687 0.0 0.0 -28.3 668.9 -360.9
17:23:16.734 0.0 0.0 -28.3 668.9 -360.9
17:23:16.781 0.0 0.0 -28.5 676.4 -368.0
17:23:16.828 0.0 0.0 -28.8 674.9 -370.6
17:23:16.859 0.0 0.0 -29.0 673.4 -373.5
17:23:16.906 0.0 0.0 -29.2 671.9 -376.2
17:23:16.953 0.0 0.0 -29.5 679.0 -383.8
17:23:17.000 0.0 0.0 -29.7 677.4 -386.7
17:23:17.031 0.0 0.0 -30.0 675.8 -389.4
17:23:17.078 0.0 0.0 -30.2 682.8 -397.3
17:23:17.125 0.0 0.0 -30.4 681.3 -400.0
17:23:17.156 0.0 0.0 -30.4 681.3 -400.0
17:23:17.203 0.0 0.0 -30.7 688.2 -407.9
17:23:17.250 0.0 0.0 -30.9 686.6 -410.6
17:23:17.296 0.0 0.0 -31.1 684.9 -413.5
17:23:17.328 0.0 0.0 -31.4 683.2 -416.2
17:23:17.375 0.0 0.0 -31.6 681.5 -419.0
17:23:17.421 0.0 0.0 -31.8 696.8 -432.3
17:23:17.453 0.0 0.0 -32.0 695.0 -435.1
17:23:17.500 0.0 0.0 -32.0 695.0 -435.1
17:23:17.546 0.0 0.0 -32.3 701.7 -443.4
17:23:17.593 0.0 0.0 -32.5 708.2 -451.7
17:23:17.609 0.0 0.0 -32.8 698.0 -449.0
17:23:17.656 0.0 0.0 -33.0 704.5 -457.5
17:23:17.703 0.0 0.0 -33.2 702.7 -460.3
17:23:17.734 0.0 0.0 -33.2 702.7 -460.3
17:23:17.781 0.0 0.0 -33.5 709.2 -468.6
17:23:17.828 0.0 0.0 -33.7 707.3 -471.5
17:23:17.875 0.0 0.0 -33.9 705.3 -474.4
17:23:17.921 0.0 0.0 -34.2 703.4 -477.2
17:23:17.953 0.0 0.0 -34.4 718.0 -491.4
17:23:18.000 0.0 0.0 -34.6 715.9 -494.4
17:23:18.046 0.0 0.0 -34.9 722.1 -503.0
17:23:18.093 0.0 0.0 -35.1 736.4 -517.4
17:23:18.125 0.0 0.0 -35.3 734.3 -520.5
17:23:18.171 0.0 0.0 -35.3 905.6 -641.9
17:23:18.218 0.0 0.0 -35.6 976.2 -697.8
17:23:18.250 0.0 0.0 -35.8 973.3 -701.9
