Тестовая информация 0. Исходные сенсорные данные: Time, X_rob, Y_rob, Ang_rob, X_obj, Y_obj (мм, град)
15:05:23.812 0.0 0.0 15.7 924.4 259.2
15:05:23.859 0.0 0.0 15.4 925.4 255.4
15:05:23.890 0.0 0.0 15.2 897.5 243.8
15:05:23.921 0.0 0.0 15.0 879.1 235.2
15:05:23.968 0.0 0.0 14.7 880.0 231.6
15:05:24.015 0.0 0.0 14.7 880.0 231.6
15:05:24.062 0.0 0.0 14.5 871.3 225.3
15:05:24.093 0.0 0.0 14.3 872.3 221.7
15:05:24.140 0.0 0.0 14.0 873.2 218.2
15:05:24.187 0.0 0.0 13.8 864.3 212.3
15:05:24.234 0.0 0.0 13.6 865.2 208.7
15:05:24.265 0.0 0.0 13.3 846.6 200.5
15:05:24.312 0.0 0.0 13.1 847.4 197.2
15:05:24.359 0.0 0.0 12.9 848.2 193.5
15:05:24.390 0.0 0.0 12.9 838.5 191.3
15:05:24.437 0.0 0.0 12.6 839.2 188.2
15:05:24.484 0.0 0.0 12.4 839.9 184.6
15:05:24.531 0.0 0.0 12.2 830.9 179.0
15:05:24.562 0.0 0.0 11.9 831.7 175.6
15:05:24.609 0.0 0.0 11.7 832.4 172.2
15:05:24.671 0.0 0.0 11.5 833.1 168.9
15:05:24.703 0.0 0.0 11.2 824.0 163.4
15:05:24.734 0.0 0.0 11.0 824.6 160.1
15:05:24.781 0.0 0.0 11.0 834.4 162.0
15:05:24.828 0.0 0.0 10.8 825.2 156.9
15:05:24.875 0.0 0.0 10.5 825.9 153.5
15:05:24.921 0.0 0.0 10.3 826.5 150.2
15:05:24.953 0.0 0.0 10.1 827.1 146.7
15:05:25.000 0.0 0.0 9.8 827.7 143.3
15:05:25.046 0.0 0.0 9.6 828.3 139.9
15:05:25.093 0.0 0.0 9.4 828.8 136.6
15:05:25.125 0.0 0.0 9.1 829.4 133.2
15:05:25.171 0.0 0.0 8.9 820.1 128.1
15:05:25.218 0.0 0.0 8.6 810.7 123.3
15:05:25.265 0.0 0.0 8.6 810.7 123.3
15:05:25.312 0.0 0.0 8.4 811.2 120.0
15:05:25.343 0.0 0.0 8.2 811.7 116.7
15:05:25.390 0.0 0.0 7.9 812.1 113.4
15:05:25.437 0.0 0.0 7.7 812.6 110.0
15:05:25.484 0.0 0.0 7.5 813.0 106.9
15:05:25.531 0.0 0.0 7.2 813.4 103.5
15:05:25.562 0.0 0.0 7.0 803.9 98.8
15:05:25.609 0.0 0.0 6.8 794.4 94.4
15:05:25.671 0.0 0.0 6.6 794.8 91.3
15:05:25.687 0.0 0.0 6.6 794.8 91.3
15:05:25.734 0.0 0.0 6.2 795.3 86.8
15:05:25.781 0.0 0.0 6.0 795.6 83.8
15:05:25.828 0.0 0.0 5.8 796.0 80.3
15:05:25.875 0.0 0.0 5.5 786.3 76.3
15:05:25.906 0.0 0.0 5.3 796.6 73.8
15:05:25.953 0.0 0.0 5.1 786.9 69.8
15:05:26.000 0.0 0.0 4.8 787.2 66.7
15:05:26.046 0.0 0.0 4.6 787.5 63.4
15:05:26.093 0.0 0.0 4.6 787.5 63.4
15:05:26.125 0.0 0.0 4.4 767.8 58.6
15:05:26.171 0.0 0.0 4.1 768.0 55.4
15:05:26.218 0.0 0.0 3.9 778.2 53.1
15:05:26.265 0.0 0.0 3.7 768.4 49.3
15:05:26.296 0.0 0.0 3.4 778.6 46.6
15:05:26.343 0.0 0.0 3.2 768.8 42.9
15:05:26.390 0.0 0.0 3.0 769.0 39.8
15:05:26.437 0.0 0.0 2.7 769.1 36.7
15:05:26.484 0.0 0.0 2.5 769.3 33.5
15:05:26.531 0.0 0.0 2.5 769.3 33.5
15:05:26.562 0.0 0.0 2.3 769.4 30.4
15:05:26.609 0.0 0.0 2.0 769.5 27.1
15:05:26.656 0.0 0.0 1.8 769.6 24.2
15:05:26.687 0.0 0.0 1.6 769.7 20.9
15:05:26.734 0.0 0.0 1.3 769.8 17.8
15:05:26.781 0.0 0.0 1.1 759.9 14.4
15:05:26.828 0.0 0.0 0.9 759.9 11.4
15:05:26.890 0.0 0.0 0.6 760.0 8.3
15:05:26.906 0.0 0.0 0.6 760.0 8.3
15:05:26.953 0.0 0.0 0.4 760.0 5.2
15:05:27.000 0.0 0.0 0.2 760.0 2.0
15:05:27.046 0.0 0.0 -0.1 760.0 -1.1
15:05:27.078 0.0 0.0 -0.3 760.0 -4.1
15:05:27.125 0.0 0.0 -0.5 750.0 -7.1
15:05:27.171 0.0 0.0 -0.8 749.9 -10.2
15:05:27.218 0.0 0.0 -1.0 749.9 -13.2
15:05:27.250 0.0 0.0 -1.3 749.8 -16.4
15:05:27.296 0.0 0.0 -1.5 749.7 -19.4
15:05:27.328 0.0 0.0 -1.5 749.7 -19.4
15:05:27.359 0.0 0.0 -1.7 749.7 -22.6
15:05:27.406 0.0 0.0 -1.9 739.6 -25.1
15:05:27.453 0.0 0.0 -2.2 739.5 -28.2
15:05:27.500 0.0 0.0 -2.4 739.3 -31.6
15:05:27.531 0.0 0.0 -2.4 739.3 -31.6
15:05:27.578 0.0 0.0 -2.7 739.2 -35.2
15:05:27.625 0.0 0.0 -3.0 729.0 -37.7
15:05:27.687 0.0 0.0 -3.2 728.9 -40.7
15:05:27.703 0.0 0.0 -3.5 738.7 -44.6
15:05:27.750 0.0 0.0 -3.7 758.4 -48.6
15:05:27.796 0.0 0.0 -3.9 758.2 -51.6
15:05:27.843 0.0 0.0 -4.1 778.0 -56.3
15:05:27.875 0.0 0.0 -4.4 777.7 -59.5
15:05:27.921 0.0 0.0 -4.4 767.8 -58.7
15:05:27.968 0.0 0.0 -4.6 777.5 -62.5
15:05:28.015 0.0 0.0 -4.8 787.2 -66.6
15:05:28.046 0.0 0.0 -5.1 777.0 -68.9
15:05:28.093 0.0 0.0 -5.3 786.6 -73.1
15:05:28.140 0.0 0.0 -5.5 796.3 -77.1
15:05:28.171 0.0 0.0 -5.8 795.9 -80.5
15:05:28.218 0.0 0.0 -5.8 835.7 -84.5
15:05:28.250 0.0 0.0 -6.0 855.3 -90.0
15:05:28.296 0.0 0.0 -6.2 835.0 -91.3
15:05:28.343 0.0 0.0 -6.5 834.6 -94.7
15:05:28.390 0.0 0.0 -6.7 834.3 -98.1
15:05:28.421 0.0 0.0 -6.9 833.8 -101.5
15:05:28.468 0.0 0.0 -7.2 853.3 -107.5
15:05:28.515 0.0 0.0 -7.4 882.6 -114.6
15:05:28.562 0.0 0.0 -7.6 882.1 -118.3
15:05:28.609 0.0 0.0 -7.9 941.1 -130.1
15:05:28.640 0.0 0.0 -7.9 941.1 -130.1
15:05:28.687 0.0 0.0 -8.1 930.6 -132.6
15:05:28.734 0.0 0.0 -8.4 930.0 -136.5
15:05:28.765 0.0 0.0 -8.6 939.3 -142.0
15:05:28.812 0.0 0.0 -8.8 938.8 -145.5
15:05:28.859 0.0 0.0 -9.0 948.1 -150.8
15:05:28.875 0.0 0.0 -9.0 967.8 -153.9
15:05:28.921 0.0 0.0 -9.3 967.2 -157.9
15:05:28.968 0.0 0.0 -9.5 986.2 -165.3
15:05:29.015 0.0 0.0 -9.7 1074.3 -184.5
15:05:29.062 0.0 0.0 -10.0 1073.5 -188.9
15:05:29.093 0.0 0.0 -10.2 1082.6 -195.1
