Лабораторная работа 1. Анализ сенсорных данных об объекте

Маршрут: квадрат
Направление движения: против часовой стрелки
Скорость движения: 50.0 мм/с
Рабочий дальномер: левый (Rf_L)

Выходная информация: положение робота, координаты точек объекта

          Time   X_rob   Y_rob  Ang_rob   X_obj   Y_obj
  чч:мм:сс.ссс      мм      мм     град      мм      мм
  16:14:08.234   586.1    33.0     -2.3   518.4  1357.7
  16:14:08.281   586.1    33.0     -2.3   503.8   988.0
  16:14:08.328   588.5    32.9     -2.3   501.1   858.0
  16:14:08.359   590.8    32.8     -2.3   502.2   827.9
  16:14:08.406   593.2    32.7     -2.3   499.8   707.9
  16:14:08.453   595.5    32.6     -2.3   501.7   697.8
  16:14:08.484   597.8    32.5     -2.3   504.1   697.7
  16:14:08.531   600.2    32.4     -2.3   506.4   697.6
  16:14:08.578   602.5    32.3     -2.3   508.7   697.5
  16:14:08.625   604.8    32.2     -2.3   511.1   697.4
  16:14:08.656   604.8    32.2     -2.3   511.1   697.4
  16:14:08.703   607.2    32.1     -2.3   513.4   697.3
  16:14:08.750   609.5    32.0     -2.3   515.8   697.3
  16:14:08.796   611.9    31.9     -2.3   518.1   697.2
  16:14:08.828   614.3    31.8     -2.3   520.5   697.1
  16:14:08.875   616.5    31.8     -2.3   522.7   697.0
  16:14:08.921   619.7    31.6     -2.3   525.9   696.9
  16:14:08.968   619.7    31.6     -2.3   525.9   696.9
  16:14:09.000   621.9    31.5     -2.3   528.2   696.8
  16:14:09.062   624.4    31.4     -2.3   530.6   696.7
  16:14:09.078   624.4    31.4     -2.3   530.6   696.7
  16:14:09.125   627.0    31.3     -2.3   532.9   686.6
  16:14:09.156   629.8    31.2     -2.3   536.0   696.5
  16:14:09.203   632.2    31.1     -2.3   538.4   696.4
  16:14:09.250   634.5    31.0     -2.3   540.4   686.3
  16:14:09.296   636.7    31.0     -2.3   542.6   686.2
  16:14:09.328   639.1    30.9     -2.3   545.3   696.1
  16:14:09.375   641.4    30.8     -2.3   547.6   696.0
  16:14:09.421   643.7    30.7     -2.3   550.0   695.9
  16:14:09.468   646.2    30.6     -2.3   552.4   695.8
  16:14:09.500   646.2    30.6     -2.3   552.4   695.8
  16:14:09.546   648.5    30.5     -2.3   555.2   705.7
  16:14:09.578   650.9    30.4     -2.3   557.5   705.6
  16:14:09.625   653.1    30.3     -2.3   559.3   695.5
  16:14:09.671   655.6    30.2     -2.3   562.2   705.4
  16:14:09.703   655.6    30.2     -2.3   562.2   705.4
  16:14:09.750   657.8    30.1     -2.3   564.4   705.3
  16:14:09.796   660.1    30.0     -2.3   567.1   715.2
  16:14:09.828   662.4    29.9     -2.3   569.4   715.1
  16:14:09.875   664.8    29.8     -2.3   572.2   725.0
  16:14:09.921   667.2    29.7     -2.3   575.0   734.9
  16:14:09.968   669.5    29.7     -2.3   576.9   724.9
  16:14:10.000   671.9    29.6     -2.3   579.7   734.8
  16:14:10.046   674.1    29.5     -2.3   581.9   734.7
  16:14:10.093   676.7    29.4     -2.3   584.5   734.6
  16:14:10.125   676.7    29.4     -2.3   584.1   724.6
  16:14:10.171   678.9    29.3     -2.3   586.7   734.5
  16:14:10.203   681.3    29.2     -2.3   589.1   734.4
  16:14:10.234   683.6    29.1     -2.3   591.4   734.3
  16:14:10.281   683.6    29.1     -2.3   591.0   724.3
  16:14:10.312   686.6    29.0     -2.3   594.5   734.2
  16:14:10.359   689.0    28.9     -2.3   596.8   734.1
  16:14:10.406   691.3    28.8     -2.3   599.1   734.0
  16:14:10.468   693.7    28.7     -2.3   601.5   733.9
  16:14:10.484   693.7    28.7     -2.3   601.5   733.9
  16:14:10.531   696.8    28.6     -2.3   604.6   733.8
  16:14:10.562   699.1    28.5     -2.3   606.9   733.7
  16:14:10.609   701.5    28.4     -2.3   609.3   733.6
  16:14:10.656   703.9    28.3     -2.3   612.1   743.5
  16:14:10.687   703.9    28.3     -2.3   611.8   733.5
  16:14:10.734   706.2    28.2     -2.3   614.4   743.4
  16:14:10.765   708.4    28.1     -2.3   616.6   743.3
  16:14:10.812   710.8    28.0     -2.3   618.6   733.2
  16:14:10.859   713.2    27.9     -2.3   621.0   733.1
  16:14:10.906   715.5    27.8     -2.3   623.3   733.0
  16:14:10.937   717.8    27.7     -2.3   625.6   732.9
  16:14:10.984   720.2    27.6     -2.3   628.0   732.8
  16:14:11.031   720.2    27.6     -2.3   628.0   732.8
  16:14:11.062   722.5    27.6     -2.3   630.3   732.8
  16:14:11.078   724.9    27.5     -2.3   633.1   742.7
  16:14:11.125   727.2    27.4     -2.3   635.0   732.6
  16:14:11.171   727.2    27.4     -2.3   635.0   732.6
  16:14:11.218   729.5    27.3     -2.3   637.3   732.5
  16:14:11.250   731.8    27.2     -2.3   639.2   722.4
  16:14:11.296   734.2    27.1     -2.3   641.6   722.3
  16:14:11.343   736.6    27.0     -2.3   644.0   722.2
  16:14:11.390   738.8    26.9     -2.3   646.2   722.1
  16:14:11.421   741.2    26.8     -2.3   648.2   712.0
  16:14:11.468   743.6    26.7     -2.3   650.2   701.9
  16:14:11.515   745.8    26.6     -2.3   652.4   701.9
  16:14:11.546   745.8    26.6     -2.3   652.0   691.9
  16:14:11.593   748.2    26.5     -2.3   654.1   681.8
  16:14:11.625   750.5    26.4     -2.3   656.8   691.7
  16:14:11.671   753.0    26.4     -2.3   658.8   681.6
  16:14:11.718   755.2    26.3     -2.3   661.0   681.5
  16:14:11.765   757.5    26.2     -2.3   663.4   681.4
  16:14:11.796   759.9    26.1     -2.3   665.3   671.3
  16:14:11.843   759.9    26.1     -2.3   665.3   671.3
  16:14:11.875   762.3    26.0     -2.3   667.7   671.2
  16:14:11.921   764.7    25.9     -2.3   670.1   671.1
  16:14:11.968   766.9    25.8     -2.3   672.3   671.0
  16:14:12.000   769.2    25.7     -2.3   674.6   671.0
  16:14:12.046   771.6    25.6     -2.3   677.0   670.9
  16:14:12.078   771.6    25.6     -2.3   677.0   670.9
  16:14:12.140   776.4    25.4     -2.3   681.8   670.7
  16:14:12.171   776.4    25.4     -2.3   681.8   670.7
  16:14:12.203   778.5    25.3     -2.3   684.0   670.6
  16:14:12.250   780.9    25.2     -2.3   686.3   670.5
  16:14:12.296   783.3    25.2     -2.3   688.7   670.4
  16:14:12.328   785.5    25.1     -2.3   691.0   670.3
  16:14:12.375   787.9    25.0     -2.3   693.3   670.2
  16:14:12.421   790.2    24.9     -2.3   695.6   670.1
  16:14:12.468   790.2    24.9     -2.3   695.6   670.1
  16:14:12.500   792.6    24.8     -2.3   698.1   670.0
  16:14:12.546   795.0    24.7     -2.3   700.4   669.9
  16:14:12.593   797.3    24.6     -2.3   702.7   669.8
  16:14:12.640   799.6    24.5     -2.3   705.4   679.7
  16:14:12.656   799.6    24.5     -2.3   705.0   669.8
  16:14:12.703   802.0    24.4     -2.3   707.8   679.6
  16:14:12.734   804.3    24.3     -2.3   710.1   679.6
  16:14:12.781   806.7    24.2     -2.3   712.5   679.5
  16:14:12.828   808.9    24.1     -2.3   715.2   689.4
  16:14:12.875   811.2    24.0     -2.3   717.1   679.3
  16:14:12.921   813.6    24.0     -2.3   719.4   679.2
  16:14:12.953   815.9    23.9     -2.3   721.7   679.1
  16:14:13.000   818.4    23.8     -2.3   724.2   679.0
  16:14:13.046   820.7    23.7     -2.3   726.5   678.9
  16:14:13.078   820.7    23.7     -2.3   726.5   678.9
  16:14:13.125   822.9    23.6     -2.3   728.8   678.8
  16:14:13.140   825.6    23.5     -2.3   731.8   688.7
  16:14:13.187   827.7    23.4     -2.3   733.5   678.6
  16:14:13.234   830.0    23.3     -2.3   736.2   688.5
  16:14:13.281   830.0    23.3     -2.3   736.2   688.5
  16:14:13.328   832.4    23.2     -2.3   738.6   688.4
  16:14:13.359   834.7    23.1     -2.3   741.0   688.3
  16:14:13.390   836.9    23.0     -2.3   743.2   688.3
  16:14:13.437   839.3    22.9     -2.3   745.5   688.2
  16:14:13.484   841.7    22.8     -2.3   747.9   688.1
  16:14:13.531   844.0    22.7     -2.3   750.3   688.0
  16:14:13.562   844.0    22.7     -2.3   750.3   688.0
  16:14:13.609   846.4    22.7     -2.3   752.6   687.9
  16:14:13.656   848.8    22.6     -2.3   755.4   697.8
  16:14:13.687   851.1    22.5     -2.3   757.7   697.7
  16:14:13.734   853.4    22.4     -2.3   759.6   687.6
  16:14:13.781   855.6    22.3     -2.3   762.6   707.5
  16:14:13.828   858.1    22.2     -2.3   764.7   697.4
  16:14:13.875   860.4    22.1     -2.3   767.0   697.3
  16:14:13.921   862.7    22.0     -2.3   769.7   707.2
  16:14:13.953   865.0    21.9     -2.3   771.7   697.1
  16:14:14.000   867.6    21.8     -2.3   774.6   707.0
  16:14:14.031   867.6    21.8     -2.3   774.6   707.0
  16:14:14.078   869.7    21.7     -2.3   776.7   706.9
  16:14:14.125   872.1    21.6     -2.3   779.1   706.9
  16:14:14.171   874.4    21.5     -2.3   781.4   706.8
  16:14:14.218   876.8    21.5     -2.3   784.2   716.7
  16:14:14.250   879.1    21.4     -2.3   786.5   716.6
  16:14:14.296   881.5    21.3     -2.3   789.3   726.5
  16:14:14.343   881.5    21.3     -2.3   789.7   736.5
  16:14:14.375   886.0    21.1     -2.3   794.2   736.3
  16:14:14.421   886.0    21.1     -2.3   795.0   756.3
  16:14:14.468   888.4    21.0     -2.3   798.6   786.1
  16:14:14.515   890.7    20.9     -2.3   803.3   846.0
  16:14:14.546   893.5    20.8     -2.3   808.4   905.8
  16:14:14.578   893.5    20.8     -2.3   808.8   915.8
  16:14:14.609   896.2    20.7     -2.3   813.9   975.7
  16:14:14.656   898.6    20.6     -2.3   816.3   975.6
  16:14:14.703   900.8    20.5     -2.3   823.6  1105.4
  16:14:14.765   903.6    20.4     -2.3   836.7  1365.1
  16:14:18.656  1094.9    12.8     -2.3  1025.7  1297.6
  16:14:36.203  1414.4   157.4     90.0    93.4    37.0
  16:14:48.765  1414.1   771.1     90.0   253.2   650.7
  16:14:48.796  1414.1   771.1     90.0   533.2   650.8
  16:14:48.843  1414.1   773.5     90.0   683.2   653.2
  16:14:48.890  1414.1   775.8     90.0   753.2   655.6
  16:14:48.921  1414.1   778.9     90.0   753.2   658.7
  16:14:48.968  1414.1   778.9     90.0   763.2   658.7
  16:14:49.000  1414.1   781.2     90.0   773.2   661.0
  16:14:49.062  1414.1   783.6     90.0   783.2   663.3
  16:14:49.078  1414.1   785.9     90.0   773.2   665.7
  16:14:49.125  1414.1   788.2     90.0   773.2   668.0
  16:14:49.171  1414.1   790.5     90.0   773.2   670.3
  16:14:49.218  1414.1   792.9     90.0   773.2   672.7
  16:14:49.265  1414.1   795.3     90.0   763.2   675.1
  16:14:49.296  1414.1   795.3     90.0   763.2   675.1
  16:14:49.343  1414.1   797.6     90.0   753.2   677.3
  16:14:49.375  1414.1   799.8     90.0   753.2   679.6
  16:14:49.406  1414.1   802.3     90.0   753.2   682.1
  16:14:49.453  1414.1   804.5     90.0   743.2   684.3
  16:14:49.500  1414.1   806.9     90.0   733.2   686.6
  16:14:49.531  1414.1   806.9     90.0   743.2   686.6
  16:14:49.578  1414.1   809.3     90.0   733.2   689.0
  16:14:49.625  1414.1   811.6     90.0   743.2   691.4
  16:14:49.640  1414.1   813.9     90.0   743.2   693.7
  16:14:49.687  1414.1   813.9     90.0   743.2   693.7
  16:14:49.734  1414.1   817.1     90.0   743.2   696.9
  16:14:49.781  1414.1   819.4     90.0   753.2   699.1
  16:14:49.812  1414.1   821.9     90.0   743.2   701.6
  16:14:49.859  1414.1   824.0     90.0   743.2   703.8
  16:14:49.890  1414.1   826.5     90.0   733.2   706.2
  16:14:49.937  1414.1   828.8     90.0   733.2   708.5
  16:14:49.984  1414.1   828.8     90.0   743.2   708.5
  16:14:50.015  1414.1   831.1     90.0   733.2   710.8
  16:14:50.062  1414.1   833.5     90.0   733.2   713.2
  16:14:50.109  1414.1   835.8     90.0   733.2   715.6
  16:14:50.156  1414.1   838.1     90.0   733.2   717.8
  16:14:50.203  1414.1   840.5     90.0   733.2   720.3
  16:14:50.234  1414.1   842.8     90.0   733.2   722.6
  16:14:50.265  1414.1   842.8     90.0   723.2   722.6
  16:14:50.296  1414.1   845.1     90.0   723.2   724.8
  16:14:50.343  1414.1   847.4     90.0   723.2   727.1
  16:14:50.375  1414.1   849.9     90.0   713.1   729.6
  16:14:50.421  1414.1   852.1     90.0   713.1   731.9
  16:14:50.453  1414.1   852.1     90.0   713.1   731.9
  16:14:50.500  1414.1   854.6     90.0   713.1   734.3
  16:14:50.531  1414.1   856.8     90.0   713.1   736.5
  16:14:50.578  1414.1   859.2     90.0   703.1   738.9
  16:14:50.609  1414.1   861.5     90.0   713.1   741.2
  16:14:50.656  1414.1   861.5     90.0   713.1   741.2
  16:14:50.703  1414.1   863.8     90.0   703.1   743.6
  16:14:50.750  1414.1   866.3     90.0   703.1   746.0
  16:14:50.781  1414.1   868.5     90.0   703.1   748.3
  16:14:50.828  1414.1   870.9     90.0   703.1   750.7
  16:14:50.859  1414.1   873.3     90.0   693.1   753.0
  16:14:50.890  1414.1   873.3     90.0   693.1   753.0
  16:14:50.937  1414.1   875.5     90.0   703.1   755.3
  16:14:50.984  1414.1   878.6     90.0   703.1   758.4
  16:14:51.031  1414.1   881.0     90.0   703.1   760.7
  16:14:51.062  1414.1   883.4     90.0   703.1   763.2
  16:14:51.109  1414.1   885.7     90.0   703.1   765.5
  16:14:51.140  1414.1   885.7     90.0   713.1   765.5
  16:14:51.203  1414.1   888.0     90.0   703.1   767.8
  16:14:51.234  1414.1   890.5     90.0   703.1   770.2
  16:14:51.265  1414.1   892.7     90.0   703.1   772.5
  16:14:51.312  1414.1   895.0     90.0   713.1   774.8
  16:14:51.343  1414.1   897.5     90.0   703.1   777.2
  16:14:51.390  1414.1   899.7     90.0   703.1   779.4
  16:14:51.437  1414.1   899.7     90.0   703.1   779.4
  16:14:51.484  1414.1   902.0     90.0   703.1   781.7
  16:14:51.515  1414.1   904.3     90.0   683.1   784.1
  16:14:51.562  1414.1   906.7     90.0   683.1   786.4
  16:14:51.609  1414.1   909.1     90.0   683.1   788.8
  16:14:51.640  1414.1   911.5     90.0   693.1   791.2
  16:14:51.687  1414.1   913.8     90.0   693.1   793.5
  16:14:51.718  1414.1   913.8     90.0   693.1   793.5
  16:14:51.765  1414.1   916.4     90.0   693.1   796.1
  16:14:51.812  1414.1   919.3     90.0   693.1   799.1
  16:14:51.843  1414.1   921.6     90.0   683.1   801.3
  16:14:51.890  1414.1   921.6     90.0   683.1   801.3
  16:14:51.921  1414.1   923.9     90.0   693.1   803.6
  16:14:51.953  1414.1   926.2     90.0   693.1   806.0
  16:14:52.000  1414.1   928.5     90.0   683.1   808.3
  16:14:52.046  1414.1   930.9     90.0   693.1   810.6
  16:14:52.062  1414.1   930.9     90.0   683.1   810.6
  16:14:52.093  1414.1   933.2     90.0   683.1   813.0
  16:14:52.140  1414.1   935.6     90.0   693.1   815.4
  16:14:52.203  1414.1   938.0     90.0   693.1   817.7
  16:14:52.234  1414.1   938.0     90.0   693.1   817.7
  16:14:52.281  1414.1   941.1     90.0   693.1   820.8
  16:14:52.312  1414.1   943.5     90.0   693.1   823.2
  16:14:52.359  1414.1   945.9     90.0   703.1   825.7
  16:14:52.390  1414.1   948.0     90.0   693.1   827.7
  16:14:52.437  1414.1   950.4     90.0   683.1   830.1
  16:14:52.484  1414.1   952.8     90.0   693.1   832.5
  16:14:52.531  1414.1   952.8     90.0   683.1   832.5
  16:14:52.562  1414.1   955.1     90.0   683.1   834.9
  16:14:52.593  1414.1   957.3     90.0   683.1   837.1
  16:14:52.640  1414.1   959.8     90.0   683.1   839.5
  16:14:52.687  1414.1   962.1     90.0   693.1   841.9
  16:14:52.734  1414.1   964.5     90.0   693.1   844.2
  16:14:52.781  1414.1   964.5     90.0   693.1   844.2
  16:14:52.812  1414.1   967.5     90.0   693.1   847.2
  16:14:52.828  1414.1   969.9     90.0   693.1   849.6
  16:14:52.875  1414.1   969.9     90.0   693.1   849.6
  16:14:52.921  1414.1   972.3     90.0   703.1   852.0
  16:14:52.968  1414.1   974.7     90.0   713.1   854.4
  16:14:53.000  1414.1   976.9     90.0   713.1   856.7
  16:14:53.046  1414.1   979.2     90.0   713.1   859.0
  16:14:53.078  1414.1   981.6     90.0   703.1   861.3
  16:14:53.125  1414.1   983.9     90.0   703.1   863.7
  16:14:53.171  1414.1   986.2     90.0   703.1   865.9
  16:14:53.218  1414.1   988.6     90.0   703.1   868.4
  16:14:53.265  1414.1   988.6     90.0   703.1   868.4
  16:14:53.281  1414.1   991.0     90.0   703.1   870.8
  16:14:53.312  1414.1   993.3     90.0   703.1   873.0
  16:14:53.359  1414.1   995.6     90.0   703.1   875.4
  16:14:53.406  1414.1   995.6     90.0   703.1   875.4
  16:14:53.453  1414.1   997.9     90.0   703.1   877.7
  16:14:53.484  1414.1  1000.3     90.0   713.1   880.1
  16:14:53.531  1414.1  1002.6     90.0   713.1   882.3
  16:14:53.578  1414.1  1004.9     90.0   713.1   884.7
  16:14:53.625  1414.1  1007.3     90.0   713.1   887.0
  16:14:53.656  1414.0  1009.6     90.0   703.1   889.4
  16:14:53.703  1414.0  1012.0     90.0   703.1   891.7
  16:14:53.750  1414.0  1014.4     90.0   703.1   894.2
  16:14:53.796  1414.0  1016.6     90.0   703.1   896.3
  16:14:53.812  1414.0  1016.6     90.0   703.1   896.3
  16:14:53.859  1414.0  1019.0     90.0   703.1   898.8
  16:14:53.906  1414.0  1021.3     90.0   703.1   901.0
  16:14:53.937  1414.0  1023.6     90.0   713.1   903.4
  16:14:53.984  1414.0  1026.1     90.0   713.1   905.8
  16:14:54.000  1414.0  1026.1     90.0   713.1   905.8
  16:14:54.046  1414.0  1028.4     90.0   713.1   908.1
  16:14:54.093  1414.0  1030.7     90.0   723.1   910.5
  16:14:54.140  1414.0  1033.1     90.0   723.1   912.8
  16:14:54.171  1414.0  1035.3     90.0   723.1   915.1
  16:14:54.218  1414.0  1037.7     90.0   723.1   917.4
  16:14:54.265  1414.0  1037.7     90.0   723.1   917.4
  16:14:54.296  1414.0  1040.1     90.0   723.1   919.8
  16:14:54.343  1414.0  1042.5     90.0   733.1   922.3
  16:14:54.375  1414.0  1044.7     90.0   743.1   924.5
  16:14:54.406  1414.0  1047.1     90.0   743.1   926.8
  16:14:54.468  1414.0  1049.4     90.0   743.1   929.1
  16:14:54.500  1414.0  1049.4     90.0   743.1   929.1
  16:14:54.531  1414.0  1051.7     90.0   743.1   931.4
  16:14:54.578  1414.0  1054.2     90.0   733.1   934.0
  16:14:54.609  1414.0  1056.5     90.0   713.1   936.3
  16:14:54.656  1414.0  1058.8     90.0   693.1   938.5
  16:14:54.703  1414.0  1061.1     90.0   613.1   940.8
  16:14:54.734  1414.0  1061.1     90.0   383.1   940.7
  16:15:02.484  1413.9  1414.6     90.0   102.9  1294.1
  16:15:26.796   794.3  1414.2   -180.0   915.0   123.3
  16:15:29.093   680.3  1414.2   -180.0   801.0   203.2
  16:15:29.140   678.1  1414.2   -180.0   798.5   683.2
  16:15:29.187   678.1  1414.2   -180.0   798.4   843.2
  16:15:29.218   675.7  1414.2   -180.0   796.0   913.2
  16:15:29.265   673.4  1414.2   -180.0   793.7   923.2
  16:15:29.312   671.0  1414.2   -180.0   791.3   923.2
  16:15:29.343   668.6  1414.2   -180.0   788.9   923.2
  16:15:29.390   666.3  1414.2   -180.0   786.5   923.2
  16:15:29.437   664.0  1414.2   -180.0   784.3   923.2
  16:15:29.468   664.0  1414.2   -180.0   784.3   923.2
  16:15:29.515   661.7  1414.2   -180.0   782.0   913.2
  16:15:29.546   659.4  1414.2   -180.0   779.7   913.2
  16:15:29.593   656.9  1414.2   -180.0   777.2   913.2
  16:15:29.625   654.6  1414.2   -180.0   774.9   913.2
  16:15:29.703   652.4  1414.2   -180.0   772.6   903.2
  16:15:29.718   649.9  1414.2   -180.0   770.2   903.2
  16:15:29.750   649.9  1414.2   -180.0   770.2   913.2
  16:15:29.796   647.7  1414.2   -180.0   768.0   903.2
  16:15:29.828   645.3  1414.2   -180.0   765.6   903.2
  16:15:29.859   643.0  1414.2   -180.0   763.2   903.2
  16:15:29.906   643.0  1414.2   -180.0   763.2   903.2
  16:15:29.937   640.6  1414.2   -180.0   760.9   903.2
  16:15:29.984   638.3  1414.2   -180.0   758.6   903.2
  16:15:30.031   635.9  1414.2   -180.0   756.2   903.2
  16:15:30.062   633.6  1414.2   -180.0   753.9   903.2
  16:15:30.109   631.3  1414.1   -180.0   751.6   903.2
  16:15:30.156   628.9  1414.1   -180.0   749.2   903.2
  16:15:30.203   626.6  1414.1   -180.0   746.9   903.2
  16:15:30.234   624.2  1414.1   -180.0   744.5   903.2
  16:15:30.281   624.2  1414.1   -180.0   744.5   913.2
  16:15:30.328   621.8  1414.1   -180.0   742.1   913.2
  16:15:30.375   618.8  1414.1   -180.0   739.1   913.2
  16:15:30.406   616.4  1414.1   -180.0   736.7   913.2
  16:15:30.453   614.2  1414.1   -180.0   734.4   923.2
  16:15:30.500   611.7  1414.1   -180.0   732.0   913.2
  16:15:30.531   611.7  1414.1   -180.0   732.0   913.2
  16:15:30.578   609.4  1414.1   -180.0   729.7   923.2
  16:15:30.609   607.1  1414.1   -180.0   727.4   923.2
  16:15:30.656   604.7  1414.1   -180.0   725.0   923.2
  16:15:30.718   602.4  1414.1   -180.0   722.6   923.2
  16:15:30.750   600.0  1414.1   -180.0   720.3   923.2
  16:15:30.781   597.6  1414.1   -180.0   717.9   923.2
  16:15:30.828   595.4  1414.1   -180.0   715.6   923.2
  16:15:30.875   595.4  1414.1   -180.0   715.6   923.2
  16:15:30.921   593.0  1414.1   -180.0   713.3   923.2
  16:15:30.953   590.4  1414.1   -180.0   710.7   923.2
  16:15:31.000   588.4  1414.1   -180.0   708.7   923.2
  16:15:31.046   586.1  1414.1   -180.0   706.4   923.2
  16:15:31.109   583.7  1414.1   -180.0   704.0   923.2
  16:15:31.125   581.2  1414.1   -180.0   701.5   923.2
  16:15:31.171   579.0  1414.1   -180.0   699.3   923.2
  16:15:31.203   579.0  1414.1   -180.0   699.3   923.2
  16:15:31.718   553.3  1414.1   -180.0   673.6   923.2
  16:15:31.750   550.9  1414.1   -180.0   671.2   913.2
  16:15:31.781   550.9  1414.1   -180.0   671.2   893.2
  16:15:31.828   548.5  1414.1   -180.0   668.8   883.2
  16:15:31.859   546.2  1414.1   -180.0   666.5   883.2
  16:15:31.906   543.9  1414.1   -180.0   664.2   883.2
  16:15:31.953   541.6  1414.1   -180.0   661.9   893.2
  16:15:31.984   539.2  1414.1   -180.0   659.5   903.2
  16:15:32.031   537.0  1414.1   -180.0   657.2   903.2
  16:15:32.078   534.5  1414.1   -180.0   654.8   893.2
  16:15:32.125   534.5  1414.1   -180.0   654.8   883.2
  16:15:32.156   532.1  1414.1   -180.0   652.4   873.2
  16:15:32.203   529.9  1414.1   -180.0   650.2   863.2
  16:15:32.250   527.6  1414.1   -180.0   647.9   853.2
  16:15:32.281   525.2  1414.1   -180.0   645.5   853.2
  16:15:32.328   522.8  1414.1   -180.0   643.1   853.2
  16:15:32.375   520.6  1414.1   -180.0   640.9   863.2
  16:15:32.421   518.1  1414.1   -180.0   638.4   873.2
  16:15:32.453   515.9  1414.1   -180.0   636.2   873.2
  16:15:32.500   515.9  1414.1   -180.0   636.2   873.2
  16:15:32.546   513.5  1414.1   -180.0   633.8   883.2
  16:15:32.578   511.2  1414.1   -180.0   631.5   883.1
  16:15:32.609   508.8  1414.1   -180.0   629.1   873.1
  16:15:32.656   506.4  1414.1   -180.0   626.7   873.1
  16:15:32.703   504.2  1414.1   -180.0   624.5   873.1
  16:15:32.734   504.2  1414.1   -180.0   624.5   863.1
  16:15:32.781   501.8  1414.1   -180.0   622.1   863.1
  16:15:32.812   499.4  1414.1   -180.0   619.7   853.1
  16:15:32.859   497.1  1414.1   -180.0   617.4   853.1
  16:15:32.906   494.8  1414.1   -180.0   615.1   853.1
  16:15:32.953   492.5  1414.1   -180.0   612.8   853.1
  16:15:32.984   490.1  1414.1   -180.0   610.4   853.1
  16:15:33.031   487.8  1414.1   -180.0   608.1   853.1
  16:15:33.062   487.8  1414.1   -180.0   608.1   863.1
  16:15:33.109   485.5  1414.1   -180.0   605.8   853.1
  16:15:33.140   483.2  1414.1   -180.0   603.5   853.1
  16:15:33.187   480.8  1414.1   -180.0   601.1   853.1
  16:15:33.234   478.5  1414.1   -180.0   598.8   853.1
  16:15:33.281   476.0  1414.1   -180.0   596.4   853.1
  16:15:33.312   476.0  1414.1   -180.0   596.4   853.1
  16:15:33.359   473.7  1414.1   -180.0   594.0   853.1
  16:15:33.406   471.5  1414.1   -180.0   591.8   853.1
  16:15:33.453   469.1  1414.1   -180.0   589.4   853.1
  16:15:33.484   466.7  1414.1   -180.0   587.0   853.1
  16:15:33.531   464.4  1414.1   -180.0   584.7   863.1
  16:15:33.578   462.1  1414.1   -180.0   582.4   863.1
  16:15:33.609   462.1  1414.1   -180.0   582.4   863.1
  16:15:33.656   459.7  1414.1   -180.0   580.0   863.1
  16:15:33.687   457.4  1414.1   -180.0   577.7   863.1
  16:15:33.734   455.0  1414.1   -180.0   575.3   863.1
  16:15:33.781   452.6  1414.0   -180.0   572.9   863.1
  16:15:33.812   450.3  1414.0   -180.0   570.6   863.1
  16:15:33.843   450.3  1414.0   -180.0   570.6   863.1
  16:15:33.890   448.0  1414.0   -180.0   568.3   863.1
  16:15:33.921   445.8  1414.0   -180.0   566.1   863.1
  16:15:33.968   443.4  1414.0   -180.0   563.7   863.1
  16:15:34.015   441.0  1414.0   -180.0   561.3   863.1
  16:15:34.062   438.6  1414.0   -180.0   558.9   863.1
  16:15:34.109   436.3  1414.0   -180.0   556.6   863.1
  16:15:34.140   434.0  1414.0   -180.0   554.3   863.1
  16:15:34.187   431.4  1414.0   -180.0   551.7   853.1
  16:15:34.234   429.4  1414.0   -180.0   549.7   853.1
  16:15:34.265   429.4  1414.0   -180.0   549.7   853.1
  16:15:34.296   426.9  1414.0   -180.0   547.2   853.1
  16:15:34.343   424.7  1414.0   -180.0   545.0   853.1
  16:15:34.375   424.7  1414.0   -180.0   545.0   853.1
  16:15:34.421   422.1  1414.0   -180.0   542.4   863.1
  16:15:34.453   420.0  1414.0   -180.0   540.3   863.1
  16:15:34.500   417.6  1414.0   -180.0   537.9   863.1
  16:15:34.531   415.3  1414.0   -180.0   535.6   863.1
  16:15:34.562   412.9  1414.0   -180.0   533.2   863.1
  16:15:34.609   412.9  1414.0   -180.0   533.2   863.1
  16:15:34.640   410.6  1414.0   -180.0   530.9   863.1
  16:15:34.687   408.2  1414.0   -180.0   528.5   863.1
  16:15:34.718   405.9  1414.0   -180.0   526.2   873.1
  16:15:34.765   403.6  1414.0   -180.0   523.9   863.1
  16:15:34.812   401.3  1414.0   -180.0   521.6   873.1
  16:15:34.843   401.3  1414.0   -180.0   521.6   873.1
  16:15:34.890   398.8  1414.0   -180.0   519.1   873.1
  16:15:34.937   396.7  1414.0   -180.0   516.9   883.1
  16:15:34.984   394.3  1414.0   -180.0   514.6   873.1
  16:15:35.031   391.9  1414.0   -180.0   512.2   883.1
  16:15:35.062   389.4  1414.0   -180.0   509.7   883.1
  16:15:35.109   387.2  1414.0   -180.0   507.5   873.1
  16:15:35.171   384.8  1414.0   -180.0   505.2   843.1
  16:15:35.187   382.5  1414.0   -180.0   502.9   683.1
  16:15:35.234   382.5  1414.0   -180.0   502.9   683.1
  16:15:35.281   380.0  1414.0   -180.0   500.6   493.1
  16:15:35.312   377.8  1414.0   -180.0   498.4   493.1
  16:15:35.359   375.4  1414.0   -180.0   496.0   463.1
  16:15:35.390   373.2  1414.0   -180.0   493.9    73.1
  16:15:35.515   368.5  1414.0   -180.0   489.2   123.1
  16:15:38.296   231.3  1413.9   -180.0   352.0   193.0
  16:15:40.718   112.8  1413.9   -180.0   233.5   112.9
  16:15:40.765   110.4  1413.9   -180.0   231.1   112.9
  16:15:41.953    54.4  1413.8   -180.0   175.1    92.9
  16:15:50.250    -0.5  1408.4    -90.0  1270.4  1529.4
  16:15:51.000    -0.5  1372.5    -90.0  1320.4  1493.5
  16:16:02.093    -0.1   832.3    -90.0   980.9   953.1
  16:16:02.140    -0.1   829.9    -90.0   840.9   950.6
  16:16:02.171    -0.1   827.7    -90.0   710.9   948.2
  16:16:02.218    -0.1   825.2    -90.0   680.9   945.7
  16:16:02.265    -0.1   822.9    -90.0   680.9   943.4
  16:16:02.312     0.0   820.6    -90.0   670.9   941.2
  16:16:02.359     0.0   818.3    -90.0   670.9   938.8
  16:16:02.406     0.0   815.9    -90.0   680.9   936.4
  16:16:02.453     0.0   813.5    -90.0   690.9   934.0
  16:16:02.484     0.0   811.3    -90.0   710.9   931.8
  16:16:02.515     0.0   811.3    -90.0   720.9   931.8
  16:16:02.562     0.0   808.9    -90.0   730.9   929.5
  16:16:02.593     0.0   806.5    -90.0   750.9   927.1
  16:16:02.640     0.0   804.2    -90.0   750.9   924.8
  16:16:02.687     0.0   801.9    -90.0   760.9   922.5
  16:16:02.734     0.0   799.6    -90.0   760.9   920.2
  16:16:02.765     0.0   797.2    -90.0   760.9   917.8
  16:16:02.812     0.0   797.2    -90.0   770.9   917.8
  16:16:02.843     0.0   794.8    -90.0   760.9   915.4
  16:16:02.890     0.0   792.6    -90.0   750.9   913.2
  16:16:02.921     0.0   790.2    -90.0   760.9   910.8
  16:16:02.968     0.0   787.8    -90.0   760.9   908.4
  16:16:03.015     0.0   785.4    -90.0   740.9   906.0
  16:16:03.046     0.0   783.2    -90.0   720.9   903.8
  16:16:03.093     0.0   783.2    -90.0   700.9   903.8
  16:16:03.140     0.0   780.9    -90.0   660.9   901.4
  16:16:03.171     0.0   778.5    -90.0   600.9   899.0
  16:16:03.203     0.0   776.2    -90.0   520.9   896.6
  16:16:03.250     0.0   773.8    -90.0   520.9   894.1
  16:16:03.296     0.0   771.5    -90.0   520.9   891.9
  16:16:03.312     0.0   771.5    -90.0   520.9   891.9
  16:16:03.359     0.0   769.2    -90.0   520.9   889.6
  16:16:03.390     0.0   766.8    -90.0   520.9   887.2
  16:16:03.437     0.0   764.2    -90.0   520.9   884.6
  16:16:03.484     0.0   762.2    -90.0   520.9   882.6
  16:16:03.500     0.0   762.2    -90.0   520.9   882.6
  16:16:03.546     0.0   759.7    -90.0   520.9   880.1
  16:16:03.593     0.0   757.5    -90.0   520.9   877.9
  16:16:03.625     0.0   757.5    -90.0   520.9   877.9
  16:16:03.656     0.0   755.0    -90.0   520.9   875.4
  16:16:03.703     0.0   752.8    -90.0   510.9   873.2
  16:16:03.734     0.0   750.4    -90.0   510.9   870.8
  16:16:03.781     0.0   748.1    -90.0   510.9   868.5
  16:16:03.843     0.0   745.7    -90.0   510.9   866.1
  16:16:03.859     0.0   743.4    -90.0   510.9   863.8
  16:16:03.906     0.0   743.4    -90.0   510.9   863.8
  16:16:03.953     0.0   741.1    -90.0   520.9   861.5
  16:16:04.000     0.0   738.8    -90.0   520.9   859.2
  16:16:04.031     0.0   736.4    -90.0   520.9   856.8
  16:16:04.062     0.0   734.1    -90.0   520.9   854.5
  16:16:04.109     0.0   731.7    -90.0   520.9   852.1
  16:16:04.156     0.0   731.7    -90.0   520.9   852.1
  16:16:04.187     0.0   729.3    -90.0   520.9   849.7
  16:16:04.234     0.0   727.0    -90.0   520.9   847.4
  16:16:04.281     0.0   724.7    -90.0   520.9   845.1
  16:16:04.328     0.0   722.4    -90.0   530.9   842.8
  16:16:04.375     0.0   720.0    -90.0   530.9   840.4
  16:16:04.406     0.0   717.8    -90.0   530.9   838.2
  16:16:04.437     0.0   715.3    -90.0   520.9   835.7
  16:16:04.484     0.0   715.3    -90.0   520.9   835.7
  16:16:04.515     0.0   713.0    -90.0   520.9   833.4
  16:16:04.562     0.0   710.7    -90.0   520.9   831.1
  16:16:04.609     0.0   708.3    -90.0   520.9   828.7
  16:16:04.640     0.0   706.0    -90.0   510.9   826.4
  16:16:04.687     0.0   703.7    -90.0   510.9   824.0
  16:16:04.703     0.0   703.7    -90.0   510.9   824.0
  16:16:04.750     0.0   701.4    -90.0   510.9   821.7
  16:16:04.796     0.0   699.0    -90.0   511.0   819.4
  16:16:04.843     0.0   696.7    -90.0   511.0   817.1
  16:16:04.875     0.0   696.7    -90.0   511.0   817.1
  16:16:04.906     0.0   694.3    -90.0   521.0   814.7
  16:16:04.953     0.0   692.0    -90.0   511.0   812.4
  16:16:05.000     0.0   689.6    -90.0   511.0   810.0
  16:16:05.046     0.1   687.3    -90.0   521.0   807.6
  16:16:05.093     0.1   684.9    -90.0   511.0   805.3
  16:16:05.125     0.1   682.7    -90.0   521.0   803.1
  16:16:05.156     0.1   680.2    -90.0   521.0   800.6
  16:16:05.203     0.1   680.2    -90.0   521.0   800.6
  16:16:05.250     0.1   678.0    -90.0   531.0   798.4
  16:16:05.296     0.1   675.1    -90.0   521.0   795.5
  16:16:05.328     0.1   673.2    -90.0   531.0   793.6
  16:16:05.375     0.1   670.9    -90.0   521.0   791.3
  16:16:05.421     0.1   668.7    -90.0   521.0   789.0
  16:16:05.468     0.1   666.2    -90.0   521.0   786.6
  16:16:05.500     0.1   663.9    -90.0   521.0   784.3
  16:16:05.546     0.1   661.5    -90.0   521.0   781.9
  16:16:05.593     0.1   661.5    -90.0   521.0   781.9
  16:16:05.625     0.1   659.2    -90.0   521.0   779.6
  16:16:05.656     0.1   656.4    -90.0   521.0   776.8
  16:16:05.687     0.1   654.5    -90.0   521.0   774.9
  16:16:05.734     0.1   652.3    -90.0   521.0   772.7
  16:16:05.781     0.1   652.3    -90.0   531.0   772.7
  16:16:05.812     0.1   649.9    -90.0   531.0   770.3
  16:16:05.859     0.1   647.4    -90.0   531.0   767.8
  16:16:05.890     0.1   645.3    -90.0   541.0   765.7
  16:16:05.937     0.1   642.8    -90.0   531.0   763.2
  16:16:05.984     0.1   640.5    -90.0   541.0   760.9
  16:16:06.031     0.1   638.2    -90.0   541.0   758.6
  16:16:06.062     0.1   638.2    -90.0   531.0   758.6
  16:16:06.109     0.1   635.9    -90.0   531.0   756.3
  16:16:06.156     0.1   633.4    -90.0   531.0   753.8
  16:16:06.171     0.1   631.1    -90.0   531.0   751.5
  16:16:06.218     0.1   628.9    -90.0   531.0   749.3
  16:16:06.265     0.1   626.4    -90.0   531.0   746.8
  16:16:06.296     0.1   626.4    -90.0   531.0   746.8
  16:16:06.343     0.1   624.2    -90.0   541.0   744.6
  16:16:06.390     0.1   621.9    -90.0   541.0   742.3
  16:16:06.437     0.1   619.5    -90.0   541.0   739.9
  16:16:06.468     0.1   617.1    -90.0   541.0   737.5
  16:16:06.500     0.1   614.8    -90.0   531.0   735.2
  16:16:06.531     0.1   614.8    -90.0   541.0   735.2
  16:16:06.578     0.1   612.4    -90.0   541.0   732.8
  16:16:06.625     0.1   610.1    -90.0   541.0   730.5
  16:16:06.671     0.1   607.8    -90.0   541.0   728.2
  16:16:06.718     0.1   605.3    -90.0   541.0   725.7
  16:16:06.750     0.1   603.1    -90.0   551.0   723.5
  16:16:06.796     0.1   600.7    -90.0   551.0   721.1
  16:16:06.843     0.1   598.5    -90.0   551.0   718.9
  16:16:06.890     0.1   596.0    -90.0   551.0   716.5
  16:16:06.921     0.1   593.7    -90.0   551.0   714.1
  16:16:06.968     0.1   593.7    -90.0   551.0   714.1
  16:16:07.015     0.1   591.4    -90.0   551.0   711.8
  16:16:07.062     0.1   589.0    -90.0   561.0   709.4
  16:16:07.109     0.1   586.6    -90.0   561.0   707.0
  16:16:07.140     0.1   584.3    -90.0   561.0   704.7
  16:16:07.156     0.1   584.3    -90.0   561.0   704.7
  16:16:07.203     0.1   581.9    -90.0   561.0   702.3
  16:16:07.250     0.1   579.7    -90.0   561.0   700.2
  16:16:07.296     0.1   577.4    -90.0   561.0   697.8
  16:16:07.328     0.1   575.1    -90.0   571.0   695.5
  16:16:07.375     0.1   572.7    -90.0   561.0   693.1
  16:16:07.406     0.1   572.7    -90.0   561.0   693.1
  16:16:07.453     0.1   570.4    -90.0   561.0   690.8
  16:16:07.484     0.1   568.0    -90.0   561.1   688.4
  16:16:07.531     0.1   565.7    -90.0   571.1   686.1
  16:16:07.578     0.1   563.2    -90.0   591.1   683.6
  16:16:07.625     0.1   561.0    -90.0   641.1   681.5
  16:16:07.671     0.1   558.6    -90.0   691.1   679.1
  16:16:07.687     0.1   558.6    -90.0   691.1   679.1
  16:16:07.734     0.1   556.2    -90.0   711.1   676.8
  16:16:07.781     0.2   553.9    -90.0   711.1   674.5
  16:16:07.828     0.2   551.7    -90.0   701.1   672.2
  16:16:07.859     0.2   549.3    -90.0   701.1   669.8
  16:16:07.890     0.2   547.0    -90.0   701.1   667.5
  16:16:07.937     0.2   544.6    -90.0   691.1   665.1
  16:16:07.984     0.2   542.3    -90.0   701.1   662.9
  16:16:08.031     0.2   542.3    -90.0   721.1   662.9
  16:16:08.062     0.2   539.9    -90.0   751.1   660.4
  16:16:08.109     0.2   537.6    -90.0   821.1   658.2
  16:16:08.156     0.2   535.3    -90.0   951.1   656.0
  16:16:08.203     0.2   532.8    -90.0  1011.1   653.6
  16:16:08.234     0.2   530.6    -90.0  1021.1   651.4
  16:16:08.281     0.2   530.6    -90.0  1171.1   651.5
