Тестовая информация 0. Исходные сенсорные данные: Time, X_rob, Y_rob, Ang_rob, X_obj, Y_obj (мм, град)
16:43:17.937 0.0 0.0 20.0 1164.9 425.1
16:43:17.984 0.0 0.0 19.8 1129.0 406.6
16:43:18.031 0.0 0.0 19.6 1130.6 402.2
16:43:18.078 0.0 0.0 19.3 1170.0 410.8
16:43:18.125 0.0 0.0 19.1 1124.4 389.6
16:43:18.156 0.0 0.0 18.9 1154.4 394.8
16:43:18.203 0.0 0.0 18.6 1127.5 380.5
16:43:18.250 0.0 0.0 18.6 1127.5 380.5
16:43:18.296 0.0 0.0 18.4 1129.1 375.8
16:43:18.328 0.0 0.0 18.2 1083.1 355.5
16:43:18.375 0.0 0.0 17.9 1046.5 338.8
16:43:18.421 0.0 0.0 17.7 1047.9 334.4
16:43:18.468 0.0 0.0 17.5 1049.2 330.4
16:43:18.500 0.0 0.0 17.2 1050.7 325.6
16:43:18.546 0.0 0.0 17.0 1051.9 321.7
16:43:18.593 0.0 0.0 16.8 1110.7 334.6
16:43:18.640 0.0 0.0 16.5 1102.4 327.4
16:43:18.687 0.0 0.0 16.3 1103.8 322.7
16:43:18.718 0.0 0.0 16.3 1046.2 305.8
16:43:18.765 0.0 0.0 16.1 1018.6 293.4
16:43:18.812 0.0 0.0 15.8 1019.8 289.1
16:43:18.859 0.0 0.0 15.6 1021.0 285.0
16:43:18.890 0.0 0.0 15.3 1022.4 279.8
16:43:18.937 0.0 0.0 15.1 1023.6 275.3
16:43:18.984 0.0 0.0 15.1 1042.9 280.5
16:43:19.015 0.0 0.0 14.8 1034.4 273.8
16:43:19.062 0.0 0.0 14.6 1045.2 272.0
16:43:19.109 0.0 0.0 14.4 1046.3 267.8
16:43:19.140 0.0 0.0 14.1 1037.7 261.0
16:43:19.187 0.0 0.0 13.9 1038.7 256.7
16:43:19.234 0.0 0.0 13.6 1039.8 252.4
16:43:19.281 0.0 0.0 13.4 1021.4 243.5
16:43:19.312 0.0 0.0 13.4 1040.8 248.2
16:43:19.359 0.0 0.0 13.2 1051.6 246.2
16:43:19.406 0.0 0.0 12.9 1042.8 239.7
16:43:19.437 0.0 0.0 12.7 1053.5 237.7
16:43:19.484 0.0 0.0 12.5 1074.0 237.7
16:43:19.531 0.0 0.0 12.2 1075.0 233.3
16:43:19.578 0.0 0.0 12.0 1075.9 228.9
16:43:19.609 0.0 0.0 11.8 1116.0 232.7
16:43:19.671 0.0 0.0 11.6 1107.1 226.3
16:43:19.703 0.0 0.0 11.3 1108.1 221.6
16:43:19.750 0.0 0.0 11.3 1108.1 221.6
16:43:19.796 0.0 0.0 11.1 1109.0 217.0
16:43:19.828 0.0 0.0 10.8 1109.8 212.6
16:43:19.890 0.0 0.0 10.6 1061.5 198.8
16:43:19.921 0.0 0.0 10.3 1062.5 193.7
16:43:19.937 0.0 0.0 10.3 1062.5 193.7
16:43:19.984 0.0 0.0 10.1 1023.8 183.1
16:43:20.031 0.0 0.0 9.9 1024.5 178.9
16:43:20.093 0.0 0.0 9.7 1025.2 174.6
16:43:20.109 0.0 0.0 9.4 1026.2 169.0
16:43:20.156 0.0 0.0 9.1 1026.8 164.9
16:43:20.203 0.0 0.0 8.9 1037.4 162.3
16:43:20.250 0.0 0.0 8.7 1087.5 165.5
16:43:20.281 0.0 0.0 8.7 1087.5 165.5
16:43:20.312 0.0 0.0 8.4 1098.0 162.7
16:43:20.359 0.0 0.0 8.2 1088.8 156.7
16:43:20.406 0.0 0.0 8.0 1030.0 144.2
16:43:20.437 0.0 0.0 7.7 1080.1 146.5
16:43:20.484 0.0 0.0 7.5 1031.1 135.7
16:43:20.531 0.0 0.0 7.5 1031.1 135.7
16:43:20.578 0.0 0.0 7.3 1041.6 132.6
16:43:20.609 0.0 0.0 7.0 1032.2 127.2
16:43:20.640 0.0 0.0 6.8 1032.7 123.0
16:43:20.703 0.0 0.0 6.6 1092.8 125.7
16:43:20.734 0.0 0.0 6.3 1063.5 117.8
16:43:20.781 0.0 0.0 6.1 1064.0 113.4
16:43:20.828 0.0 0.0 5.8 1074.4 110.0
16:43:20.859 0.0 0.0 5.8 1064.4 109.0
16:43:20.906 0.0 0.0 5.6 1064.9 104.8
16:43:20.953 0.0 0.0 5.4 1154.9 108.8
16:43:20.984 0.0 0.0 5.1 1175.2 105.9
16:43:21.031 0.0 0.0 4.9 1165.7 100.3
16:43:21.078 0.0 0.0 4.7 1166.1 95.4
16:43:21.125 0.0 0.0 4.4 1146.5 89.2
16:43:21.156 0.0 0.0 4.4 1146.5 89.2
16:43:21.187 0.0 0.0 4.2 1146.9 84.4
16:43:21.234 0.0 0.0 4.0 1227.0 85.4
16:43:21.281 0.0 0.0 3.8 1227.4 80.5
16:43:21.312 0.0 0.0 3.5 1227.7 75.3
16:43:23.515 0.0 0.0 -7.2 1190.4 -151.3
16:43:23.562 0.0 0.0 -7.2 952.3 -121.0
16:43:23.609 0.0 0.0 -7.5 951.7 -126.0
16:43:23.625 0.0 0.0 -7.8 862.0 -117.9
16:43:23.671 0.0 0.0 -8.0 851.6 -120.0
16:43:23.703 0.0 0.0 -8.3 851.1 -123.6
16:43:23.750 0.0 0.0 -8.3 851.1 -123.6
16:43:23.796 0.0 0.0 -8.5 820.9 -122.5
16:43:23.843 0.0 0.0 -8.7 820.4 -125.9
16:43:23.875 0.0 0.0 -9.0 829.8 -130.8
16:43:23.921 0.0 0.0 -9.2 829.2 -134.3
16:43:23.968 0.0 0.0 -9.4 848.4 -140.9
16:43:24.015 0.0 0.0 -9.7 828.1 -141.0
16:43:24.046 0.0 0.0 -9.9 827.5 -144.4
16:43:24.093 0.0 0.0 -10.1 826.9 -147.8
16:43:24.156 0.0 0.0 -10.4 796.8 -145.7
16:43:24.187 0.0 0.0 -10.4 796.8 -145.7
16:43:24.218 0.0 0.0 -10.7 805.8 -151.9
16:43:24.250 0.0 0.0 -10.9 805.2 -155.1
16:43:24.296 0.0 0.0 -11.1 794.7 -156.5
16:43:24.343 0.0 0.0 -11.1 794.7 -156.5
16:43:24.390 0.0 0.0 -11.4 784.2 -158.1
16:43:24.421 0.0 0.0 -11.6 783.6 -161.0
16:43:24.468 0.0 0.0 -11.8 783.0 -164.2
16:43:24.515 0.0 0.0 -12.1 782.3 -167.3
16:43:24.562 0.0 0.0 -12.3 781.6 -170.7
16:43:24.609 0.0 0.0 -12.5 790.6 -176.0
16:43:24.640 0.0 0.0 -12.8 780.2 -177.0
16:43:24.687 0.0 0.0 -13.0 779.5 -180.1
16:43:24.734 0.0 0.0 -13.0 779.5 -180.1
16:43:24.765 0.0 0.0 -13.3 778.7 -183.4
16:43:24.812 0.0 0.0 -13.5 768.2 -184.2
16:43:24.906 0.0 0.0 -13.9 776.4 -192.8
16:43:24.953 0.0 0.0 -14.2 765.9 -193.6
16:43:24.984 0.0 0.0 -14.5 764.9 -197.7
16:43:25.031 0.0 0.0 -14.5 764.9 -197.7
16:43:25.078 0.0 0.0 -14.7 754.4 -198.3
16:43:25.125 0.0 0.0 -15.0 753.5 -201.4
16:43:25.156 0.0 0.0 -15.2 752.7 -204.5
16:43:25.203 0.0 0.0 -15.4 761.5 -210.3
16:43:25.250 0.0 0.0 -15.7 760.6 -213.4
16:43:25.296 0.0 0.0 -15.9 759.8 -216.4
16:43:25.343 0.0 0.0 -16.1 758.9 -219.5
16:43:25.375 0.0 0.0 -16.4 758.0 -222.7
16:43:25.421 0.0 0.0 -16.6 757.1 -225.7
16:43:25.468 0.0 0.0 -16.6 766.7 -228.5
16:43:25.500 0.0 0.0 -16.8 756.1 -228.8
16:43:25.546 0.0 0.0 -17.1 755.2 -231.8
16:43:25.578 0.0 0.0 -17.3 763.6 -238.5
16:43:25.625 0.0 0.0 -17.6 762.5 -242.0
16:43:25.671 0.0 0.0 -17.6 762.5 -242.0
16:43:25.703 0.0 0.0 -17.9 771.0 -248.3
16:43:25.750 0.0 0.0 -18.1 770.0 -251.5
16:43:25.781 0.0 0.0 -18.3 778.5 -257.7
16:43:25.828 0.0 0.0 -18.6 777.4 -260.9
16:43:25.875 0.0 0.0 -18.8 776.4 -263.9
16:43:25.921 0.0 0.0 -19.0 775.3 -267.1
16:43:25.953 0.0 0.0 -19.0 775.3 -267.1
16:43:26.000 0.0 0.0 -19.3 774.1 -270.4
16:43:26.031 0.0 0.0 -19.5 773.0 -273.7
16:43:26.078 0.0 0.0 -19.7 771.9 -276.7
16:43:26.125 0.0 0.0 -20.0 770.8 -279.8
16:43:26.171 0.0 0.0 -20.2 788.4 -289.9
16:43:26.203 0.0 0.0 -20.4 787.2 -293.2
16:43:26.250 0.0 0.0 -20.7 786.0 -296.4
16:43:26.296 0.0 0.0 -20.9 794.1 -303.2
16:43:26.343 0.0 0.0 -20.9 784.8 -299.6
16:43:26.390 0.0 0.0 -21.1 783.5 -302.8
16:43:26.421 0.0 0.0 -21.4 791.6 -309.5
16:43:26.468 0.0 0.0 -21.6 790.4 -312.8
16:43:26.515 0.0 0.0 -21.8 789.1 -316.0
16:43:26.562 0.0 0.0 -22.1 834.1 -338.0
16:43:26.593 0.0 0.0 -22.3 925.3 -379.3
16:43:26.625 0.0 0.0 -22.3 925.3 -379.3
16:43:26.671 0.0 0.0 -22.5 1006.9 -417.5
