Тестовая информация 0. Исходные сенсорные данные: Time, X_rob, Y_rob, Ang_rob, X_obj, Y_obj (мм, град)
15:43:55.203 0.0 0.0 21.1 998.1 385.6
15:43:55.250 0.0 0.0 20.9 775.5 295.9
15:43:55.296 0.0 0.0 20.7 776.7 292.8
15:43:55.328 0.0 0.0 20.7 701.8 264.5
15:43:55.375 0.0 0.0 20.4 665.4 247.7
15:43:55.406 0.0 0.0 20.2 666.4 245.0
15:43:55.453 0.0 0.0 19.9 667.4 242.2
15:43:55.500 0.0 0.0 19.7 659.0 236.2
15:43:55.546 0.0 0.0 19.5 659.9 233.4
15:43:55.578 0.0 0.0 19.2 660.9 230.7
15:43:55.625 0.0 0.0 19.0 652.4 224.7
15:43:55.671 0.0 0.0 19.0 661.8 228.0
15:43:55.718 0.0 0.0 18.8 662.8 225.3
15:43:55.765 0.0 0.0 18.5 654.2 219.4
15:43:55.796 0.0 0.0 18.3 655.1 216.6
15:43:55.828 0.0 0.0 18.1 655.9 214.1
15:43:55.875 0.0 0.0 17.8 656.8 211.4
15:43:55.921 0.0 0.0 17.6 657.7 208.7
15:43:55.968 0.0 0.0 17.4 658.5 206.0
15:43:56.000 0.0 0.0 17.4 658.5 206.0
15:43:56.046 0.0 0.0 17.1 659.4 203.3
15:43:56.093 0.0 0.0 16.9 650.6 197.7
15:43:56.140 0.0 0.0 16.7 651.4 195.0
15:43:56.171 0.0 0.0 16.4 652.2 192.3
15:43:56.234 0.0 0.0 16.2 643.4 187.0
15:43:56.265 0.0 0.0 16.0 644.2 184.3
15:43:56.312 0.0 0.0 15.7 644.9 181.8
15:43:56.328 0.0 0.0 15.7 644.9 181.8
15:43:56.375 0.0 0.0 15.5 636.0 176.4
15:43:56.437 0.0 0.0 15.3 646.4 176.4
15:43:56.453 0.0 0.0 15.0 647.1 173.6
15:43:56.500 0.0 0.0 14.8 647.8 171.0
15:43:56.546 0.0 0.0 14.6 648.5 168.5
15:43:56.578 0.0 0.0 14.6 648.5 168.5
15:43:56.625 0.0 0.0 14.3 649.1 165.9
15:43:56.671 0.0 0.0 14.1 649.8 163.3
15:43:56.718 0.0 0.0 13.9 650.5 160.6
15:43:56.765 0.0 0.0 13.6 641.4 155.5
15:43:56.796 0.0 0.0 13.4 642.0 153.0
15:43:56.843 0.0 0.0 13.2 642.7 150.3
15:43:56.890 0.0 0.0 12.9 643.3 147.7
15:43:56.937 0.0 0.0 12.7 643.9 145.0
15:43:56.984 0.0 0.0 12.5 644.5 142.4
15:43:57.015 0.0 0.0 12.2 645.0 139.7
15:43:57.062 0.0 0.0 12.0 645.6 137.1
15:43:57.109 0.0 0.0 12.0 645.6 137.1
15:43:57.156 0.0 0.0 11.7 646.2 134.4
15:43:57.187 0.0 0.0 11.5 646.7 131.9
15:43:57.250 0.0 0.0 11.3 647.2 129.3
15:43:57.281 0.0 0.0 11.0 647.8 126.4
15:43:57.328 0.0 0.0 10.8 648.2 124.0
15:43:57.375 0.0 0.0 10.6 648.8 121.2
15:43:57.406 0.0 0.0 10.3 649.3 118.6
15:43:57.453 0.0 0.0 10.1 649.7 115.9
15:43:57.500 0.0 0.0 9.9 650.2 113.3
15:43:57.531 0.0 0.0 9.9 650.2 113.3
15:43:57.578 0.0 0.0 9.7 650.6 110.7
15:43:57.625 0.0 0.0 9.4 661.0 109.7
15:43:57.671 0.0 0.0 9.2 661.4 107.1
15:43:57.718 0.0 0.0 9.0 661.8 104.3
15:43:57.750 0.0 0.0 8.7 662.3 101.5
15:43:57.781 0.0 0.0 8.7 662.3 101.5
15:43:57.812 0.0 0.0 8.5 662.7 98.8
15:43:57.859 0.0 0.0 8.2 673.0 97.6
15:43:57.906 0.0 0.0 8.0 663.4 93.5
15:43:57.937 0.0 0.0 7.8 673.7 92.0
15:43:57.984 0.0 0.0 7.6 674.1 89.4
15:43:58.031 0.0 0.0 7.6 674.1 89.4
15:43:58.078 0.0 0.0 7.1 674.8 83.8
15:43:58.109 0.0 0.0 7.1 674.8 83.8
15:43:58.156 0.0 0.0 6.8 675.2 81.0
15:43:58.203 0.0 0.0 6.6 675.5 78.2
15:43:58.265 0.0 0.0 6.4 685.7 76.8
15:43:58.281 0.0 0.0 6.1 676.2 72.0
15:43:58.328 0.0 0.0 5.8 676.5 69.0
15:43:58.375 0.0 0.0 5.8 686.4 70.0
15:43:58.406 0.0 0.0 5.6 686.7 67.3
15:43:58.453 0.0 0.0 5.4 696.9 65.5
15:43:58.500 0.0 0.0 5.1 707.2 63.3
15:43:58.546 0.0 0.0 4.9 707.4 60.6
15:43:58.578 0.0 0.0 4.7 707.7 57.7
15:43:58.625 0.0 0.0 4.4 727.8 56.4
15:43:58.671 0.0 0.0 4.2 728.0 53.4
15:43:58.718 0.0 0.0 4.0 738.2 51.0
15:43:58.750 0.0 0.0 4.0 748.2 51.7
15:43:58.796 0.0 0.0 3.7 748.4 48.7
15:43:58.843 0.0 0.0 3.5 768.6 46.9
15:43:58.890 0.0 0.0 3.3 768.7 43.9
15:43:58.937 0.0 0.0 3.0 768.9 40.6
15:43:58.968 0.0 0.0 2.8 779.1 37.9
15:43:59.015 0.0 0.0 2.6 819.2 36.6
15:43:59.062 0.0 0.0 2.3 819.3 33.2
15:43:59.093 0.0 0.0 2.1 819.4 30.1
15:43:59.140 0.0 0.0 1.8 759.6 24.5
15:43:59.187 0.0 0.0 1.8 749.6 24.2
15:43:59.218 0.0 0.0 1.6 749.7 21.3
15:43:59.265 0.0 0.0 1.4 729.8 17.6
15:43:59.312 0.0 0.0 1.1 729.9 14.6
15:43:59.359 0.0 0.0 0.9 729.9 11.6
15:43:59.390 0.0 0.0 0.7 729.9 8.8
15:43:59.437 0.0 0.0 0.5 720.0 5.7
15:43:59.484 0.0 0.0 0.2 720.0 2.7
15:43:59.531 0.0 0.0 0.0 710.0 -0.2
15:43:59.562 0.0 0.0 0.0 700.0 -0.2
15:43:59.609 0.0 0.0 -0.3 700.0 -3.1
15:43:59.656 0.0 0.0 -0.5 690.0 -5.7
15:43:59.703 0.0 0.0 -0.7 689.9 -8.6
15:43:59.734 0.0 0.0 -0.9 699.9 -11.6
15:43:59.781 0.0 0.0 -1.2 689.9 -14.2
15:43:59.828 0.0 0.0 -1.4 689.8 -17.1
15:43:59.875 0.0 0.0 -1.7 689.7 -19.9
15:43:59.890 0.0 0.0 -1.7 689.7 -19.9
15:43:59.937 0.0 0.0 -1.9 679.6 -22.4
15:43:59.984 0.0 0.0 -2.1 679.5 -25.1
15:44:00.015 0.0 0.0 -2.4 669.4 -27.6
15:44:00.062 0.0 0.0 -2.6 669.3 -30.3
15:44:00.125 0.0 0.0 -2.8 679.2 -33.4
15:44:00.156 0.0 0.0 -3.1 679.0 -36.2
15:44:00.187 0.0 0.0 -3.1 669.0 -35.7
15:44:00.234 0.0 0.0 -3.3 668.9 -38.5
15:44:00.281 0.0 0.0 -3.5 668.7 -41.2
15:44:00.328 0.0 0.0 -3.8 668.6 -43.8
15:44:00.359 0.0 0.0 -4.0 668.4 -46.6
15:44:00.406 0.0 0.0 -4.2 668.2 -49.4
15:44:00.453 0.0 0.0 -4.5 668.0 -52.1
15:44:00.500 0.0 0.0 -4.5 668.0 -52.1
15:44:00.531 0.0 0.0 -4.7 657.8 -54.0
15:44:00.578 0.0 0.0 -5.0 657.5 -57.6
15:44:00.625 0.0 0.0 -5.2 657.2 -60.3
15:44:00.671 0.0 0.0 -5.5 657.0 -63.0
15:44:00.718 0.0 0.0 -5.7 656.7 -65.6
15:44:00.750 0.0 0.0 -5.9 656.5 -68.3
15:44:00.796 0.0 0.0 -6.2 656.2 -71.0
15:44:00.843 0.0 0.0 -6.4 655.9 -73.6
15:44:00.890 0.0 0.0 -6.6 655.6 -76.4
15:44:00.921 0.0 0.0 -6.6 655.6 -76.4
15:44:00.968 0.0 0.0 -6.9 655.2 -79.8
15:44:01.015 0.0 0.0 -7.2 654.8 -82.6
15:44:01.062 0.0 0.0 -7.4 654.5 -85.2
15:44:01.109 0.0 0.0 -7.7 654.1 -88.0
15:44:01.140 0.0 0.0 -7.9 653.8 -90.6
15:44:01.187 0.0 0.0 -8.1 653.4 -93.2
15:44:01.234 0.0 0.0 -8.3 653.0 -95.8
15:44:01.281 0.0 0.0 -8.3 653.0 -95.8
15:44:01.312 0.0 0.0 -8.6 652.6 -98.6
15:44:01.359 0.0 0.0 -8.8 652.2 -101.2
15:44:01.406 0.0 0.0 -9.1 651.8 -104.0
15:44:01.453 0.0 0.0 -9.3 651.3 -106.5
15:44:01.484 0.0 0.0 -9.5 650.9 -109.2
15:44:01.531 0.0 0.0 -9.8 650.4 -112.2
15:44:01.578 0.0 0.0 -10.0 650.0 -114.6
15:44:01.609 0.0 0.0 -10.0 650.0 -114.6
15:44:01.656 0.0 0.0 -10.2 649.5 -117.2
15:44:01.718 0.0 0.0 -10.7 648.5 -122.5
15:44:01.734 0.0 0.0 -10.7 648.5 -122.5
15:44:01.781 0.0 0.0 -10.9 648.0 -125.2
15:44:01.828 0.0 0.0 -11.2 647.5 -127.8
15:44:01.875 0.0 0.0 -11.4 647.0 -130.5
15:44:01.921 0.0 0.0 -11.6 646.4 -133.1
15:44:01.968 0.0 0.0 -11.9 645.9 -135.7
15:44:02.000 0.0 0.0 -12.1 645.3 -138.3
15:44:02.046 0.0 0.0 -12.1 645.3 -138.3
15:44:02.078 0.0 0.0 -12.3 644.8 -140.9
15:44:02.125 0.0 0.0 -12.6 644.2 -143.7
15:44:02.171 0.0 0.0 -12.8 643.6 -146.2
15:44:02.218 0.0 0.0 -13.0 643.0 -148.8
15:44:02.250 0.0 0.0 -13.3 642.4 -151.4
15:44:02.296 0.0 0.0 -13.5 641.8 -154.1
15:44:02.343 0.0 0.0 -13.7 641.1 -156.7
15:44:02.390 0.0 0.0 -14.0 640.5 -159.4
15:44:02.421 0.0 0.0 -14.0 640.5 -159.4
15:44:02.468 0.0 0.0 -14.2 639.8 -161.9
15:44:02.515 0.0 0.0 -14.4 639.2 -164.5
15:44:02.562 0.0 0.0 -14.7 638.4 -167.5
15:44:02.609 0.0 0.0 -14.9 637.8 -169.9
15:44:02.640 0.0 0.0 -15.1 637.1 -172.4
15:44:02.687 0.0 0.0 -15.4 636.4 -175.1
15:44:02.734 0.0 0.0 -15.6 635.7 -177.6
15:44:02.765 0.0 0.0 -15.8 634.9 -180.2
15:44:02.812 0.0 0.0 -15.8 644.5 -182.9
15:44:02.843 0.0 0.0 -16.1 643.8 -185.4
15:44:02.890 0.0 0.0 -16.3 643.1 -188.1
15:44:02.937 0.0 0.0 -16.5 642.3 -190.8
15:44:02.968 0.0 0.0 -16.8 641.5 -193.5
15:44:03.015 0.0 0.0 -17.0 640.7 -196.0
15:44:03.062 0.0 0.0 -17.3 649.4 -201.7
15:44:03.109 0.0 0.0 -17.5 648.6 -204.3
15:44:03.156 0.0 0.0 -17.7 647.8 -206.9
15:44:03.187 0.0 0.0 -17.7 647.8 -206.9
15:44:03.234 0.0 0.0 -17.9 646.9 -209.5
15:44:03.281 0.0 0.0 -18.2 646.1 -212.1
15:44:03.312 0.0 0.0 -18.4 645.2 -214.8
15:44:03.359 0.0 0.0 -18.7 644.3 -217.5
15:44:03.406 0.0 0.0 -18.9 643.4 -220.1
15:44:03.453 0.0 0.0 -19.1 652.0 -225.9
15:44:03.500 0.0 0.0 -19.3 651.0 -228.6
15:44:03.531 0.0 0.0 -19.6 650.1 -231.3
15:44:03.578 0.0 0.0 -19.8 667.9 -240.7
15:44:03.625 0.0 0.0 -19.8 658.5 -237.3
15:44:03.656 0.0 0.0 -20.0 657.6 -239.9
15:44:03.703 0.0 0.0 -20.3 656.6 -242.7
15:44:03.750 0.0 0.0 -20.5 664.9 -248.9
15:44:03.796 0.0 0.0 -20.8 663.9 -251.7
15:44:03.843 0.0 0.0 -21.0 672.3 -257.8
15:44:03.875 0.0 0.0 -21.2 671.2 -260.6
15:44:03.921 0.0 0.0 -21.5 670.1 -263.3
15:44:03.968 0.0 0.0 -21.7 706.2 -280.8
15:44:04.015 0.0 0.0 -21.9 705.0 -283.8
15:44:04.062 0.0 0.0 -21.9 705.0 -283.8
15:44:04.093 0.0 0.0 -22.2 713.1 -290.5
15:44:04.140 0.0 0.0 -22.4 730.5 -300.9
15:44:04.187 0.0 0.0 -22.6 729.2 -303.8
15:44:04.203 0.0 0.0 -22.9 737.2 -310.7
15:44:04.250 0.0 0.0 -23.1 919.9 -392.2
15:44:04.296 0.0 0.0 -23.1 919.9 -392.2
15:44:04.343 0.0 0.0 -23.3 1028.4 -443.6
