Лабораторная работа 1. Анализ сенсорных данных об объекте

Маршрут: квадрат
Направление движения: по часовой стрелке
Скорость движения: 50.0 мм/с
Рабочий дальномер: правый (Rf_R)

Выходная информация: положение робота, координаты точек объекта

          Time   X_rob   Y_rob  Ang_rob   X_obj   Y_obj
  чч:мм:сс.ссс      мм      мм     град      мм      мм
  16:19:28.390     4.3   692.1     90.4  1267.7   635.6
  16:19:28.406     4.3   692.1     90.4   887.7   633.0
  16:19:28.453     4.3   694.5     90.4   887.7   635.4
  16:19:28.500     4.3   696.7     90.4   747.7   636.7
  16:19:28.531     4.2   699.0     90.4   707.7   638.7
  16:19:28.578     4.2   699.0     90.4   707.7   638.7
  16:19:28.625     4.2   702.3     90.4   707.6   642.0
  16:19:28.656     4.2   704.6     90.4   697.6   644.2
  16:19:28.687     4.2   707.0     90.4   687.6   646.5
  16:19:28.734     4.2   707.0     90.4   687.6   646.5
  16:19:28.781     4.2   709.2     90.4   677.6   648.7
  16:19:28.828     4.2   711.5     90.4   647.6   650.8
  16:19:28.859     4.1   713.9     90.4   607.6   652.9
  16:19:28.906     4.1   716.3     90.4   587.6   655.2
  16:19:28.953     4.1   718.7     90.4   547.5   657.4
  16:19:29.000     4.1   722.0     90.4   537.5   660.5
  16:19:29.015     4.1   722.0     90.4   537.5   660.5
  16:19:29.062     4.1   724.0     90.4   547.5   662.6
  16:19:29.093     4.1   726.3     90.4   537.5   664.9
  16:19:29.140     4.0   728.7     90.4   537.5   667.3
  16:19:29.187     4.0   731.1     90.4   537.5   669.6
  16:19:29.234     4.0   733.5     90.4   547.4   672.1
  16:19:29.265     4.0   733.5     90.4   547.4   672.1
  16:19:29.312     4.0   735.7     90.4   547.4   674.3
  16:19:29.343     4.0   738.1     90.4   547.4   676.7
  16:19:29.390     4.0   740.5     90.4   557.4   679.2
  16:19:29.421     4.0   740.5     90.4   547.4   679.1
  16:19:29.453     4.0   742.8     90.4   557.4   681.4
  16:19:29.500     3.9   745.1     90.4   557.4   683.8
  16:19:29.546     3.9   747.4     90.4   557.3   686.1
  16:19:29.578     3.9   749.8     90.4   557.3   688.5
  16:19:29.625     3.9   752.2     90.4   557.3   690.9
  16:19:29.671     3.9   754.5     90.4   557.3   693.2
  16:19:29.718     3.9   756.7     90.4   547.3   695.4
  16:19:29.750     3.9   756.7     90.4   547.3   695.4
  16:19:29.796     3.8   759.1     90.4   547.3   697.7
  16:19:29.843     3.8   761.6     90.4   547.3   700.2
  16:19:29.875     3.8   763.9     90.4   547.2   702.5
  16:19:29.921     3.8   766.2     90.4   547.2   704.9
  16:19:29.953     3.8   768.5     90.4   547.2   707.1
  16:19:30.000     3.8   770.8     90.4   547.2   709.4
  16:19:30.031     3.8   770.8     90.4   537.2   709.3
  16:19:30.062     3.8   773.2     90.4   537.2   711.8
  16:19:30.109     3.7   775.4     90.4   537.2   714.0
  16:19:30.156     3.7   777.8     90.4   537.1   716.4
  16:19:30.203     3.7   780.3     90.4   537.1   718.9
  16:19:30.234     3.7   780.3     90.4   537.1   718.9
  16:19:30.281     3.7   782.6     90.4   537.1   721.2
  16:19:30.312     3.7   784.9     90.4   537.1   723.5
  16:19:30.359     3.7   787.2     90.4   537.1   725.7
  16:19:30.406     3.6   789.6     90.4   537.1   728.2
  16:19:30.453     3.6   791.8     90.4   537.0   730.4
  16:19:30.500     3.6   794.2     90.4   537.0   732.8
  16:19:30.531     3.6   796.6     90.4   537.0   735.2
  16:19:30.578     3.6   798.9     90.4   537.0   737.4
  16:19:30.609     3.6   798.9     90.4   537.0   737.4
  16:19:30.656     3.6   801.3     90.4   527.0   739.8
  16:19:30.687     3.5   803.6     90.4   527.0   742.1
  16:19:30.734     3.5   805.9     90.4   537.0   744.5
  16:19:30.781     3.5   808.3     90.4   536.9   746.8
  16:19:30.828     3.5   810.6     90.4   546.9   749.2
  16:19:30.859     3.5   813.0     90.4   546.9   751.6
  16:19:30.906     3.5   813.0     90.4   556.9   751.7
  16:19:30.953     3.5   815.2     90.4   556.9   753.9
  16:19:30.984     3.5   817.6     90.4   556.9   756.3
  16:19:31.031     3.4   819.9     90.4   546.9   758.5
  16:19:31.062     3.4   822.2     90.4   556.8   760.9
  16:19:31.109     3.4   824.7     90.4   556.8   763.4
  16:19:31.156     3.4   826.9     90.4   546.8   765.6
  16:19:31.187     3.4   826.9     90.4   546.8   765.6
  16:19:31.234     3.4   829.4     90.4   546.8   768.0
  16:19:31.281     3.4   831.7     90.4   546.8   770.3
  16:19:31.312     3.3   834.0     90.4   546.8   772.7
  16:19:31.359     3.3   836.3     90.4   546.8   775.0
  16:19:31.406     3.3   838.6     90.4   546.7   777.3
  16:19:31.453     3.3   840.9     90.4   546.7   779.6
  16:19:31.468     3.3   840.9     90.4   546.7   779.6
  16:19:31.500     3.3   843.3     90.4   546.7   781.9
  16:19:31.546     3.3   845.6     90.4   546.7   784.3
  16:19:31.593     3.3   848.1     90.4   546.7   786.7
  16:19:31.640     3.2   850.3     90.4   546.7   789.0
  16:19:31.671     3.2   852.7     90.4   546.6   791.3
  16:19:31.718     3.2   852.7     90.4   546.6   791.3
  16:19:31.750     3.2   855.0     90.4   536.6   793.6
  16:19:31.781     3.2   857.3     90.4   546.6   796.0
  16:19:31.828     3.2   859.7     90.4   536.6   798.3
  16:19:31.859     3.2   862.1     90.4   536.6   800.6
  16:19:31.906     3.2   862.1     90.4   536.6   800.6
  16:19:31.953     3.1   864.3     90.4   536.6   802.9
  16:19:32.000     3.1   866.8     90.4   536.5   805.3
  16:19:32.031     3.1   869.0     90.4   536.5   807.6
  16:19:32.062     3.1   871.5     90.4   536.5   810.1
  16:19:32.109     3.1   871.5     90.4   536.5   810.1
  16:19:32.140     3.1   873.8     90.4   536.5   812.4
  16:19:32.171     3.1   876.2     90.4   536.5   814.7
  16:19:32.203     3.0   878.4     90.4   536.5   816.9
  16:19:32.250     3.0   881.2     90.4   536.5   819.8
  16:19:32.296     3.0   883.2     90.4   536.4   821.7
  16:19:32.328     3.0   883.2     90.4   526.4   821.6
  16:19:32.375     3.0   885.5     90.4   536.4   824.1
  16:19:32.437     3.0   887.7     90.4   536.4   826.3
  16:19:32.468     3.0   890.5     90.4   526.4   829.0
  16:19:32.515     3.0   892.5     90.4   526.4   831.0
  16:19:32.531     3.0   892.5     90.4   526.4   831.0
  16:19:32.578     2.9   894.8     90.4   536.4   833.4
  16:19:32.625     2.9   897.2     90.4   536.3   835.7
  16:19:32.656     2.9   899.6     90.4   536.3   838.1
  16:19:32.687     2.9   901.8     90.4   526.3   840.3
  16:19:32.718     2.9   901.8     90.4   526.3   840.3
  16:19:32.765     2.9   904.1     90.4   526.3   842.6
  16:19:32.812     2.9   906.6     90.4   526.3   845.1
  16:19:32.843     2.8   908.9     90.4   506.3   847.2
  16:19:32.890     2.8   911.2     90.4   526.3   849.7
  16:19:32.937     2.8   913.6     90.4   526.2   852.1
  16:19:32.968     2.8   915.8     90.4   526.2   854.3
  16:19:33.000     2.8   915.8     90.4   526.2   854.3
  16:19:33.046     2.8   918.2     90.4   526.2   856.7
  16:19:33.093     2.8   920.5     90.4   526.2   859.0
  16:19:33.140     2.8   922.9     90.4   516.2   861.4
  16:19:33.187     2.7   925.2     90.4   526.2   863.7
  16:19:33.218     2.7   927.6     90.4   536.1   866.1
  16:19:33.265     2.7   929.9     90.4   546.1   868.5
  16:19:33.312     2.7   932.2     90.4   576.1   871.1
  16:19:33.359     2.7   934.6     90.4   646.1   873.9
  16:19:33.390     2.7   934.6     90.4   706.1   874.3
  16:19:33.421     2.7   936.9     90.4   726.1   876.8
  16:19:33.468     2.6   939.3     90.4   736.1   879.2
  16:19:33.500     2.6   941.7     90.4   746.0   881.7
  16:19:33.546     2.6   943.9     90.4   746.0   883.9
  16:19:33.593     2.6   946.2     90.4   736.0   886.1
  16:19:33.640     2.6   946.2     90.4   736.0   886.1
  16:19:33.671     2.6   948.5     90.4   736.0   888.4
  16:19:33.718     2.6   951.0     90.4   726.0   890.8
  16:19:33.765     2.5   953.3     90.4   716.0   893.1
  16:19:33.781     2.5   955.7     90.4   696.0   895.3
  16:19:33.843     2.5   958.0     90.4   695.9   897.6
  16:19:33.875     2.5   958.0     90.4   685.9   897.6
  16:19:33.921     2.5   960.3     90.4   675.9   899.8
  16:19:33.968     2.5   962.5     90.4   665.9   902.0
  16:19:34.000     2.5   965.0     90.4   665.9   904.4
  16:19:34.031     2.5   967.3     90.4   665.9   906.8
  16:19:34.062     2.5   967.3     90.4   665.9   906.8
  16:19:34.109     2.4   969.6     90.4   665.9   909.0
  16:19:34.156     2.4   972.0     90.4   665.8   911.5
  16:19:34.187     2.4   974.3     90.4   675.8   913.8
  16:19:34.234     2.4   976.7     90.4   665.8   916.1
  16:19:34.296     2.4   978.9     90.4   695.8   918.6
  16:19:34.328     2.4   982.2     90.4   735.8   922.1
  16:19:34.359     2.4   982.2     90.4   735.8   922.1
  16:19:34.390     2.3   984.5     90.4   795.8   924.8
  16:19:34.437     2.3   986.8     90.4   885.7   927.7
  16:19:34.484     2.3   989.1     90.4   935.7   930.3
  16:19:34.515     2.3   991.5     90.4  1095.7   933.8
  16:20:02.343   574.3  1414.5      0.0   509.5   191.5
  16:20:02.390   576.2  1414.5      0.0   511.4   401.5
  16:20:02.421   578.5  1414.5      0.0   513.6   691.5
  16:20:02.484   581.0  1414.5      0.0   516.1   801.5
  16:20:02.500   583.6  1414.5      0.0   518.6   801.5
  16:20:02.546   585.6  1414.5      0.0   520.7   831.5
  16:20:02.593   588.0  1414.5      0.0   523.1   841.5
  16:20:02.640   590.3  1414.5      0.0   525.4   851.5
  16:20:02.671   590.3  1414.5      0.0   525.4   851.5
  16:20:02.718   592.6  1414.5      0.0   527.7   841.5
  16:20:02.765   594.9  1414.5      0.0   530.0   841.5
  16:20:02.812   597.4  1414.5      0.0   532.5   841.5
  16:20:02.843   599.7  1414.5      0.0   534.8   831.5
  16:20:02.890   602.1  1414.5      0.0   537.1   821.5
  16:20:02.921   604.5  1414.5      0.0   539.5   811.5
  16:20:02.968   604.5  1414.5      0.0   539.5   801.5
  16:20:03.000   606.6  1414.5      0.0   541.7   791.5
  16:20:03.031   609.0  1414.5      0.0   544.1   771.5
  16:20:03.078   611.4  1414.5      0.0   546.5   761.5
  16:20:03.125   613.7  1414.5      0.0   548.8   751.5
  16:20:03.171   616.0  1414.5      0.0   551.1   741.5
  16:20:03.203   618.6  1414.5      0.0   553.7   731.5
  16:20:03.250   618.6  1414.5      0.0   553.7   731.5
  16:20:03.296   620.7  1414.5      0.0   555.8   731.5
  16:20:03.343   623.0  1414.5      0.0   558.1   731.5
  16:20:03.375   625.4  1414.5      0.0   560.5   741.5
  16:20:03.421   627.8  1414.5      0.0   562.9   751.5
  16:20:03.468   630.2  1414.5      0.0   565.3   751.5
  16:20:03.500   632.4  1414.5      0.0   567.5   761.5
  16:20:03.531   632.4  1414.5      0.0   567.5   761.5
  16:20:03.562   634.7  1414.5      0.0   569.8   761.5
  16:20:03.609   637.1  1414.5      0.0   572.2   761.5
  16:20:03.656   639.4  1414.5      0.0   574.5   761.5
  16:20:03.703   641.8  1414.5      0.0   576.9   761.5
  16:20:03.734   641.8  1414.5      0.0   576.9   761.5
  16:20:03.781   644.1  1414.5      0.0   579.2   751.5
  16:20:03.812   646.5  1414.5      0.0   581.6   761.5
  16:20:03.859   648.8  1414.5      0.0   583.9   761.5
  16:20:03.906   651.2  1414.5      0.0   586.3   781.5
  16:20:03.937   653.4  1414.5      0.0   588.5   811.5
  16:20:03.984   655.8  1414.5      0.0   590.9   811.5
  16:20:04.015   658.1  1414.5      0.0   593.2   811.5
  16:20:04.062   658.1  1414.5      0.0   593.2   821.5
  16:20:04.093   660.4  1414.5      0.0   595.5   811.5
  16:20:04.140   662.8  1414.5      0.0   597.9   801.5
  16:20:04.187   665.1  1414.5      0.0   600.2   801.5
  16:20:04.218   667.5  1414.5      0.0   602.6   811.5
  16:20:04.265   669.9  1414.5      0.0   605.0   801.5
  16:20:04.312   672.2  1414.5      0.0   607.3   801.5
  16:20:04.359   672.2  1414.5      0.0   607.3   811.5
  16:20:04.390   674.5  1414.5      0.0   609.6   801.5
  16:20:04.437   676.8  1414.5      0.0   611.9   801.5
  16:20:04.468   679.2  1414.5      0.0   614.3   801.5
  16:20:04.515   681.6  1414.5      0.0   616.7   801.5
  16:20:04.546   683.8  1414.5      0.0   618.9   801.5
  16:20:04.593   683.8  1414.5      0.0   618.9   801.5
  16:20:04.625   686.2  1414.5      0.0   621.3   801.5
  16:20:04.640   688.6  1414.5      0.0   623.7   801.5
  16:20:04.671   688.6  1414.5      0.0   623.7   801.5
  16:20:04.718   690.9  1414.5      0.0   626.0   801.5
  16:20:04.765   693.3  1414.5      0.0   628.4   801.5
  16:20:04.812   695.6  1414.5      0.0   630.7   801.5
  16:20:04.843   697.9  1414.5      0.0   633.0   811.5
  16:20:04.859   697.9  1414.5      0.0   633.0   821.5
  16:20:04.906   700.3  1414.5      0.0   635.4   831.5
  16:20:04.953   702.5  1414.5      0.0   637.6   841.5
  16:20:05.000   704.9  1414.5      0.0   640.0   831.5
  16:20:05.046   707.3  1414.5      0.0   642.3   831.5
  16:20:05.078   709.7  1414.5      0.0   644.8   831.5
  16:20:05.125   709.7  1414.5      0.0   644.8   831.5
  16:20:05.156   711.9  1414.5      0.0   647.0   821.5
  16:20:05.203   714.3  1414.5      0.0   649.4   831.5
  16:20:05.234   716.7  1414.5      0.0   651.7   831.5
  16:20:05.281   719.0  1414.5      0.0   654.1   831.5
  16:20:05.328   721.3  1414.5      0.0   656.4   841.5
  16:20:05.375   723.7  1414.5      0.0   658.8   851.5
  16:20:05.421   726.0  1414.5      0.0   661.1   861.5
  16:20:05.421   726.0  1414.5      0.0   661.1   881.5
  16:20:05.468   728.3  1414.5      0.0   663.4   881.5
  16:20:05.515   730.6  1414.5      0.0   665.7   901.5
  16:20:05.562   733.1  1414.5      0.0   668.2   891.5
  16:20:05.593   733.1  1414.5      0.0   668.2   891.5
  16:20:05.640   735.3  1414.5      0.0   670.4   881.5
  16:20:05.656   737.6  1414.5      0.0   672.7   881.5
  16:20:05.703   740.1  1414.5      0.0   675.1   881.5
  16:20:05.750   740.1  1414.5      0.0   675.1   881.5
  16:20:05.796   742.8  1414.5      0.0   677.9   891.5
  16:20:05.828   745.5  1414.5      0.0   680.5   891.5
  16:20:05.875   747.9  1414.5      0.0   682.9   901.5
  16:20:05.921   750.3  1414.5      0.0   685.4   901.5
  16:20:05.953   752.6  1414.5      0.0   687.6   901.5
  16:20:06.000   754.8  1414.5      0.0   689.9   901.5
  16:20:06.046   754.8  1414.5      0.0   689.9   891.5
  16:20:06.093   757.1  1414.5      0.0   692.2   881.5
  16:20:06.140   759.5  1414.5      0.0   694.6   881.5
  16:20:06.171   761.8  1414.5      0.0   696.9   881.5
  16:20:06.218   764.1  1414.5      0.0   699.2   871.5
  16:20:06.250   766.5  1414.5      0.0   701.6   871.5
  16:20:06.296   768.9  1414.5      0.0   704.0   871.5
  16:20:06.343   771.2  1414.5      0.0   706.3   861.5
  16:20:06.375   771.2  1414.5      0.0   706.3   861.5
  16:20:06.406   773.5  1414.5      0.0   708.6   861.5
  16:20:06.453   775.8  1414.5      0.0   710.9   861.5
  16:20:06.484   778.1  1414.5      0.0   713.2   861.5
  16:20:06.515   778.1  1414.5      0.0   713.2   861.5
  16:20:06.562   780.5  1414.5      0.0   715.6   871.5
  16:20:06.609   782.9  1414.5      0.0   718.0   871.5
  16:20:06.656   785.2  1414.5      0.0   720.3   881.5
  16:20:06.687   787.5  1414.5      0.0   722.6   881.5
  16:20:06.734   789.9  1414.5      0.0   725.0   881.5
  16:20:06.781   789.9  1414.5      0.0   725.0   881.5
  16:20:06.828   792.7  1414.5      0.0   727.8   881.5
  16:20:06.843   795.4  1414.5      0.0   730.5   881.5
  16:20:06.890   797.8  1414.5      0.0   732.8   881.5
  16:20:06.953   800.0  1414.5      0.0   735.0   881.5
  16:20:06.984   802.4  1414.5      0.0   737.5   881.5
  16:20:07.031   804.6  1414.5      0.0   739.7   881.5
  16:20:07.062   804.6  1414.5      0.0   739.7   881.5
  16:20:07.109   807.1  1414.5      0.0   742.2   881.5
  16:20:07.156   809.4  1414.5      0.0   744.5   881.5
  16:20:07.203   811.7  1414.5      0.0   746.8   881.5
  16:20:07.234   814.1  1414.5      0.0   749.1   881.5
  16:20:07.281   816.4  1414.5      0.0   751.4   871.5
  16:20:07.328   818.7  1414.5      0.0   753.8   881.5
  16:20:07.359   821.2  1414.5      0.0   756.3   881.5
  16:20:07.406   821.2  1414.5      0.0   756.3   881.5
  16:20:07.453   823.4  1414.5      0.0   758.5   881.5
  16:20:07.484   825.8  1414.5      0.0   760.9   881.5
  16:20:07.531   828.0  1414.5      0.0   763.1   881.5
  16:20:07.562   830.4  1414.5      0.0   765.5   881.5
  16:20:07.609   832.8  1414.5      0.0   767.8   881.5
  16:20:07.640   835.2  1414.5      0.0   770.2   881.5
  16:20:07.687   835.2  1414.5      0.0   770.2   881.5
  16:20:07.734   837.5  1414.5      0.0   772.5   881.5
  16:20:07.781   839.8  1414.5      0.0   774.9   881.5
  16:20:07.828   842.2  1414.5      0.0   777.3   881.5
  16:20:07.859   844.4  1414.5      0.0   779.5   891.5
  16:20:07.890   846.9  1414.5      0.0   782.0   881.5
  16:20:07.937   849.1  1414.5      0.0   784.2   881.5
  16:20:07.984   851.5  1414.5      0.0   786.6   881.5
  16:20:08.031   851.5  1414.5      0.0   786.6   891.5
  16:20:08.062   853.8  1414.5      0.0   788.9   891.5
  16:20:08.109   856.2  1414.5      0.0   791.3   891.5
  16:20:08.140   858.6  1414.5      0.0   793.6   891.5
  16:20:08.187   860.8  1414.5      0.0   795.9   891.5
  16:20:08.234   863.2  1414.5      0.0   798.3   891.5
  16:20:08.265   863.2  1414.5      0.0   798.3   891.5
  16:20:08.312   865.5  1414.5      0.0   800.6   881.5
  16:20:08.343   867.9  1414.5      0.0   803.0   861.5
  16:20:08.390   870.2  1414.5      0.0   805.3   801.5
  16:20:08.437   872.5  1414.5      0.0   807.6   741.5
  16:20:08.468   875.0  1414.5      0.0   810.1   741.5
  16:20:08.515   877.3  1414.5      0.0   812.4   601.5
  16:20:08.562   879.6  1414.5      0.0   814.7   511.5
  16:20:08.609   879.6  1414.5      0.0   814.7   451.5
  16:20:08.640   881.9  1414.5      0.0   817.1   111.5
  16:20:08.687   884.2  1414.5      0.0   819.4   121.5
  16:20:40.562  1413.8   853.4    -90.0   220.8   918.5
  16:20:40.593  1413.8   853.4    -90.0   220.8   918.5
  16:20:40.625  1413.8   851.1    -90.0   510.8   916.2
  16:20:40.687  1413.8   848.8    -90.0   660.8   913.8
  16:20:40.718  1413.8   846.2    -90.0   660.8   911.3
  16:20:40.765  1413.8   844.0    -90.0   760.8   909.1
  16:20:40.812  1413.8   841.8    -90.0   760.8   906.8
  16:20:40.843  1413.8   839.3    -90.0   760.8   904.4
  16:20:40.890  1413.8   839.3    -90.0   740.8   904.4
  16:20:40.937  1413.8   836.3    -90.0   740.8   901.3
  16:20:40.984  1413.8   834.0    -90.0   730.8   899.0
  16:20:41.031  1413.8   831.5    -90.0   730.8   896.5
  16:20:41.046  1413.8   829.1    -90.0   730.8   894.2
  16:20:41.078  1413.8   829.1    -90.0   730.8   894.2
  16:20:41.125  1413.8   826.8    -90.0   730.8   891.8
  16:20:41.171  1413.8   824.6    -90.0   740.8   889.6
  16:20:41.218  1413.8   822.3    -90.0   740.8   887.3
  16:20:41.265  1413.8   819.9    -90.0   750.8   884.9
  16:20:41.296  1413.8   817.5    -90.0   750.8   882.5
  16:20:41.343  1413.8   815.2    -90.0   760.8   880.2
  16:20:41.390  1413.8   812.9    -90.0   760.8   877.9
  16:20:41.437  1413.8   810.6    -90.0   760.8   875.6
  16:20:41.484  1413.8   810.6    -90.0   770.8   875.6
  16:20:41.515  1413.8   807.4    -90.0   770.8   872.5
  16:20:41.562  1413.8   805.1    -90.0   770.8   870.1
  16:20:41.593  1413.8   805.1    -90.0   770.8   870.1
  16:20:41.625  1413.8   802.7    -90.0   780.8   867.7
  16:20:41.687  1413.8   800.3    -90.0   780.8   865.4
  16:20:41.718  1413.8   797.6    -90.0   790.8   862.6
  16:20:41.765  1413.8   795.8    -90.0   800.8   860.8
  16:20:41.812  1413.8   793.4    -90.0   800.8   858.5
  16:20:41.843  1413.8   791.1    -90.0   800.8   856.1
  16:20:41.890  1413.8   788.6    -90.0   800.8   853.7
  16:20:41.937  1413.8   786.2    -90.0   800.8   851.3
  16:20:41.984  1413.8   784.0    -90.0   800.8   849.0
  16:20:42.031  1413.8   781.7    -90.0   810.8   846.7
  16:20:42.046  1413.8   781.7    -90.0   810.8   846.7
  16:20:42.093  1413.8   779.4    -90.0   810.8   844.4
  16:20:42.140  1413.8   776.2    -90.0   810.8   841.3
  16:20:42.187  1413.8   776.2    -90.0   810.8   841.3
  16:20:42.218  1413.8   773.9    -90.0   810.8   839.0
  16:20:42.265  1413.8   771.5    -90.0   810.8   836.5
  16:20:42.312  1413.8   769.2    -90.0   810.8   834.2
  16:20:42.359  1413.8   766.9    -90.0   820.8   831.9
  16:20:42.390  1413.8   764.5    -90.0   830.8   829.6
  16:20:42.437  1413.8   762.2    -90.0   820.8   827.2
  16:20:42.484  1413.8   759.8    -90.0   820.8   824.9
  16:20:42.531  1413.8   757.5    -90.0   820.8   822.5
  16:20:42.562  1413.8   755.2    -90.0   830.8   820.2
  16:20:42.593  1413.8   755.2    -90.0   820.8   820.2
  16:20:42.640  1413.8   752.9    -90.0   820.8   817.9
  16:20:42.687  1413.8   750.5    -90.0   830.8   815.5
  16:20:42.734  1413.8   748.1    -90.0   830.8   813.1
  16:20:42.765  1413.8   745.9    -90.0   830.8   810.9
  16:20:42.812  1413.8   743.5    -90.0   830.8   808.6
  16:20:42.859  1413.8   741.1    -90.0   830.8   806.2
  16:20:42.890  1413.8   741.1    -90.0   830.8   806.2
  16:20:42.937  1413.8   738.8    -90.0   830.8   803.8
  16:20:42.984  1413.8   736.4    -90.0   830.8   801.5
  16:20:43.015  1413.8   734.1    -90.0   830.8   799.1
  16:20:43.062  1413.8   731.8    -90.0   830.8   796.8
  16:20:43.109  1413.8   729.4    -90.0   830.8   794.4
  16:20:43.140  1413.8   727.0    -90.0   830.8   792.1
  16:20:43.171  1413.8   727.0    -90.0   840.8   792.1
  16:20:43.218  1413.8   724.8    -90.0   830.8   789.9
  16:20:43.250  1413.8   722.4    -90.0   830.8   787.5
  16:20:43.296  1413.8   720.1    -90.0   830.8   785.1
  16:20:43.343  1413.8   717.7    -90.0   830.8   782.7
  16:20:43.390  1413.8   715.5    -90.0   830.8   780.5
  16:20:43.421  1413.8   715.5    -90.0   830.8   780.5
  16:20:43.468  1413.8   713.0    -90.0   830.8   778.0
  16:20:43.500  1413.8   710.7    -90.0   830.8   775.7
  16:20:43.531  1413.8   710.7    -90.0   830.8   775.7
  16:20:43.578  1413.8   707.9    -90.0   830.8   772.9
  16:20:43.625  1413.8   705.3    -90.0   830.8   770.3
  16:20:43.656  1413.8   702.9    -90.0   830.8   767.9
  16:20:43.703  1413.8   700.6    -90.0   820.8   765.6
  16:20:43.750  1413.8   698.2    -90.0   830.8   763.2
  16:20:43.796  1413.8   696.0    -90.0   830.8   761.0
  16:20:43.828  1413.8   693.6    -90.0   830.8   758.6
  16:20:43.875  1413.8   691.2    -90.0   830.8   756.3
  16:20:43.921  1413.8   691.2    -90.0   820.8   756.3
  16:20:43.953  1413.8   688.9    -90.0   830.8   753.9
  16:20:44.000  1413.8   686.5    -90.0   830.8   751.5
  16:20:44.046  1413.8   684.1    -90.0   820.8   749.2
  16:20:44.078  1413.8   681.9    -90.0   830.8   746.9
  16:20:44.140  1413.8   679.6    -90.0   830.8   744.6
  16:20:44.156  1413.8   679.6    -90.0   820.8   744.6
  16:20:44.203  1413.8   677.2    -90.0   820.8   742.3
  16:20:44.234  1413.8   674.9    -90.0   820.8   739.9
  16:20:44.281  1413.8   672.5    -90.0   820.8   737.5
  16:20:44.328  1413.8   670.2    -90.0   820.8   735.3
  16:20:44.375  1413.8   667.8    -90.0   820.8   732.9
  16:20:44.406  1413.8   665.4    -90.0   820.8   730.4
  16:20:44.437  1413.8   665.4    -90.0   820.8   730.4
  16:20:44.468  1413.8   663.1    -90.0   820.8   728.1
  16:20:44.515  1413.8   660.8    -90.0   810.8   725.8
  16:20:44.546  1413.8   660.8    -90.0   820.8   725.8
  16:20:44.593  1413.8   658.2    -90.0   810.8   723.2
  16:20:44.640  1413.8   655.3    -90.0   810.8   720.4
  16:20:44.687  1413.8   653.1    -90.0   810.8   718.1
  16:20:44.718  1413.8   650.7    -90.0   810.8   715.7
  16:20:44.765  1413.8   648.1    -90.0   810.8   713.1
  16:20:44.812  1413.8   646.0    -90.0   810.8   711.0
  16:20:44.859  1413.8   643.7    -90.0   810.8   708.7
  16:20:44.890  1413.8   643.7    -90.0   810.8   708.7
  16:20:44.953  1413.8   641.3    -90.0   810.8   706.4
  16:20:44.984  1413.8   638.6    -90.0   820.8   703.6
  16:20:45.031  1413.8   635.8    -90.0   820.8   700.8
  16:20:45.078  1413.8   633.6    -90.0   820.8   698.6
  16:20:45.093  1413.8   633.6    -90.0   810.8   698.6
  16:20:45.140  1413.8   631.2    -90.0   810.8   696.2
  16:20:45.171  1413.8   628.8    -90.0   800.8   693.9
  16:20:45.218  1413.8   626.5    -90.0   810.8   691.5
  16:20:45.265  1413.8   624.1    -90.0   800.8   689.2
  16:20:45.296  1413.8   621.8    -90.0   800.8   686.8
  16:20:45.359  1413.8   619.4    -90.0   810.8   684.5
  16:20:45.390  1413.8   619.4    -90.0   800.8   684.5
  16:20:45.437  1413.8   617.2    -90.0   800.8   682.2
  16:20:45.484  1413.8   614.8    -90.0   790.8   679.9
  16:20:45.515  1413.8   612.4    -90.0   800.8   677.5
  16:20:45.562  1413.8   610.1    -90.0   790.8   675.1
  16:20:45.609  1413.8   607.8    -90.0   790.8   672.9
  16:20:45.640  1413.8   605.4    -90.0   810.8   670.4
  16:20:45.687  1413.8   603.0    -90.0   790.8   668.1
  16:20:45.734  1413.8   603.0    -90.0   790.8   668.1
  16:20:45.765  1413.8   600.8    -90.0   780.8   665.9
  16:20:45.812  1413.8   598.5    -90.0   780.8   663.5
  16:20:45.859  1413.8   596.1    -90.0   770.8   661.2
  16:20:45.890  1413.8   593.8    -90.0   770.8   658.8
  16:20:45.937  1413.8   591.4    -90.0   760.8   656.4
  16:20:45.984  1413.8   589.1    -90.0   760.8   654.1
  16:20:46.031  1413.8   586.7    -90.0   770.8   651.7
  16:20:46.078  1413.8   584.3    -90.0   770.8   649.4
  16:20:46.093  1413.8   584.3    -90.0   770.8   649.4
  16:20:46.156  1413.8   579.5    -90.0   770.8   644.5
  16:20:46.171  1413.8   579.5    -90.0   770.8   644.5
  16:20:46.218  1413.8   577.4    -90.0   770.8   642.5
  16:20:46.250  1413.8   575.1    -90.0   770.8   640.1
  16:20:46.296  1413.8   575.1    -90.0   790.8   640.1
  16:20:46.343  1413.8   572.7    -90.0   790.8   637.7
  16:20:46.375  1413.8   570.3    -90.0   790.8   635.4
  16:20:46.421  1413.8   568.0    -90.0   780.8   633.0
  16:20:46.468  1413.8   565.7    -90.0   760.8   630.7
  16:20:46.515  1413.8   563.4    -90.0   740.8   628.4
  16:20:46.546  1413.8   560.9    -90.0   660.8   625.9
  16:20:46.593  1413.8   558.7    -90.0   480.8   623.8
  16:20:46.640  1413.8   556.3    -90.0   360.8   621.3
  16:20:46.671  1413.8   556.3    -90.0   340.8   621.3
  16:21:18.296   738.7     0.4    180.0   803.9   903.4
  16:21:18.343   736.4     0.4    180.0   801.7   853.4
  16:21:18.390   734.1     0.4    180.0   799.3   723.4
  16:21:18.421   731.8     0.4    180.0   797.0   693.4
  16:21:18.468   729.4     0.4    180.0   794.6   673.4
  16:21:18.515   727.1     0.4    180.0   792.3   673.4
  16:21:18.562   724.7     0.4    180.0   789.9   673.4
  16:21:18.593   724.7     0.4    180.0   789.9   673.4
  16:21:18.640   722.3     0.4    180.0   787.5   693.4
  16:21:18.687   720.1     0.4    180.0   785.3   693.4
  16:21:18.734   717.7     0.4    180.0   782.9   703.4
  16:21:18.765   715.4     0.4    180.0   780.6   723.4
  16:21:18.812   713.1     0.4    180.0   778.3   713.4
  16:21:18.859   710.8     0.4    180.0   776.0   733.4
  16:21:18.906   708.3     0.4    180.0   773.5   733.4
  16:21:18.937   706.1     0.4    180.0   771.3   723.4
  16:21:18.984   706.1     0.4    180.0   771.3   753.4
  16:21:19.015   703.7     0.4    180.0   768.9   753.4
  16:21:19.078   701.3     0.4    180.0   766.5   763.4
  16:21:19.109   698.9     0.4    180.0   764.1   763.4
  16:21:19.156   696.7     0.4    180.0   761.9   753.4
  16:21:19.187   694.3     0.4    180.0   759.5   763.4
  16:21:19.234   692.0     0.4    180.0   757.2   763.4
  16:21:19.265   692.0     0.4    180.0   757.2   763.4
  16:21:19.312   689.2     0.4    180.0   754.4   753.4
  16:21:19.359   686.5     0.4    180.0   751.7   753.4
  16:21:19.390   684.3     0.4    180.0   749.5   743.4
  16:21:19.421   684.3     0.4    180.0   749.5   743.4
  16:21:19.468   681.9     0.4    180.0   747.1   733.4
  16:21:19.515   678.7     0.4    180.0   743.9   743.4
  16:21:19.546   676.3     0.4    180.0   741.5   733.4
  16:21:19.593   674.0     0.4    180.0   739.2   723.4
  16:21:19.640   674.0     0.4    180.0   739.3   733.4
  16:21:19.687   671.8     0.4    180.0   737.0   733.4
  16:21:19.718   669.4     0.4    180.0   734.6   733.4
  16:21:19.765   666.9     0.4    180.0   732.1   733.4
  16:21:19.812   664.7     0.4    180.0   729.9   733.4
  16:21:19.843   662.4     0.4    180.0   727.6   743.4
  16:21:19.890   662.4     0.4    180.0   727.6   743.4
  16:21:19.937   659.1     0.4    180.0   724.3   743.4
  16:21:19.984   656.8     0.4    180.0   722.0   743.4
  16:21:20.015   654.5     0.4    180.0   719.7   743.4
  16:21:20.078   652.2     0.4    180.0   717.4   743.4
  16:21:20.109   649.7     0.4    180.0   714.9   733.4
  16:21:20.140   647.4     0.4    180.0   712.6   743.4
  16:21:20.187   647.4     0.4    180.0   712.6   753.4
  16:21:20.218   645.2     0.4    180.0   710.4   743.4
  16:21:20.265   642.9     0.4    180.0   708.1   753.4
  16:21:20.296   640.5     0.4    180.0   705.8   753.4
  16:21:20.343   638.1     0.4    180.0   703.3   753.4
  16:21:20.375   638.1     0.4    180.0   703.3   743.4
  16:21:20.406   635.9     0.4    180.0   701.1   733.4
  16:21:20.453   633.5     0.4    180.0   698.7   733.4
  16:21:20.500   631.2     0.4    180.0   696.4   723.4
  16:21:20.546   628.8     0.4    180.0   694.0   713.4
  16:21:20.578   626.4     0.4    180.0   691.6   703.4
  16:21:20.625   624.0     0.4    180.0   689.2   693.4
  16:21:20.687   621.8     0.4    180.0   687.0   693.4
  16:21:20.718   619.5     0.4    180.0   684.6   673.4
  16:21:20.765   619.5     0.4    180.0   684.6   683.4
  16:21:20.796   617.2     0.4    180.0   682.4   683.4
  16:21:20.843   614.8     0.4    180.0   680.0   673.4
  16:21:20.890   612.4     0.4    180.0   677.6   673.4
  16:21:20.921   610.1     0.4    180.0   675.3   673.4
  16:21:20.968   607.8     0.4    180.0   673.0   673.4
  16:21:21.000   605.4     0.4    180.0   670.6   673.4
  16:21:21.046   603.1     0.4    180.0   668.2   663.4
  16:21:21.093   603.1     0.4    180.0   668.2   663.4
  16:21:21.140   600.8     0.5    180.0   665.9   673.4
  16:21:21.171   598.4     0.5    180.0   663.5   663.4
  16:21:21.218   596.0     0.5    180.0   661.2   663.4
  16:21:21.265   593.7     0.5    180.0   658.9   663.4
  16:21:21.312   591.4     0.5    180.0   656.6   673.4
  16:21:21.343   589.0     0.5    180.0   654.2   673.4
  16:21:21.390   586.8     0.5    180.0   652.0   683.4
  16:21:21.437   584.5     0.5    180.0   649.6   693.4
  16:21:21.468   584.5     0.5    180.0   649.6   703.4
  16:21:21.484   582.1     0.5    180.0   647.3   703.4
  16:21:21.531   579.7     0.5    180.0   644.9   713.4
  16:21:21.578   577.3     0.5    180.0   642.5   713.4
  16:21:21.625   577.3     0.5    180.0   642.5   723.4
  16:21:21.671   575.0     0.5    180.0   640.2   723.4
  16:21:21.703   572.6     0.5    180.0   637.8   713.4
  16:21:21.750   570.3     0.5    180.0   635.5   723.4
  16:21:21.796   568.0     0.5    180.0   633.2   733.4
  16:21:21.828   565.6     0.5    180.0   630.8   733.4
  16:21:21.875   563.3     0.5    180.0   628.5   733.4
  16:21:21.937   561.0     0.5    180.0   626.2   743.4
  16:21:21.968   558.6     0.5    180.0   623.8   753.4
  16:21:22.000   556.2     0.5    180.0   621.4   753.4
  16:21:22.046   556.2     0.5    180.0   621.4   743.4
  16:21:22.093   553.9     0.5    180.0   619.1   753.4
  16:21:22.140   551.6     0.5    180.0   616.8   763.4
  16:21:22.187   548.4     0.5    180.0   613.6   743.4
  16:21:22.218   546.2     0.5    180.0   611.4   773.4
  16:21:22.250   546.2     0.5    180.0   611.4   773.4
  16:21:22.281   543.9     0.5    180.0   609.1   773.4
  16:21:22.328   541.5     0.5    180.0   606.8   773.4
  16:21:22.375   539.2     0.5    180.0   604.4   753.4
  16:21:22.421   536.9     0.5    180.0   602.1   763.4
  16:21:22.437   536.9     0.5    180.0   602.1   763.4
  16:21:22.484   534.4     0.5    180.0   599.7   763.5
  16:21:22.531   532.1     0.5    180.0   597.3   773.5
  16:21:22.578   529.6     0.5    180.0   594.8   773.5
  16:21:22.609   527.4     0.5    180.0   592.6   773.5
  16:21:22.656   525.1     0.5    180.0   590.3   763.5
  16:21:22.703   522.8     0.5    180.0   588.0   773.5
  16:21:22.734   522.8     0.5    180.0   588.0   773.5
  16:21:22.765   519.7     0.5    180.0   584.9   773.5
  16:21:22.812   517.3     0.5    180.0   582.5   753.5
  16:21:22.859   515.0     0.5    180.0   580.2   763.5
  16:21:22.890   515.0     0.5    180.0   580.2   763.5
  16:21:22.937   512.6     0.5    180.0   577.8   753.5
  16:21:22.984   510.3     0.5    180.0   575.5   753.5
  16:21:23.031   507.9     0.5    180.0   573.1   753.5
  16:21:23.046   507.9     0.5    180.0   573.1   763.5
  16:21:23.078   505.6     0.5    180.0   570.8   763.5
  16:21:23.140   503.2     0.5    180.0   568.4   763.5
  16:21:23.171   500.8     0.5    180.0   566.0   773.5
  16:21:23.218   498.6     0.5    180.0   563.8   773.5
  16:21:23.250   496.2     0.5    180.0   561.4   773.5
  16:21:23.296   494.0     0.5    180.0   559.2   763.5
  16:21:23.343   491.6     0.5    180.0   556.8   763.5
  16:21:23.390   489.2     0.5    180.0   554.5   773.5
  16:21:23.421   489.2     0.5    180.0   554.5   773.5
  16:21:23.468   487.0     0.5    180.0   552.2   753.5
  16:21:23.515   484.6     0.5    180.0   549.8   763.5
  16:21:23.562   482.3     0.5    180.0   547.5   763.5
  16:21:23.593   479.9     0.5    180.0   545.1   773.5
  16:21:23.640   477.5     0.5    180.0   542.7   763.5
  16:21:23.687   475.2     0.5    180.0   540.4   763.5
  16:21:23.718   472.9     0.5    180.0   538.1   753.5
  16:21:23.765   470.6     0.5    180.0   535.8   753.5
  16:21:23.812   468.2     0.5    180.0   533.4   763.5
  16:21:23.859   468.2     0.5    180.0   533.4   753.5
  16:21:23.890   465.9     0.5    180.0   531.1   753.5
  16:21:23.906   463.5     0.5    180.0   528.7   743.5
  16:21:23.953   461.0     0.5    180.0   526.2   733.5
  16:21:24.000   461.0     0.5    180.0   526.2   733.5
  16:21:24.046   458.8     0.5    180.0   524.0   723.5
  16:21:24.078   456.5     0.5    180.0   521.7   703.5
  16:21:24.140   454.2     0.5    180.0   519.4   693.5
  16:21:24.156   451.5     0.5    180.0   516.7   683.5
  16:21:24.203   449.5     0.5    180.0   514.7   703.5
  16:21:24.250   447.1     0.5    180.0   512.3   723.5
  16:21:24.296   447.1     0.5    180.0   512.4   793.5
  16:21:24.328   444.8     0.5    180.0   510.0   803.5
  16:21:24.375   442.4     0.5    180.0   507.7   883.5
  16:21:24.421   440.2     0.5    180.0   505.4   963.5
  16:21:24.453   437.9     0.5    180.0   503.1  1003.5
  16:21:24.484   435.5     0.5    180.0   500.8  1093.5
  16:21:24.531   433.1     0.5    180.0   498.4  1123.5
  16:21:27.140   306.8     0.5    180.0   372.2  1293.5
  16:21:27.203   304.5     0.5    180.0   369.9  1243.5
  16:21:27.359   295.1     0.5    180.0   360.5  1283.5
  16:21:27.406   295.1     0.5    180.0   360.5  1243.5
  16:21:27.453   292.7     0.5    180.0   358.1  1183.5
  16:21:27.468   290.5     0.5    180.0   355.8  1193.5
  16:21:27.515   288.1     0.5    180.0   353.4  1323.5
  16:21:27.562   285.7     0.5    180.0   351.0  1263.5
  16:21:27.609   285.7     0.5    180.0   351.0  1143.5
  16:21:27.640   282.9     0.5    180.0   348.3  1163.5
  16:21:27.687   280.3     0.5    180.0   345.6  1203.5
  16:21:27.734   278.0     0.5    180.0   343.3  1233.5
  16:21:27.781   275.6     0.5    180.0   341.0  1153.5
  16:21:27.812   273.3     0.5    180.0   338.7  1253.5
  16:21:27.859   270.8     0.5    180.0   336.2  1183.5
  16:21:27.906   268.6     0.5    180.0   333.9  1133.5
  16:21:27.937   268.6     0.5    180.0   333.9  1163.5
  16:21:27.984   266.2     0.5    180.0   331.5  1153.5
  16:21:28.031   263.9     0.5    180.0   329.2  1183.5
  16:21:28.078   261.6     0.5    180.0   326.9  1183.5
  16:21:28.109   259.2     0.5    180.0   324.6  1173.5
  16:21:28.156   256.8     0.5    180.0   322.1  1173.5
  16:21:28.203   254.6     0.5    180.0   319.9  1163.5
  16:21:28.234   254.6     0.5    180.0   319.9  1163.5
  16:21:28.281   251.5     0.5    180.0   316.8  1183.5
  16:21:28.312   249.0     0.5    180.0   314.4  1153.5
  16:21:28.359   246.7     0.5    180.0   312.0  1203.5
  16:21:28.406   244.3     0.5    180.0   309.7  1193.5
  16:21:28.453   242.1     0.5    180.0   307.4  1163.5
  16:21:28.484   239.8     0.6    180.0   305.1  1173.5
  16:21:28.531   239.8     0.6    180.0   305.1  1173.5
  16:21:28.578   237.4     0.6    180.0   302.7  1223.5
  16:21:28.609   235.0     0.6    180.0   300.3  1223.5
  16:21:28.656   232.7     0.6    180.0   298.0  1173.5
  16:21:28.687   230.3     0.6    180.0   295.6  1173.5
  16:21:28.734   228.0     0.6    180.0   293.4  1203.5
  16:21:28.781   225.8     0.6    180.0   291.1  1273.5
  16:21:28.812   225.8     0.6    180.0   291.1  1213.5
  16:21:28.859   222.6     0.6    180.0   287.9  1203.5
  16:21:28.906   220.3     0.6    180.0   285.6  1243.5
  16:21:28.953   218.0     0.6    180.0   283.3  1223.5
