Лабораторная работа 1. Анализ сенсорных данных об объекте

Маршрут: квадрат
Направление движения: против часовой стрелки
Скорость движения: 50.0 мм/с
Рабочий дальномер: левый (Rf_L)

Выходная информация: положение робота, координаты точек объекта

          Time   X_rob   Y_rob  Ang_rob   X_obj   Y_obj
  чч:мм:сс.ссс      мм      мм     град      мм      мм
  16:23:27.156    65.2   -23.4      1.0   -76.3  1205.4
  16:23:27.203    67.5   -23.3      1.0   -74.0  1205.4
  16:23:27.250    69.9   -23.3      1.0   -70.3  1135.5
  16:23:27.296    72.2   -23.2      1.0   -68.4  1155.5
  16:23:27.328    72.2   -23.2      1.0   -69.3  1205.5
  16:23:27.375    74.5   -23.2      1.0   -66.4  1175.5
  16:23:27.421    76.9   -23.2      1.0   -65.1  1235.6
  16:23:27.468    79.3   -23.1      1.0   -62.9  1245.6
  16:23:27.500    81.7   -23.1      1.0   -59.1  1165.7
  16:23:27.656    88.6   -22.9      1.0   -52.2  1165.8
  16:23:27.812    98.0   -22.8      1.0   -44.6  1265.9
  16:23:27.859    98.0   -22.8      1.0   -44.6  1265.9
  16:23:27.906   100.3   -22.7      1.0   -38.9  1076.0
  16:23:27.953   102.7   -22.7      1.0   -36.9  1096.0
  16:23:27.984   105.0   -22.7      1.0   -34.0  1066.1
  16:23:28.031   107.3   -22.6      1.0   -33.8  1186.1
  16:23:28.078   109.7   -22.6      1.0   -31.4  1186.1
  16:23:28.109   112.1   -22.5      1.0   -30.8  1286.2
  16:23:28.140   112.1   -22.5      1.0   -28.2  1136.2
  16:23:28.171   114.3   -22.5      1.0   -23.0   966.3
  16:23:28.218   116.7   -22.5      1.0   -24.8  1206.3
  16:23:28.265   119.0   -22.4      1.0   -20.9  1116.3
  16:23:28.312   121.7   -22.4      1.0   -19.6  1196.3
  16:23:28.343   123.7   -22.3      1.0   -14.3  1006.4
  16:23:28.390   126.0   -22.3      1.0   -13.5  1096.4
  16:23:28.453   128.4   -22.3      1.0   -13.3  1216.5
  16:23:28.500   128.4   -22.3      1.0   -13.3  1216.5
  16:23:28.546   131.3   -22.2      1.0   -12.1  1316.5
  16:23:28.578   134.0   -22.2      1.0    -8.1  1236.6
  16:23:29.093   159.5   -21.7      1.0    17.0  1267.0
  16:23:29.140   161.9   -21.7      1.0    24.9   947.1
  16:23:29.171   164.2   -21.6      1.0    21.6  1267.1
  16:23:29.218   166.6   -21.6      1.0    24.8  1227.1
  16:23:31.296   267.1   -19.8      1.0   128.0  1068.9
  16:23:31.328   269.5   -19.8      1.0   129.7  1108.9
  16:23:31.375   269.5   -19.8      1.0   129.7  1108.9
  16:23:31.421   271.9   -19.7      1.0   129.8  1239.0
  16:23:31.453   274.2   -19.7      1.0   135.7  1039.0
  16:23:31.500   276.4   -19.7      1.0   141.1   859.1
  16:23:31.546   278.8   -19.6      1.0   142.8   899.1
  16:23:31.593   281.1   -19.6      1.0   144.7   919.2
  16:23:31.625   283.5   -19.5      1.0   147.8   879.2
  16:23:31.671   285.9   -19.5      1.0   151.7   789.3
  16:23:31.703   285.9   -19.5      1.0   151.5   799.3
  16:23:31.734   288.2   -19.5      1.0   153.8   799.3
  16:23:31.781   290.5   -19.4      1.0   157.4   729.4
  16:23:31.828   292.8   -19.4      1.0   159.2   759.4
  16:23:31.859   295.3   -19.3      1.0   162.5   709.5
  16:23:31.906   297.6   -19.3      1.0   165.2   689.5
  16:23:31.937   297.6   -19.3      1.0   165.2   689.5
  16:23:31.984   299.9   -19.3      1.0   167.0   719.5
  16:23:32.015   302.3   -19.2      1.0   169.2   729.6
  16:23:32.062   304.6   -19.2      1.0   171.7   719.6
  16:23:32.109   306.8   -19.1      1.0   174.2   699.7
  16:23:32.156   309.2   -19.1      1.0   176.5   709.7
  16:23:32.187   311.5   -19.1      1.0   179.3   679.7
  16:23:32.218   311.5   -19.1      1.0   179.3   679.7
  16:23:32.265   314.0   -19.0      1.0   181.0   719.8
  16:23:32.312   316.2   -19.0      1.0   184.2   669.8
  16:23:32.359   318.5   -18.9      1.0   184.9   759.9
  16:23:32.390   320.9   -18.9      1.0   188.3   699.9
  16:23:32.437   323.3   -18.8      1.0   190.5   709.9
  16:23:32.468   323.3   -18.8      1.0   189.5   769.9
  16:23:32.515   325.7   -18.8      1.0   192.2   750.0
  16:23:32.562   328.0   -18.8      1.0   193.7   800.0
  16:23:32.609   330.3   -18.7      1.0   195.6   820.1
  16:23:32.640   332.6   -18.7      1.0   197.4   850.1
  16:23:32.687   334.9   -18.6      1.0   196.7  1020.1
  16:23:32.734   337.4   -18.6      1.0   199.0  1030.1
  16:23:32.765   339.6   -18.6      1.0   200.6  1070.2
  16:23:32.796   339.6   -18.6      1.0   197.8  1230.2
  16:23:32.828   342.0   -18.5      1.0   199.7  1260.2
  16:23:39.656   674.1   -12.7      1.0   535.8  1036.0
  16:23:39.703   676.4   -12.7      1.0   543.0   756.1
  16:23:39.750   678.8   -12.6      1.0   546.0   716.2
  16:23:39.781   681.1   -12.6      1.0   548.4   716.2
  16:23:39.812   683.5   -12.6      1.0   550.9   706.2
  16:23:39.859   685.7   -12.5      1.0   553.1   706.3
  16:23:39.906   688.2   -12.5      1.0   555.6   706.3
  16:23:39.953   688.2   -12.5      1.0   555.8   696.3
  16:23:39.984   690.4   -12.4      1.0   557.8   706.4
  16:23:40.031   692.9   -12.4      1.0   560.5   696.4
  16:23:40.062   695.1   -12.3      1.0   562.6   706.4
  16:23:40.109   697.5   -12.3      1.0   564.9   706.5
  16:23:40.156   699.9   -12.3      1.0   567.3   706.5
  16:23:40.187   702.2   -12.2      1.0   569.6   706.6
  16:23:40.234   702.2   -12.2      1.0   569.6   706.6
  16:23:40.265   704.6   -12.2      1.0   572.2   696.6
  16:23:40.312   706.8   -12.1      1.0   574.2   706.6
  16:23:40.359   709.2   -12.1      1.0   576.6   706.7
  16:23:40.406   711.5   -12.1      1.0   578.9   706.7
  16:23:40.437   713.9   -12.0      1.0   581.5   696.8
  16:23:40.484   716.3   -12.0      1.0   583.9   696.8
  16:23:40.515   716.3   -12.0      1.0   583.7   706.8
  16:23:40.562   718.5   -11.9      1.0   586.1   696.9
  16:23:40.609   720.9   -11.9      1.0   588.5   696.9
  16:23:40.656   723.2   -11.9      1.0   590.8   696.9
  16:23:40.703   725.5   -11.8      1.0   593.1   697.0
  16:23:40.734   727.9   -11.8      1.0   595.5   697.0
  16:23:40.781   730.2   -11.7      1.0   597.8   697.1
  16:23:40.828   732.5   -11.7      1.0   600.1   697.1
  16:23:40.875   734.9   -11.7      1.0   602.5   697.1
  16:23:40.906   737.2   -11.6      1.0   604.8   697.2
  16:23:40.953   737.2   -11.6      1.0   604.8   697.2
  16:23:40.984   739.6   -11.6      1.0   607.2   697.2
  16:23:41.015   741.9   -11.5      1.0   609.5   697.3
  16:23:41.062   744.3   -11.5      1.0   611.9   697.3
  16:23:41.109   746.7   -11.4      1.0   614.3   697.3
  16:23:41.156   749.0   -11.4      1.0   616.6   697.4
  16:23:41.187   749.0   -11.4      1.0   616.6   697.4
  16:23:41.218   751.3   -11.4      1.0   618.9   697.4
  16:23:41.281   753.7   -11.3      1.0   621.1   707.5
  16:23:41.312   756.0   -11.3      1.0   623.6   697.5
  16:23:41.359   758.3   -11.2      1.0   625.9   697.6
  16:23:41.406   760.6   -11.2      1.0   628.2   697.6
  16:23:41.437   763.0   -11.2      1.0   630.6   697.6
  16:23:41.484   765.4   -11.1      1.0   633.0   697.7
  16:23:41.531   767.6   -11.1      1.0   635.2   697.7
  16:23:41.578   767.6   -11.1      1.0   635.2   697.7
  16:23:41.625   770.0   -11.0      1.0   637.5   697.8
  16:23:41.656   772.4   -11.0      1.0   640.0   697.8
  16:23:41.703   774.7   -11.0      1.0   642.3   697.8
  16:23:41.718   774.7   -11.0      1.0   642.3   697.8
  16:23:41.765   777.7   -10.9      1.0   645.5   687.9
  16:23:41.812   780.2   -10.9      1.0   647.8   697.9
  16:23:41.843   782.5   -10.8      1.0   650.1   698.0
  16:23:41.890   782.5   -10.8      1.0   650.3   688.0
  16:23:41.937   785.3   -10.8      1.0   652.9   698.0
  16:23:41.984   787.9   -10.7      1.0   655.5   698.1
  16:23:42.015   790.2   -10.7      1.0   657.8   698.1
  16:23:42.046   792.5   -10.6      1.0   660.3   688.2
  16:23:42.093   795.4   -10.6      1.0   663.1   688.2
  16:23:42.140   797.3   -10.6      1.0   664.9   698.2
  16:23:42.187   797.3   -10.6      1.0   665.0   688.2
  16:23:42.218   799.7   -10.5      1.0   667.4   688.3
  16:23:42.265   801.9   -10.5      1.0   669.7   688.3
  16:23:42.312   804.6   -10.4      1.0   672.6   678.4
  16:23:42.359   806.5   -10.4      1.0   674.3   688.4
  16:23:42.390   809.0   -10.4      1.0   676.8   688.4
  16:23:42.406   809.0   -10.4      1.0   676.8   688.4
  16:23:42.453   811.3   -10.3      1.0   679.0   688.5
  16:23:42.500   813.7   -10.3      1.0   681.6   678.5
  16:23:42.546   816.0   -10.2      1.0   684.1   668.6
  16:23:42.578   818.4   -10.2      1.0   686.6   668.6
  16:23:42.625   820.7   -10.2      1.0   689.0   658.6
  16:23:42.687   823.0   -10.1      1.0   691.3   658.7
  16:23:42.718   825.3   -10.1      1.0   693.6   658.7
  16:23:42.750   825.3   -10.1      1.0   693.8   648.7
  16:23:42.781   827.6   -10.0      1.0   696.1   648.8
  16:23:42.828   830.1   -10.0      1.0   698.4   658.8
  16:23:42.875   832.3   -10.0      1.0   700.6   658.8
  16:23:42.906   834.7    -9.9      1.0   703.2   648.9
  16:23:42.953   837.1    -9.9      1.0   705.4   658.9
  16:23:43.000   839.3    -9.8      1.0   707.8   649.0
  16:23:43.046   839.3    -9.8      1.0   707.8   649.0
  16:23:43.093   841.8    -9.8      1.0   710.2   649.0
  16:23:43.125   844.1    -9.7      1.0   712.6   649.1
  16:23:43.171   846.4    -9.7      1.0   714.9   649.1
  16:23:43.218   848.7    -9.7      1.0   717.1   649.1
  16:23:43.250   851.1    -9.6      1.0   719.5   649.2
  16:23:43.296   853.5    -9.6      1.0   722.1   639.2
  16:23:43.343   855.7    -9.5      1.0   724.1   649.3
  16:23:43.375   855.7    -9.5      1.0   724.1   649.3
  16:23:43.406   858.0    -9.5      1.0   726.5   649.3
  16:23:43.453   860.4    -9.5      1.0   728.9   649.3
  16:23:43.500   862.7    -9.4      1.0   731.2   649.4
  16:23:43.546   865.1    -9.4      1.0   733.5   649.4
  16:23:43.578   867.4    -9.3      1.0   735.9   649.5
  16:23:43.625   869.7    -9.3      1.0   738.2   649.5
  16:23:43.671   872.1    -9.3      1.0   740.5   649.5
  16:23:43.718   872.1    -9.3      1.0   740.5   649.5
  16:23:43.750   874.5    -9.2      1.0   742.9   649.6
  16:23:43.796   876.9    -9.2      1.0   745.4   649.6
  16:23:43.843   879.2    -9.1      1.0   747.7   649.7
  16:23:43.875   881.4    -9.1      1.0   749.9   649.7
  16:23:43.921   883.8    -9.1      1.0   752.4   639.8
  16:23:43.968   886.1    -9.0      1.0   754.8   639.8
  16:23:44.015   888.5    -9.0      1.0   757.2   639.8
  16:23:44.046   888.5    -9.0      1.0   757.2   639.8
  16:23:44.093   890.9    -8.9      1.0   759.3   649.9
  16:23:44.140   893.3    -8.9      1.0   761.9   639.9
  16:23:44.187   895.5    -8.8      1.0   764.1   640.0
  16:23:44.218   897.8    -8.8      1.0   766.3   650.0
  16:23:44.265   900.2    -8.8      1.0   768.8   640.0
  16:23:44.312   902.5    -8.7      1.0   771.2   640.1
  16:23:44.359   904.9    -8.7      1.0   773.6   640.1
  16:23:44.390   907.2    -8.6      1.0   775.8   640.2
  16:23:44.437   909.5    -8.6      1.0   778.1   640.2
  16:23:44.484   909.5    -8.6      1.0   778.1   640.2
  16:23:44.515   911.9    -8.6      1.0   780.5   640.2
  16:23:44.562   914.2    -8.5      1.0   782.9   640.3
  16:23:44.609   916.6    -8.5      1.0   785.3   640.3
  16:23:44.625   918.9    -8.4      1.0   787.6   640.4
  16:23:44.671   918.9    -8.4      1.0   787.6   640.4
  16:23:44.703   921.3    -8.4      1.0   789.9   640.4
  16:23:44.734   923.5    -8.4      1.0   792.2   640.4
  16:23:44.781   926.0    -8.3      1.0   794.7   640.5
  16:23:44.828   928.2    -8.3      1.0   796.9   640.5
  16:23:44.875   930.5    -8.2      1.0   799.2   640.6
  16:23:44.921   932.8    -8.2      1.0   801.5   640.6
  16:23:44.953   932.8    -8.2      1.0   801.5   640.6
  16:23:45.000   935.3    -8.2      1.0   803.9   640.7
  16:23:45.046   937.7    -8.1      1.0   806.3   640.7
  16:23:45.078   940.1    -8.1      1.0   808.7   640.7
  16:23:45.125   942.3    -8.0      1.0   810.9   640.8
  16:23:45.171   944.6    -8.0      1.0   813.3   640.8
  16:23:45.218   946.9    -7.9      1.0   815.5   640.9
  16:23:45.250   949.2    -7.9      1.0   817.9   640.9
  16:23:45.281   949.2    -7.9      1.0   818.1   630.9
  16:23:45.312   951.6    -7.9      1.0   820.2   640.9
  16:23:45.359   954.2    -7.8      1.0   822.8   641.0
  16:23:45.406   956.3    -7.8      1.0   824.9   641.0
  16:23:45.437   958.7    -7.7      1.0   827.5   631.1
  16:23:45.484   958.7    -7.7      1.0   827.5   631.1
  16:23:45.531   961.0    -7.7      1.0   829.4   651.1
  16:23:45.578   963.3    -7.7      1.0   831.4   671.1
  16:23:45.625   965.6    -7.6      1.0   832.5   741.2
  16:23:45.656   968.0    -7.6      1.0   834.9   741.2
  16:23:45.703   970.4    -7.5      1.0   837.5   731.3
  16:23:45.765   972.7    -7.5      1.0   836.3   931.3
  16:23:45.781   975.0    -7.5      1.0   837.9   971.3
  16:23:45.828   977.3    -7.4      1.0   841.6   891.3
  16:23:45.875   977.3    -7.4      1.0   841.6   891.3
  16:23:45.921   979.8    -7.4      1.0   841.2  1051.4
  16:23:45.953   982.0    -7.3      1.0   844.5   991.4
  16:23:46.000   984.3    -7.3      1.0   846.8   991.5
  16:23:46.015   986.6    -7.3      1.0   850.4   921.5
  16:23:46.062   989.1    -7.2      1.0   849.5  1111.5
  16:23:46.109   989.1    -7.2      1.0   849.9  1091.5
  16:23:46.156   991.4    -7.2      1.0   851.1  1151.6
  16:24:16.296  1414.1   729.8     90.0    93.2   609.3
  16:24:16.343  1414.1   732.2     90.0   473.2   611.8
  16:24:16.390  1414.1   734.6     90.0   653.2   614.3
  16:24:16.437  1414.1   736.9     90.0   793.2   616.6
  16:24:16.484  1414.1   739.2     90.0   803.2   618.9
  16:24:16.515  1414.1   741.6     90.0   803.2   621.4
  16:24:16.562  1414.1   743.9     90.0   813.2   623.7
  16:24:16.609  1414.1   746.2     90.0   823.2   626.0
  16:24:16.640  1414.1   748.6     90.0   823.2   628.3
  16:24:16.687  1414.1   748.6     90.0   823.2   628.3
  16:24:16.734  1414.1   751.0     90.0   823.2   630.8
  16:24:16.765  1414.1   753.4     90.0   823.2   633.1
  16:24:16.812  1414.1   755.7     90.0   823.2   635.4
  16:24:16.859  1414.1   757.9     90.0   823.2   637.7
  16:24:16.890  1414.1   760.3     90.0   813.2   640.0
  16:24:16.937  1414.1   762.5     90.0   813.2   642.3
  16:24:16.984  1414.1   762.5     90.0   813.2   642.3
  16:24:17.031  1414.1   764.9     90.0   823.2   644.7
  16:24:17.046  1414.1   768.0     90.0   813.2   647.8
  16:24:17.093  1414.1   770.5     90.0   813.2   650.3
  16:24:17.140  1414.1   772.7     90.0   823.2   652.5
  16:24:17.187  1414.1   772.7     90.0   813.2   652.5
  16:24:17.218  1414.1   775.1     90.0   823.2   654.8
  16:24:17.250  1414.1   777.6     90.0   823.2   657.3
  16:24:17.296  1414.1   779.8     90.0   823.2   659.6
  16:24:17.343  1414.1   782.1     90.0   823.2   661.9
  16:24:17.375  1414.1   782.1     90.0   823.2   661.9
  16:24:17.421  1414.1   784.4     90.0   823.1   664.2
  16:24:17.468  1414.1   786.8     90.0   823.1   666.5
  16:24:17.500  1414.1   789.2     90.0   823.1   669.0
  16:24:17.546  1414.1   791.5     90.0   823.1   671.2
  16:24:17.578  1414.1   793.9     90.0   823.1   673.7
  16:24:17.625  1414.1   796.2     90.0   823.1   675.9
  16:24:17.671  1414.1   798.5     90.0   823.1   678.3
  16:24:17.703  1414.1   798.5     90.0   823.1   678.3
  16:24:17.734  1414.1   800.8     90.0   823.1   680.6
  16:24:17.781  1414.1   803.2     90.0   823.1   683.0
  16:24:17.828  1414.1   805.5     90.0   823.1   685.3
  16:24:17.875  1414.1   807.9     90.0   823.1   687.7
  16:24:17.906  1414.1   807.9     90.0   823.1   687.7
  16:24:17.937  1414.1   810.2     90.0   823.1   689.9
  16:24:17.984  1414.1   812.6     90.0   823.1   692.3
  16:24:18.031  1414.1   814.9     90.0   823.1   694.7
  16:24:18.078  1414.1   817.2     90.0   823.1   697.0
  16:24:18.109  1414.1   819.5     90.0   823.1   699.3
  16:24:18.156  1414.1   821.9     90.0   823.1   701.6
  16:24:18.203  1414.1   824.2     90.0   823.1   704.0
  16:24:18.234  1414.1   824.2     90.0   823.1   704.0
  16:24:18.265  1414.1   826.6     90.0   823.1   706.4
  16:24:18.296  1414.1   828.9     90.0   823.1   708.7
  16:24:18.343  1414.1   831.3     90.0   823.1   711.0
  16:24:18.390  1414.1   833.6     90.0   813.1   713.4
  16:24:18.437  1414.1   836.0     90.0   813.1   715.7
  16:24:18.468  1414.1   836.0     90.0   813.1   715.7
  16:24:18.515  1414.1   838.4     90.0   813.1   718.2
  16:24:18.562  1414.1   840.6     90.0   813.1   720.4
  16:24:18.609  1414.1   842.9     90.0   813.1   722.7
  16:24:18.640  1414.1   845.4     90.0   823.1   725.2
  16:24:18.687  1414.1   847.6     90.0   813.1   727.4
  16:24:18.718  1414.1   850.0     90.0   813.1   729.8
  16:24:18.765  1414.1   850.0     90.0   813.1   729.8
  16:24:18.812  1414.1   852.3     90.0   813.1   732.1
  16:24:18.843  1414.1   854.7     90.0   813.1   734.5
  16:24:18.875  1414.1   857.1     90.0   813.1   736.9
  16:24:18.906  1414.1   859.2     90.0   813.1   739.0
  16:24:18.953  1414.1   859.2     90.0   813.1   739.0
  16:24:19.000  1414.1   861.6     90.0   813.1   741.4
  16:24:19.031  1414.1   863.9     90.0   803.1   743.7
  16:24:19.078  1414.1   866.3     90.0   803.1   746.1
  16:24:19.109  1414.1   868.7     90.0   803.1   748.4
  16:24:19.156  1414.1   871.0     90.0   803.1   750.7
  16:24:19.187  1414.1   871.0     90.0   803.1   750.7
  16:24:19.234  1414.1   873.5     90.0   803.1   753.2
  16:24:19.281  1414.1   875.7     90.0   803.1   755.5
  16:24:19.312  1414.1   878.0     90.0   813.1   757.8
  16:24:19.359  1414.1   880.3     90.0   813.1   760.1
  16:24:19.390  1414.1   882.8     90.0   813.1   762.5
  16:24:19.437  1414.1   882.8     90.0   823.1   762.5
  16:24:19.468  1414.1   885.0     90.0   823.1   764.7
  16:24:19.515  1414.1   887.4     90.0   823.1   767.2
  16:24:19.562  1414.1   889.7     90.0   823.1   769.5
  16:24:19.609  1414.1   892.0     90.0   823.1   771.8
  16:24:19.640  1414.1   894.5     90.0   823.1   774.2
  16:24:19.687  1414.1   897.0     90.0   823.1   776.7
  16:24:19.718  1414.1   897.0     90.0   823.1   776.7
  16:24:19.765  1414.1   899.1     90.0   823.1   778.8
  16:24:19.796  1414.1   901.4     90.0   823.1   781.1
  16:24:19.843  1414.1   903.8     90.0   823.1   783.6
  16:24:19.890  1414.1   906.1     90.0   823.1   785.9
  16:24:19.937  1414.1   908.4     90.0   823.1   788.2
  16:24:19.968  1414.1   910.8     90.0   823.1   790.6
  16:24:20.015  1414.1   913.1     90.0   823.1   792.9
  16:24:20.046  1414.1   913.1     90.0   823.1   792.9
  16:24:20.078  1414.1   915.9     90.0   833.1   795.7
  16:24:20.125  1414.1   918.6     90.0   833.1   798.3
  16:24:20.171  1414.1   918.6     90.0   833.1   798.3
  16:24:20.203  1414.1   920.9     90.0   833.1   800.7
  16:24:20.250  1414.1   923.3     90.0   833.1   803.1
  16:24:20.281  1414.1   925.6     90.0   843.1   805.4
  16:24:20.328  1414.1   927.9     90.0   833.1   807.7
  16:24:20.375  1414.0   930.3     90.0   843.1   810.1
  16:24:20.406  1414.0   930.3     90.0   843.1   810.1
  16:24:20.453  1414.0   932.7     90.0   843.1   812.5
  16:24:20.500  1414.0   935.0     90.0   843.1   814.8
  16:24:20.515  1414.0   937.3     90.0   843.1   817.1
  16:24:20.562  1414.0   939.6     90.0   843.1   819.4
  16:24:20.609  1414.0   942.0     90.0   843.1   821.8
  16:24:20.640  1414.0   942.0     90.0   843.1   821.8
  16:24:20.687  1414.0   944.3     90.0   843.1   824.1
  16:24:20.703  1414.0   946.6     90.0   843.1   826.4
  16:24:20.750  1414.0   949.0     90.0   843.1   828.8
  16:24:20.796  1414.0   951.4     90.0   843.1   831.1
  16:24:20.843  1414.0   951.4     90.0   843.1   831.1
  16:24:20.875  1414.0   953.6     90.0   853.1   833.4
  16:24:20.921  1414.0   956.0     90.0   853.1   835.8
  16:24:20.968  1414.0   958.4     90.0   843.1   838.1
  16:24:21.000  1414.0   960.7     90.0   853.1   840.5
  16:24:21.046  1414.0   963.0     90.0   843.1   842.8
  16:24:21.093  1414.0   965.7     90.0   853.1   845.5
  16:24:21.109  1414.0   965.7     90.0   853.1   845.5
  16:24:21.156  1414.0   967.7     90.0   853.1   847.5
  16:24:21.187  1414.0   970.1     90.0   853.1   849.9
  16:24:21.234  1414.0   972.4     90.0   853.1   852.2
  16:24:21.281  1414.0   972.4     90.0   853.1   852.2
  16:24:21.328  1414.0   975.4     90.0   853.1   855.2
  16:24:21.359  1414.0   977.9     90.0   853.1   857.7
  16:24:21.406  1414.0   980.2     90.0   853.1   860.0
  16:24:21.437  1414.0   982.4     90.0   853.1   862.2
  16:24:21.484  1414.0   984.9     90.0   853.1   864.7
  16:24:21.531  1414.0   984.9     90.0   853.1   864.7
  16:24:21.562  1414.0   987.2     90.0   853.1   867.0
  16:24:21.609  1414.0   989.6     90.0   853.1   869.3
  16:24:21.656  1414.0   991.8     90.0   853.1   871.6
  16:24:21.687  1414.0   994.3     90.0   853.1   874.1
  16:24:21.734  1414.0   996.6     90.0   853.1   876.4
  16:24:21.781  1414.0   998.9     90.0   853.1   878.7
  16:24:21.812  1414.0  1001.2     90.0   853.1   881.0
  16:24:21.859  1414.0  1001.2     90.0   853.1   881.0
  16:24:21.906  1414.0  1003.5     90.0   853.1   883.3
  16:24:21.921  1414.0  1005.9     90.0   863.1   885.7
  16:24:21.968  1414.0  1008.3     90.0   853.1   888.1
  16:24:22.000  1414.0  1008.3     90.0   853.1   888.1
  16:24:22.046  1414.0  1010.6     90.0   853.1   890.4
  16:24:22.093  1414.0  1012.9     90.0   863.1   892.7
  16:24:22.125  1414.0  1015.3     90.0   853.1   895.0
  16:24:22.171  1414.0  1017.6     90.0   853.1   897.4
  16:24:22.187  1414.0  1017.6     90.0   853.1   897.4
  16:24:22.234  1414.0  1019.9     90.0   853.1   899.7
  16:24:22.281  1414.0  1022.3     90.0   833.1   902.1
  16:24:22.312  1414.0  1024.6     90.0   823.1   904.4
  16:24:22.359  1414.0  1027.1     90.0   803.1   906.8
  16:24:22.390  1414.0  1029.2     90.0   783.1   909.0
  16:24:22.437  1414.0  1029.2     90.0   763.1   909.0
  16:24:22.484  1414.0  1031.6     90.0   743.1   911.3
  16:24:22.531  1414.0  1034.0     90.0   683.1   913.7
  16:24:22.562  1414.0  1036.4     90.0   683.1   916.1
  16:24:22.609  1414.0  1038.7     90.0   523.1   918.3
  16:24:22.656  1414.0  1041.0     90.0   363.1   920.6
  16:24:49.953   798.8  1414.3   -180.0   919.6   123.3
  16:24:50.796   757.5  1414.2   -180.0   878.2   193.3
  16:24:50.828   755.2  1414.2   -180.0   875.9   263.3
  16:24:50.875   752.9  1414.2   -180.0   873.5   423.3
  16:24:50.906   750.5  1414.2   -180.0   870.9   733.3
  16:24:50.953   748.1  1414.2   -180.0   868.5   833.3
  16:24:50.984   745.8  1414.2   -180.0   866.2   883.3
  16:24:51.031   745.8  1414.2   -180.0   866.1   893.3
  16:24:51.078   743.5  1414.2   -180.0   863.8   903.3
  16:24:51.109   741.2  1414.2   -180.0   861.5   893.3
  16:24:51.156   738.9  1414.2   -180.0   859.2   903.3
  16:24:51.203   736.5  1414.2   -180.0   856.8   893.3
  16:24:51.250   734.2  1414.2   -180.0   854.5   893.3
  16:24:51.281   731.8  1414.2   -180.0   852.1   893.3
  16:24:51.328   731.8  1414.2   -180.0   852.1   893.3
  16:24:51.359   729.5  1414.2   -180.0   849.8   893.3
  16:24:51.390   727.0  1414.2   -180.0   847.3   903.3
  16:24:51.421   724.8  1414.2   -180.0   845.1   903.3
  16:24:51.468   722.4  1414.2   -180.0   842.7   903.3
  16:24:51.515   722.4  1414.2   -180.0   842.7   903.3
  16:24:51.546   720.2  1414.2   -180.0   840.5   903.3
  16:24:51.593   717.0  1414.2   -180.0   837.3   903.3
  16:24:51.640   714.7  1414.2   -180.0   835.0   903.3
  16:24:51.671   712.4  1414.2   -180.0   832.7   903.3
  16:24:51.718   712.4  1414.2   -180.0   832.7   903.3
  16:24:51.750   710.0  1414.2   -180.0   830.3   903.3
  16:24:51.796   707.6  1414.2   -180.0   827.9   903.3
  16:24:51.828   705.2  1414.2   -180.0   825.5   913.3
  16:24:51.875   703.0  1414.2   -180.0   823.3   903.3
  16:24:51.906   703.0  1414.2   -180.0   823.3   903.3
  16:24:51.953   700.6  1414.2   -180.0   820.9   903.3
  16:24:51.984   698.2  1414.2   -180.0   818.5   903.3
  16:24:52.031   696.0  1414.2   -180.0   816.3   903.3
  16:24:52.078   693.7  1414.2   -180.0   814.0   903.3
  16:24:52.109   691.4  1414.2   -180.0   811.7   903.3
  16:24:52.156   688.9  1414.2   -180.0   809.2   903.3
  16:24:52.203   688.9  1414.2   -180.0   809.2   903.3
  16:24:52.234   686.6  1414.2   -180.0   806.9   903.3
  16:24:52.281   684.3  1414.2   -180.0   804.6   903.3
  16:24:52.312   682.0  1414.2   -180.0   802.3   903.3
  16:24:52.343   679.5  1414.2   -180.0   799.8   903.3
  16:24:52.406   677.3  1414.2   -180.0   797.6   903.3
  16:24:52.437   677.3  1414.2   -180.0   797.6   903.3
  16:24:52.484   674.9  1414.2   -180.0   795.3   903.3
  16:24:52.515   672.6  1414.2   -180.0   792.9   903.3
  16:24:52.546   672.6  1414.2   -180.0   792.9   913.3
  16:24:52.593   669.9  1414.2   -180.0   790.2   903.3
  16:24:52.625   667.0  1414.2   -180.0   787.3   913.3
  16:24:52.671   664.8  1414.2   -180.0   785.1   913.3
  16:24:52.718   662.5  1414.2   -180.0   782.8   913.3
  16:24:52.765   660.1  1414.2   -180.0   780.4   913.2
  16:24:52.812   657.7  1414.2   -180.0   778.0   903.2
  16:24:52.843   655.4  1414.2   -180.0   775.7   903.2
  16:24:52.890   655.4  1414.2   -180.0   775.7   913.2
  16:24:52.937   653.1  1414.2   -180.0   773.4   913.2
  16:24:52.984   648.3  1414.2   -180.0   768.6   913.2
  16:24:53.015   648.3  1414.2   -180.0   768.6   913.2
  16:24:53.062   646.0  1414.2   -180.0   766.3   913.2
  16:24:53.093   643.8  1414.2   -180.0   764.1   913.2
  16:24:53.140   641.4  1414.2   -180.0   761.7   913.2
  16:24:53.156   641.4  1414.2   -180.0   761.7   913.2
  16:24:53.218   639.1  1414.2   -180.0   759.4   913.2
  16:24:53.250   636.0  1414.2   -180.0   756.3   913.2
  16:24:53.281   636.0  1414.2   -180.0   756.3   913.2
  16:24:53.328   633.6  1414.2   -180.0   753.9   913.2
  16:24:53.359   631.1  1414.2   -180.0   751.4   913.2
  16:24:53.406   628.8  1414.2   -180.0   749.1   913.2
  16:24:53.453   626.6  1414.2   -180.0   746.9   913.2
  16:24:53.484   624.1  1414.2   -180.0   744.4   913.2
  16:24:53.531   622.0  1414.2   -180.0   742.3   913.2
  16:24:53.593   619.5  1414.2   -180.0   739.8   923.2
  16:24:53.625   619.5  1414.2   -180.0   739.8   913.2
  16:24:53.671   617.3  1414.2   -180.0   737.6   913.2
  16:24:53.703   614.8  1414.2   -180.0   735.1   923.2
  16:24:53.750   612.5  1414.1   -180.0   732.8   913.2
  16:24:53.796   610.2  1414.1   -180.0   730.5   913.2
  16:24:53.828   610.2  1414.1   -180.0   730.5   913.2
  16:24:53.875   607.1  1414.1   -180.0   727.4   903.2
  16:24:53.906   604.7  1414.1   -180.0   725.0   893.2
  16:24:53.953   602.3  1414.1   -180.0   722.6   893.2
  16:24:54.000   600.0  1414.1   -180.0   720.4   893.2
  16:24:54.046   597.7  1414.1   -180.0   718.0   893.2
  16:24:54.093   595.4  1414.1   -180.0   715.7   893.2
  16:24:54.125   593.1  1414.1   -180.0   713.4   893.2
  16:24:54.171   590.6  1414.1   -180.0   711.0   893.2
  16:24:54.218   588.3  1414.1   -180.0   708.6   893.2
  16:24:54.234   588.3  1414.1   -180.0   708.6   893.2
  16:24:54.281   586.0  1414.1   -180.0   706.3   893.2
  16:24:54.328   583.6  1414.1   -180.0   703.9   893.2
  16:24:54.359   583.6  1414.1   -180.0   703.9   893.2
  16:24:54.406   581.3  1414.1   -180.0   701.6   903.2
  16:24:54.437   578.6  1414.1   -180.0   698.9   893.2
  16:24:54.484   576.6  1414.1   -180.0   696.9   903.2
  16:24:54.515   574.3  1414.1   -180.0   694.6   903.2
  16:24:54.562   572.0  1414.1   -180.0   692.3   903.2
  16:24:54.609   569.5  1414.1   -180.0   689.8   903.2
  16:24:54.656   567.3  1414.1   -180.0   687.6   903.2
  16:24:54.703   565.0  1414.1   -180.0   685.3   903.2
  16:24:54.734   565.0  1414.1   -180.0   685.3   903.2
  16:24:54.781   562.6  1414.1   -180.0   682.9   903.2
  16:24:54.828   560.2  1414.1   -180.0   680.5   903.2
  16:24:54.875   557.2  1414.1   -180.0   677.5   903.2
  16:24:54.906   554.8  1414.1   -180.0   675.1   903.2
  16:24:54.953   552.5  1414.1   -180.0   672.8   903.2
  16:24:55.000   552.5  1414.1   -180.0   672.8   903.2
  16:24:55.015   549.5  1414.1   -180.0   669.8   903.2
  16:24:55.062   547.0  1414.1   -180.0   667.3   903.2
  16:24:55.109   544.8  1414.1   -180.0   665.1   903.2
  16:24:55.156   544.8  1414.1   -180.0   665.1   903.2
  16:24:55.203   542.4  1414.1   -180.0   662.7   903.2
  16:24:55.234   539.9  1414.1   -180.0   660.2   903.2
  16:24:55.281   537.6  1414.1   -180.0   657.9   903.2
  16:24:55.328   535.3  1414.1   -180.0   655.6   903.2
  16:24:55.359   533.0  1414.1   -180.0   653.3   903.2
  16:24:55.406   530.7  1414.1   -180.0   651.0   903.2
  16:24:55.453   528.4  1414.1   -180.0   648.7   903.2
  16:24:55.484   528.4  1414.1   -180.0   648.7   903.2
  16:24:55.531   526.0  1414.1   -180.0   646.3   903.2
  16:24:55.562   523.7  1414.1   -180.0   644.0   903.2
  16:24:55.609   521.3  1414.1   -180.0   641.6   903.2
  16:24:55.625   521.3  1414.1   -180.0   641.6   903.2
  16:24:55.671   518.9  1414.1   -180.0   639.2   903.2
  16:24:55.703   516.6  1414.1   -180.0   636.9   903.2
  16:24:55.750   514.3  1414.1   -180.0   634.6   903.2
  16:24:55.781   512.0  1414.1   -180.0   632.3   903.2
  16:24:55.828   509.6  1414.1   -180.0   629.9   903.2
  16:24:55.875   509.6  1414.1   -180.0   629.9   903.2
  16:24:55.921   507.3  1414.1   -180.0   627.6   903.2
  16:24:55.968   504.9  1414.1   -180.0   625.2   913.2
  16:24:56.000   502.6  1414.1   -180.0   622.9   913.2
  16:24:56.046   500.2  1414.1   -180.0   620.5   913.2
  16:24:56.093   497.9  1414.1   -180.0   618.2   913.2
  16:24:56.140   495.6  1414.1   -180.0   615.9   913.2
  16:24:56.171   493.3  1414.1   -180.0   613.6   913.2
  16:24:56.218   490.9  1414.1   -180.0   611.2   913.1
  16:24:56.265   488.6  1414.1   -180.0   608.9   913.1
  16:24:56.296   488.6  1414.1   -180.0   608.9   913.1
  16:24:56.343   486.2  1414.1   -180.0   606.5   913.1
  16:24:56.375   483.9  1414.1   -180.0   604.2   913.1
  16:24:56.421   481.5  1414.1   -180.0   601.8   913.1
  16:24:56.468   479.1  1414.1   -180.0   599.4   913.1
  16:24:56.500   476.9  1414.1   -180.0   597.2   913.1
  16:24:56.546   474.5  1414.1   -180.0   594.8   913.1
  16:24:56.593   472.2  1414.1   -180.0   592.5   913.1
  16:24:56.640   472.2  1414.1   -180.0   592.5   913.1
  16:24:56.671   469.8  1414.1   -180.0   590.1   913.1
  16:24:56.718   467.5  1414.1   -180.0   587.8   913.1
  16:24:56.750   465.2  1414.1   -180.0   585.5   913.1
  16:24:56.796   462.8  1414.1   -180.0   583.1   913.1
  16:24:56.843   460.5  1414.1   -180.0   580.8   913.1
  16:24:56.890   458.1  1414.1   -180.0   578.4   903.1
  16:24:56.921   455.8  1414.1   -180.0   576.1   893.1
  16:24:56.968   455.8  1414.1   -180.0   576.1   883.1
  16:24:57.015   453.5  1414.1   -180.0   573.8   843.1
  16:24:57.062   451.1  1414.1   -180.0   571.5   823.1
  16:24:57.109   448.8  1414.1   -180.0   569.1   803.1
  16:24:57.140   446.4  1414.1   -180.0   566.8   773.1
  16:24:57.187   444.2  1414.1   -180.0   564.6   753.1
  16:24:57.234   441.8  1414.0   -180.0   562.2   723.1
  16:24:57.281   439.4  1414.0   -180.0   559.8   713.1
  16:24:57.296   439.4  1414.0   -180.0   559.8   643.1
  16:24:57.343   437.2  1414.0   -180.0   557.7   553.1
  16:24:57.375   434.7  1414.0   -180.0   555.4   323.1
  16:24:57.421   432.3  1414.0   -180.0   553.0   253.1
  16:24:59.125   350.4  1414.0   -180.0   471.1   143.1
  16:24:59.953   308.4  1414.0   -180.0   429.2   153.0
  16:25:00.265   294.4  1414.0   -180.0   415.2    93.0
  16:25:02.734   173.5  1413.9   -180.0   294.3    93.0
  16:25:07.296    -0.5  1413.8   -180.0   120.2   112.9
  16:25:17.328    -0.4  1205.9    -90.0  1290.5  1326.9
  16:25:17.625    -0.4  1191.8    -90.0  1280.6  1312.9
  16:25:20.093    -0.3  1071.8    -90.0  1270.6  1192.8
  16:25:21.296    -0.2  1010.9    -90.0  1300.7  1132.0
  16:25:25.359     0.0   813.6    -90.0  1080.9   934.5
  16:25:25.406     0.0   811.2    -90.0  1080.9   932.1
  16:25:25.437     0.0   808.9    -90.0  1020.9   929.7
  16:25:25.484     0.0   806.6    -90.0   800.9   927.3
  16:25:25.515     0.0   806.6    -90.0   740.9   927.2
  16:25:25.546     0.0   804.2    -90.0   710.9   924.8
  16:25:25.578     0.0   801.8    -90.0   670.9   922.4
  16:25:25.625     0.0   801.8    -90.0   650.9   922.4
  16:25:25.671     0.0   799.5    -90.0   640.9   920.0
  16:25:25.703     0.0   797.3    -90.0   620.9   917.8
  16:25:25.750     0.0   794.9    -90.0   620.9   915.4
  16:25:25.796     0.0   792.6    -90.0   610.9   913.1
  16:25:25.828     0.0   790.2    -90.0   610.9   910.7
  16:25:25.875     0.0   787.8    -90.0   610.9   908.3
  16:25:25.921     0.0   787.8    -90.0   600.9   908.3
  16:25:25.968     0.0   784.6    -90.0   590.9   905.1
  16:25:26.015     0.0   782.4    -90.0   590.9   902.9
  16:25:26.046     0.0   780.0    -90.0   590.9   900.5
  16:25:26.093     0.0   777.7    -90.0   590.9   898.2
  16:25:26.140     0.0   775.4    -90.0   580.9   895.8
  16:25:26.156     0.0   775.4    -90.0   580.9   895.8
  16:25:26.203     0.0   773.0    -90.0   580.9   893.5
  16:25:26.250     0.0   770.7    -90.0   580.9   891.2
  16:25:26.296     0.0   768.4    -90.0   580.9   888.8
  16:25:26.328     0.0   766.0    -90.0   590.9   886.5
  16:25:26.375     0.0   763.7    -90.0   580.9   884.2
  16:25:26.421     0.0   761.3    -90.0   580.9   881.7
  16:25:26.468     0.0   759.1    -90.0   580.9   879.5
  16:25:26.515     0.0   756.6    -90.0   580.9   877.1
  16:25:26.546     0.0   754.3    -90.0   580.9   874.7
  16:25:26.578     0.0   754.3    -90.0   580.9   874.7
  16:25:26.609     0.0   751.9    -90.0   590.9   872.4
  16:25:26.656     0.0   749.7    -90.0   580.9   870.2
  16:25:26.703     0.0   749.7    -90.0   580.9   870.2
  16:25:26.750     0.0   747.4    -90.0   580.9   867.8
  16:25:26.781     0.0   744.2    -90.0   580.9   864.7
  16:25:26.828     0.0   741.8    -90.0   580.9   862.3
  16:25:26.859     0.0   739.5    -90.0   580.9   860.0
  16:25:26.906     0.0   737.2    -90.0   580.9   857.7
  16:25:26.953     0.0   737.2    -90.0   580.9   857.7
  16:25:27.000     0.0   734.8    -90.0   580.9   855.3
  16:25:27.031     0.0   732.5    -90.0   580.9   853.0
  16:25:27.078     0.0   730.1    -90.0   580.9   850.6
  16:25:27.125     0.0   727.7    -90.0   580.9   848.2
  16:25:27.156     0.0   725.2    -90.0   580.9   845.7
  16:25:27.203     0.0   723.2    -90.0   580.9   843.6
  16:25:27.250     0.0   720.8    -90.0   580.9   841.3
  16:25:27.296     0.0   718.4    -90.0   580.9   838.9
  16:25:27.328     0.0   718.4    -90.0   580.9   838.9
  16:25:27.375     0.0   715.4    -90.0   580.9   835.8
  16:25:27.421     0.0   712.9    -90.0   580.9   833.4
  16:25:27.468     0.0   710.7    -90.0   580.9   831.2
  16:25:27.515     0.0   708.4    -90.0   570.9   828.9
  16:25:27.531     0.0   708.4    -90.0   580.9   828.9
  16:25:27.578     0.0   705.9    -90.0   570.9   826.4
  16:25:27.625     0.0   703.6    -90.0   580.9   824.1
  16:25:27.656     0.0   701.3    -90.0   580.9   821.7
  16:25:27.703     0.0   699.0    -90.0   570.9   819.4
  16:25:27.750     0.0   696.6    -90.0   581.0   817.1
  16:25:27.796     0.1   694.4    -90.0   581.0   814.8
  16:25:27.828     0.1   691.9    -90.0   581.0   812.4
  16:25:27.875     0.1   691.9    -90.0   581.0   812.4
  16:25:27.906     0.1   689.6    -90.0   581.0   810.0
  16:25:27.953     0.1   687.3    -90.0   571.0   807.7
  16:25:27.984     0.1   684.9    -90.0   571.0   805.4
  16:25:28.031     0.1   682.6    -90.0   571.0   803.1
  16:25:28.078     0.1   680.3    -90.0   571.0   800.7
  16:25:28.125     0.1   677.9    -90.0   581.0   798.4
  16:25:28.156     0.1   677.9    -90.0   571.0   798.4
  16:25:28.203     0.1   675.6    -90.0   571.0   796.1
  16:25:28.250     0.1   673.2    -90.0   571.0   793.7
  16:25:28.281     0.1   670.9    -90.0   571.0   791.3
  16:25:28.328     0.1   668.4    -90.0   571.0   788.9
  16:25:28.359     0.1   666.2    -90.0   571.0   786.7
  16:25:28.390     0.1   666.2    -90.0   571.0   786.7
  16:25:28.437     0.1   664.0    -90.0   571.0   784.4
  16:25:28.484     0.1   661.5    -90.0   571.0   782.0
  16:25:28.515     0.1   659.3    -90.0   571.0   779.7
  16:25:28.562     0.1   656.8    -90.0   571.0   777.3
  16:25:28.593     0.1   654.5    -90.0   571.0   774.9
  16:25:28.640     0.1   652.1    -90.0   571.0   772.6
  16:25:28.687     0.1   652.1    -90.0   571.0   772.6
  16:25:28.734     0.1   649.8    -90.0   571.0   770.3
  16:25:28.765     0.1   647.3    -90.0   571.0   767.7
  16:25:28.812     0.1   645.3    -90.0   571.0   765.7
  16:25:28.859     0.1   642.8    -90.0   571.0   763.3
  16:25:28.890     0.1   640.5    -90.0   571.0   761.0
  16:25:28.937     0.1   638.2    -90.0   571.0   758.6
  16:25:28.984     0.1   635.7    -90.0   571.0   756.2
  16:25:29.031     0.1   635.7    -90.0   561.0   756.2
  16:25:29.062     0.1   633.5    -90.0   571.0   753.9
  16:25:29.109     0.1   631.2    -90.0   571.0   751.6
  16:25:29.156     0.1   628.8    -90.0   561.0   749.2
  16:25:29.203     0.1   626.5    -90.0   561.0   746.9
  16:25:29.218     0.1   624.1    -90.0   561.0   744.5
  16:25:29.265     0.1   624.1    -90.0   561.0   744.5
  16:25:29.296     0.1   621.7    -90.0   571.0   742.2
  16:25:29.343     0.1   619.4    -90.0   561.0   739.9
  16:25:29.390     0.1   617.0    -90.0   561.0   737.5
  16:25:29.437     0.1   614.7    -90.0   571.0   735.2
  16:25:29.468     0.1   612.4    -90.0   561.0   732.9
  16:25:29.500     0.1   610.1    -90.0   561.0   730.6
  16:25:29.546     0.1   610.1    -90.0   561.0   730.6
  16:25:29.593     0.1   607.7    -90.0   561.0   728.2
  16:25:29.625     0.1   605.4    -90.0   561.0   725.8
  16:25:29.671     0.1   603.0    -90.0   551.0   723.4
  16:25:29.718     0.1   600.7    -90.0   561.0   721.2
  16:25:29.750     0.1   598.4    -90.0   561.0   718.8
  16:25:29.796     0.1   596.0    -90.0   561.0   716.5
  16:25:29.843     0.1   593.8    -90.0   561.0   714.2
  16:25:29.890     0.1   593.8    -90.0   561.0   714.2
  16:25:29.921     0.1   591.4    -90.0   561.0   711.9
  16:25:29.984     0.1   589.0    -90.0   561.0   709.5
  16:25:30.015     0.1   586.6    -90.0   561.0   707.0
  16:25:30.046     0.1   584.4    -90.0   571.0   704.8
  16:25:30.078     0.1   584.4    -90.0   591.0   704.8
  16:25:30.109     0.1   582.0    -90.0   611.0   702.5
  16:25:30.156     0.1   579.7    -90.0   661.0   700.2
  16:25:30.203     0.1   577.4    -90.0   691.0   697.9
  16:25:30.250     0.1   575.0    -90.0   711.0   695.5
  16:25:30.296     0.1   572.6    -90.0   711.1   693.1
  16:25:30.328     0.2   570.2    -90.0   711.1   690.8
  16:25:30.375     0.2   568.0    -90.0   711.1   688.5
  16:25:30.421     0.2   565.7    -90.0   711.1   686.3
  16:25:30.468     0.2   563.2    -90.0   711.1   683.8
  16:25:30.500     0.2   563.2    -90.0   711.1   683.8
  16:25:30.546     0.2   560.9    -90.0   701.1   681.5
  16:25:30.593     0.2   558.7    -90.0   701.1   679.2
  16:25:30.609     0.2   556.3    -90.0   701.1   676.8
  16:25:30.656     0.2   553.9    -90.0   701.1   674.5
  16:25:30.703     0.2   553.9    -90.0   691.1   674.5
  16:25:30.750     0.2   551.7    -90.0   701.1   672.2
  16:25:30.781     0.2   549.3    -90.0   701.1   669.9
  16:25:30.812     0.2   547.0    -90.0   691.1   667.6
  16:25:30.859     0.2   544.6    -90.0   701.1   665.2
  16:25:30.906     0.2   542.2    -90.0   701.1   662.8
  16:25:30.937     0.2   539.9    -90.0   701.1   660.4
  16:25:30.984     0.2   539.9    -90.0   701.1   660.4
  16:25:31.031     0.2   537.5    -90.0   701.1   658.1
  16:25:31.078     0.2   535.2    -90.0   711.1   655.8
  16:25:31.109     0.2   532.9    -90.0   711.1   653.4
  16:25:31.156     0.2   530.5    -90.0   701.1   651.1
  16:25:31.203     0.2   528.1    -90.0   701.1   648.7
  16:25:31.234     0.2   525.9    -90.0   701.1   646.4
  16:25:31.281     0.2   523.6    -90.0   711.1   644.1
  16:25:31.328     0.2   521.1    -90.0   701.1   641.7
  16:25:31.375     0.2   518.9    -90.0   731.1   639.5
  16:25:31.406     0.2   518.9    -90.0   751.1   639.5
  16:25:31.453     0.2   516.5    -90.0   831.1   637.2
  16:25:31.500     0.2   514.2    -90.0   871.1   634.9
  16:25:31.546     0.2   511.8    -90.0   881.1   632.5
  16:25:31.593     0.2   509.6    -90.0  1131.1   630.5
  16:25:31.625     0.2   507.1    -90.0  1281.1   628.2
