Тестовая информация 0. Исходные сенсорные данные: Time, X_rob, Y_rob, Ang_rob, X_obj, Y_obj, Distance (мм, град)
15:18:56.984 -1000.1284179688 0.0000000000 60.0028305054 -589.6635433741 711.0271350103 681.0000000000
15:18:57.015 -1000.1284179688 0.0000000000 60.0028305054 -589.6635433741 711.0271350103 681.0000000000
15:18:57.046 -1000.1284179688 0.0000000000 60.0028305054 -589.6635433741 711.0271350103 681.0000000000
15:18:57.078 -1000.1284179688 0.0000000000 60.0028305054 -588.6636289414 712.7592352174 683.0000000000
15:18:57.109 -1000.1284179688 0.0000000000 60.0028305054 -589.6635433741 711.0271350103 681.0000000000
15:18:57.140 -1000.1284179688 0.0000000000 60.0028305054 -589.6635433741 711.0271350103 681.0000000000
15:18:57.171 -1000.1284179688 0.0000000000 60.0028305054 -587.6637145088 714.4913354245 685.0000000000
15:18:57.203 -1000.1284179688 0.0000000000 60.0028305054 -587.6637145088 714.4913354245 685.0000000000
15:18:57.234 -1000.1284179688 0.0000000000 60.0028305054 -589.1635861578 711.8931851138 682.0000000000
15:18:57.265 -1000.1284179688 0.0000000000 60.0028305054 -589.1635861578 711.8931851138 682.0000000000
15:18:57.296 -1000.1284179688 0.0000000000 60.0028305054 -587.6637145088 714.4913354245 685.0000000000
15:18:57.328 -1000.1284179688 0.0000000000 60.0028305054 -587.6637145088 714.4913354245 685.0000000000
15:18:57.359 -1000.1284179688 0.0000000000 60.0028305054 -587.6637145088 714.4913354245 685.0000000000
15:18:57.390 -1000.1284179688 0.0000000000 60.0028305054 -589.6635433741 711.0271350103 681.0000000000
15:18:57.421 -1000.1284179688 0.0000000000 60.0028305054 -589.6635433741 711.0271350103 681.0000000000
15:18:57.453 -1000.1284179688 0.0000000000 60.0028305054 -589.1635861578 711.8931851138 682.0000000000
15:18:57.484 -1000.1284179688 0.0000000000 60.0028305054 -588.1636717251 713.6252853209 684.0000000000
15:18:57.515 -1000.1284179688 0.0000000000 60.0028305054 -588.1636717251 713.6252853209 684.0000000000
15:18:57.546 -1000.1284179688 0.0000000000 60.0028305054 -588.1636717251 713.6252853209 684.0000000000
15:18:57.578 -1000.1284179688 0.0000000000 59.8294868469 -586.5091210108 711.5111223171 683.0000000000
15:18:57.609 -1000.1284179688 0.0000000000 59.8294868469 -586.5091210108 711.5111223171 683.0000000000
15:18:57.640 -1000.1284179688 0.0000000000 59.5834770203 -582.4453760025 711.4533550773 685.0000000000
15:18:57.671 -1000.1284179688 0.0000000000 59.3549804688 -579.1016992321 710.6423165748 686.0000000000
15:18:57.703 -1000.1284179688 0.0000000000 59.1317329407 -577.3620842617 707.2797375020 684.0000000000
15:18:57.734 -1000.1284179688 0.0000000000 59.1317329407 -576.8490183227 708.1380866980 685.0000000000
15:18:57.765 -1000.1284179688 0.0000000000 58.8927307129 -574.4154413822 705.5100719074 684.0000000000
15:18:57.796 -1000.1284179688 0.0000000000 58.8927307129 -574.4154413822 705.5100719074 684.0000000000
15:18:57.828 -1000.1284179688 0.0000000000 58.6537322998 -571.4762529113 703.7281587293 684.0000000000
15:18:57.859 -1000.1284179688 0.0000000000 58.4287376404 -568.1925379656 702.8914536135 685.0000000000
15:18:57.890 -1000.1284179688 0.0000000000 58.4287376404 -568.1925379656 702.8914536135 685.0000000000
15:18:57.921 -1000.1284179688 0.0000000000 58.1844825745 -565.2000069526 701.0437056902 685.0000000000
15:18:57.953 -1000.1284179688 0.0000000000 57.9586067200 -562.4396851075 699.3236540567 685.0000000000
15:18:57.984 -1000.1284179688 0.0000000000 57.9586067200 -562.4396851075 699.3236540567 685.0000000000
15:18:58.015 -1000.1284179688 0.0000000000 57.7248573303 -559.5903072000 697.5322020933 685.0000000000
15:18:58.046 -1000.1284179688 0.0000000000 57.4849815369 -556.6738726227 695.6817276664 685.0000000000
15:18:58.078 -1000.1284179688 0.0000000000 57.4849815369 -556.6738726227 695.6817276664 685.0000000000
15:18:58.109 -1000.1284179688 0.0000000000 57.2564849854 -553.9030157217 693.9076958691 685.0000000000
15:18:58.140 -1000.1284179688 0.0000000000 57.0279884338 -551.1392557055 692.1226279837 685.0000000000
15:18:58.171 -1000.1284179688 0.0000000000 57.0279884338 -551.6834849931 691.2836914649 684.0000000000
15:18:58.203 -1000.1284179688 0.0000000000 56.7881088257 -548.2454970149 690.2367896216 685.0000000000
15:18:58.234 -1000.1284179688 0.0000000000 56.5587387085 -543.8326800092 690.9256106969 688.0000000000
15:18:58.265 -1000.1284179688 0.0000000000 56.5587387085 -544.9348436274 689.2567082556 686.0000000000
15:18:58.296 -1000.1284179688 0.0000000000 56.3214836121 -540.9755583714 689.0302254041 688.0000000000
15:18:58.328 -1000.1284179688 0.0000000000 56.0798568726 -535.2836995470 691.2368535837 693.0000000000
15:18:58.359 -1000.1284179688 0.0000000000 56.0798568726 -536.3997733007 689.5772212822 691.0000000000
15:18:58.390 -1000.1284179688 0.0000000000 55.8504829407 -533.6428912743 687.7152414928 691.0000000000
15:18:58.421 -1000.1284179688 0.0000000000 55.6254882813 -533.2043071691 682.5766438656 687.0000000000
15:18:58.453 -1000.1284179688 0.0000000000 55.6254882813 -533.2043071691 682.5766438656 687.0000000000
15:18:58.484 -1000.1284179688 0.0000000000 55.3864860535 -530.3610940580 680.6229950440 687.0000000000
15:18:58.515 -1000.1284179688 0.0000000000 55.3864860535 -530.3610940580 680.6229950440 687.0000000000
15:18:58.546 -1000.1284179688 0.0000000000 55.1571159363 -528.2114802525 677.9162218840 686.0000000000
15:18:58.578 -1000.1284179688 0.0000000000 54.9137344360 -524.7612790942 676.7237865445 687.0000000000
15:18:58.609 -1000.1284179688 0.0000000000 54.9137344360 -521.8872335146 680.8152241899 692.0000000000
15:18:58.640 -1000.1284179688 0.0000000000 54.6808586121 -522.5928334724 673.9701518144 686.0000000000
15:18:58.671 -1000.1284179688 0.0000000000 54.4488563538 -517.5419959271 675.2853806043 690.0000000000
15:18:58.703 -1000.1284179688 0.0000000000 54.4488563538 -516.3791370788 676.9125742925 692.0000000000
15:18:58.734 -1000.1284179688 0.0000000000 54.2142295837 -513.6112373173 674.9259462547 692.0000000000
15:18:58.765 -1000.1284179688 0.0000000000 53.9901123047 -510.9749361983 673.0177347357 692.0000000000
15:18:58.796 -1000.1284179688 0.0000000000 53.9901123047 -512.7387107720 670.5909880960 689.0000000000
15:18:58.828 -1000.1284179688 0.0000000000 53.7519836426 -511.7297106298 666.1401524203 686.0000000000
15:18:58.859 -1000.1284179688 0.0000000000 53.5217361450 -507.8676903747 665.7802761163 688.0000000000
15:18:58.890 -1000.1284179688 0.0000000000 53.5217361450 -509.0567259486 664.1721111981 686.0000000000
15:18:58.921 -1000.1284179688 0.0000000000 53.2827339172 -506.2904949251 662.1178941554 686.0000000000
15:18:58.953 -1000.1284179688 0.0000000000 53.0454788208 -503.5529841843 660.0672985073 686.0000000000
15:18:58.984 -1000.1284179688 0.0000000000 53.0454788208 -499.9458987089 664.8619762204 692.0000000000
15:18:59.015 -1000.1284179688 0.0000000000 52.8178558350 -497.3085087355 662.8696243422 692.0000000000
15:18:59.046 -1000.1284179688 0.0000000000 52.5788536072 -493.9401440737 661.5606029443 693.0000000000
15:18:59.078 -1000.1284179688 0.0000000000 52.5788536072 -493.9401440737 661.5606029443 693.0000000000
15:18:59.109 -1000.1284179688 0.0000000000 52.3494834900 -491.2958056788 659.5289020711 693.0000000000
15:18:59.140 -1000.1284179688 0.0000000000 52.3494834900 -488.8524317902 662.6959076032 697.0000000000
15:18:59.171 -1000.1284179688 0.0000000000 52.1192321777 -486.1934287719 660.6359261167 697.0000000000
15:18:59.203 -1000.1284179688 0.0000000000 51.8802299500 -485.2940694940 656.1262025156 694.0000000000
15:18:59.234 -1000.1284179688 0.0000000000 51.8802299500 -484.6767621217 656.9129245809 695.0000000000
15:18:59.265 -1000.1284179688 0.0000000000 51.6491088867 -481.4106163002 655.6125702189 696.0000000000
15:18:59.296 -1000.1284179688 0.0000000000 51.3969726563 -478.5305546603 653.3235561258 696.0000000000
15:18:59.328 -1000.1284179688 0.0000000000 51.3969726563 -478.5305546603 653.3235561258 696.0000000000
15:18:59.359 -1000.1284179688 0.0000000000 51.1824836731 -476.7153150767 650.5872145361 695.0000000000
15:18:59.390 -1000.1284179688 0.0000000000 50.9434814453 -474.0060329739 648.3982078971 695.0000000000
15:18:59.421 -1000.1284179688 0.0000000000 50.9434814453 -474.0060329739 648.3982078971 695.0000000000
15:18:59.453 -1000.1284179688 0.0000000000 50.7184867859 -471.4639026837 646.3271851588 695.0000000000
15:18:59.484 -1000.1284179688 0.0000000000 50.4733543396 -468.7035238303 644.0594552421 695.0000000000
15:18:59.515 -1000.1284179688 0.0000000000 50.4733543396 -459.7934058447 654.8580568869 709.0000000000
15:18:59.546 -1000.1284179688 0.0000000000 50.2448539734 -458.4650970676 651.1603848417 707.0000000000
15:18:59.578 -1000.1284179688 0.0000000000 50.0067291260 -459.6197053753 644.3068613692 701.0000000000
15:18:59.609 -1000.1284179688 0.0000000000 50.0067291260 -459.6197053753 644.3068613692 701.0000000000
15:18:59.640 -1000.1284179688 0.0000000000 49.7694740295 -453.0811607668 646.6438729198 707.0000000000
15:18:59.671 -1000.1284179688 0.0000000000 49.5374717712 -455.0099143284 639.0976584105 700.0000000000
15:18:59.703 -1000.1284179688 0.0000000000 49.5374717712 -455.0099143284 639.0976584105 700.0000000000
15:18:59.734 -1000.1284179688 0.0000000000 49.3177299500 -453.2147141238 636.2439787876 699.0000000000
15:18:59.765 -1000.1284179688 0.0000000000 49.0734748840 -450.5073488898 633.9066811617 699.0000000000
15:18:59.796 -1000.1284179688 0.0000000000 49.0734748840 -450.5073488898 633.9066811617 699.0000000000
15:18:59.828 -1000.1284179688 0.0000000000 48.8432273865 -444.6737828540 635.4574323480 704.0000000000
15:18:59.859 -1000.1284179688 0.0000000000 48.6042251587 -442.0278913423 633.1349004566 704.0000000000
15:18:59.890 -1000.1284179688 0.0000000000 48.6042251587 -435.4153258609 640.6364988032 714.0000000000
15:18:59.921 -1000.1284179688 0.0000000000 48.3652229309 -435.4054310681 635.2857215952 710.0000000000
15:18:59.953 -1000.1284179688 0.0000000000 48.3652229309 -435.4054310681 635.2857215952 710.0000000000
15:18:59.984 -1000.1284179688 0.0000000000 48.1402244568 -432.9150475083 633.0631819713 710.0000000000
15:19:00.015 -1000.1284179688 0.0000000000 47.9099769592 -430.3756212061 630.7786858939 710.0000000000
15:19:00.046 -1000.1284179688 0.0000000000 47.9099769592 -431.0459186141 630.0365933222 709.0000000000
15:19:00.078 -1000.1284179688 0.0000000000 47.6814804077 -427.8646024030 628.5014919561 710.0000000000
15:19:00.109 -1000.1284179688 0.0000000000 47.4424781799 -425.9242029445 625.3723046676 709.0000000000
15:19:00.140 -1000.1284179688 0.0000000000 47.4424781799 -425.9242029445 625.3723046676 709.0000000000
15:19:00.171 -1000.1284179688 0.0000000000 47.2122268677 -423.4156979059 623.0597391218 709.0000000000
15:19:00.203 -1000.1284179688 0.0000000000 46.9732246399 -420.1393665703 621.3796748002 710.0000000000
15:19:00.234 -1000.1284179688 0.0000000000 46.9732246399 -424.2334069331 616.9934653310 704.0000000000
15:19:00.265 -1000.1284179688 0.0000000000 46.7429771423 -417.6469943710 619.0439331423 710.0000000000
15:19:00.296 -1000.1284179688 0.0000000000 46.5039749146 -415.7581089228 615.8833833628 709.0000000000
15:19:00.328 -1000.1284179688 0.0000000000 46.5039749146 -415.7581089228 615.8833833628 709.0000000000
15:19:00.359 -1000.1284179688 0.0000000000 46.2754783630 -410.5418418620 616.4386987134 713.0000000000
15:19:00.390 -1000.1284179688 0.0000000000 46.0355987549 -406.5777569384 615.4044302629 715.0000000000
15:19:00.421 -1000.1284179688 0.0000000000 46.0355987549 -406.5777569384 615.4044302629 715.0000000000
15:19:00.453 -1000.1284179688 0.0000000000 45.8114776611 -399.9929278230 617.3802665006 721.0000000000
15:19:00.484 -1000.1284179688 0.0000000000 45.5672264099 -401.5669353971 610.5318595933 715.0000000000
15:19:00.515 -1000.1284179688 0.0000000000 45.5672264099 -401.5669353971 610.5318595933 715.0000000000
15:19:00.546 -1000.1284179688 0.0000000000 45.3352241516 -394.8819360404 612.3705545747 721.0000000000
15:19:00.578 -1000.1284179688 0.0000000000 45.1067276001 -386.7983040892 615.6193396940 729.0000000000
15:19:00.609 -1000.1284179688 0.0000000000 45.1067276001 -390.3272460563 612.0772261170 724.0000000000
15:19:00.640 -1000.1284179688 0.0000000000 44.8677253723 -384.2356680039 613.0555607264 729.0000000000
15:19:00.671 -1000.1284179688 0.0000000000 44.6392288208 -379.6610606480 612.7024224663 732.0000000000
15:19:00.703 -1000.1284179688 0.0000000000 44.6392288208 -379.6610606480 612.7024224663 732.0000000000
15:19:00.734 -1000.1284179688 0.0000000000 44.4089775085 -377.2038447748 610.2040446506 732.0000000000
15:19:00.765 -1000.1284179688 0.0000000000 44.4089775085 -376.4894817322 610.9038199312 733.0000000000
15:19:00.796 -1000.1284179688 0.0000000000 44.1664733887 -377.4960199654 604.7750796399 728.0000000000
15:19:00.828 -1000.1284179688 0.0000000000 43.9362220764 -372.9103408448 604.3496369865 731.0000000000
15:19:00.859 -1000.1284179688 0.0000000000 43.9362220764 -375.0706786535 602.2680653321 728.0000000000
15:19:00.890 -1000.1284179688 0.0000000000 43.6945953369 -372.5363702388 599.6267352469 728.0000000000
15:19:00.921 -1000.1284179688 0.0000000000 43.4660987854 -365.0695748200 601.9346025402 735.0000000000
15:19:00.953 -1000.1284179688 0.0000000000 43.4660987854 -364.3437932849 602.6225278003 736.0000000000
15:19:00.984 -1000.1284179688 0.0000000000 43.2279701233 -363.3019832184 598.6051219293 734.0000000000
15:19:01.015 -1000.1284179688 0.0000000000 42.9994735718 -359.4570862430 597.4246770109 736.0000000000
15:19:01.046 -1000.1284179688 0.0000000000 42.9994735718 -357.9943663076 598.7886602917 738.0000000000
15:19:01.078 -1000.1284179688 0.0000000000 42.7692222595 -357.7955238951 594.1661831405 735.0000000000
15:19:01.109 -1000.1284179688 0.0000000000 42.5389747620 -355.4130143046 591.5801283638 735.0000000000
15:19:01.140 -1000.1284179688 0.0000000000 42.5389747620 -356.1498319088 590.9040367885 734.0000000000
15:19:01.171 -1000.1284179688 0.0000000000 42.2947196960 -353.6366347706 588.1533594685 734.0000000000
15:19:01.203 -1000.1284179688 0.0000000000 42.0574684143 -348.9793294433 587.4809482096 737.0000000000
15:19:01.234 -1000.1284179688 0.0000000000 42.0574684143 -351.2067493585 585.4713212488 734.0000000000
15:19:01.265 -1000.1284179688 0.0000000000 41.8315963745 -348.9037464288 582.9085924693 734.0000000000
15:19:01.296 -1000.1284179688 0.0000000000 41.5917167664 -343.4774277616 582.8322889620 738.0000000000
15:19:01.328 -1000.1284179688 0.0000000000 41.5917167664 -341.2337455627 584.8237432523 741.0000000000
15:19:01.359 -1000.1284179688 0.0000000000 41.3667182922 -338.9422499873 582.2317848304 741.0000000000
15:19:01.390 -1000.1284179688 0.0000000000 41.1277160645 -335.0128112770 580.7841507236 743.0000000000
15:19:01.421 -1000.1284179688 0.0000000000 41.1277160645 -327.4803582001 587.3615476741 753.0000000000
15:19:01.453 -1000.1284179688 0.0000000000 40.8992195129 -328.9226174066 581.4006994220 748.0000000000
15:19:01.484 -1000.1284179688 0.0000000000 40.8992195129 -328.1667550186 582.0554299394 749.0000000000
15:19:01.515 -1000.1284179688 0.0000000000 40.6575927734 -322.6836366951 581.8226261686 753.0000000000
15:19:01.546 -1000.1284179688 0.0000000000 40.4273414612 -320.3509754585 579.0955263607 753.0000000000
15:19:01.578 -1000.1284179688 0.0000000000 40.4273414612 -319.5897465195 579.7440095929 754.0000000000
15:19:01.609 -1000.1284179688 0.0000000000 40.1953430176 -315.7201720917 578.2744616289 756.0000000000
15:19:01.640 -1000.1284179688 0.0000000000 39.9659690857 -315.7099172419 573.6029252536 753.0000000000
15:19:01.671 -1000.1284179688 0.0000000000 39.9659690857 -313.4106389639 575.5299227628 756.0000000000
15:19:01.703 -1000.1284179688 0.0000000000 39.7269706726 -312.5541045988 571.3821519706 754.0000000000
15:19:01.734 -1000.1284179688 0.0000000000 39.4975967407 -310.2721889604 568.6249935547 754.0000000000
15:19:01.765 -1000.1284179688 0.0000000000 39.4975967407 -310.2721889604 568.6249935547 754.0000000000
15:19:01.796 -1000.1284179688 0.0000000000 39.2682266235 -305.6787930721 567.7576230026 757.0000000000
15:19:01.828 -1000.1284179688 0.0000000000 39.0239715576 -306.3722590802 562.2734139197 753.0000000000
15:19:01.859 -1000.1284179688 0.0000000000 39.0239715576 -303.2647286933 564.7919958410 757.0000000000
15:19:01.890 -1000.1284179688 0.0000000000 38.7972259521 -302.5937878266 560.7766398033 755.0000000000
15:19:01.921 -1000.1284179688 0.0000000000 38.5590972900 -300.2691587626 557.8727608516 755.0000000000
15:19:01.953 -1000.1284179688 0.0000000000 38.5590972900 -294.7953991934 562.2360114951 762.0000000000
15:19:01.984 -1000.1284179688 0.0000000000 38.3297271729 -290.1969139279 561.2684380641 765.0000000000
15:19:02.015 -1000.1284179688 0.0000000000 38.0854721069 -295.6815684193 552.0685067602 755.0000000000
15:19:02.046 -1000.1284179688 0.0000000000 38.0854721069 -287.8106538991 558.2368699643 765.0000000000
15:19:02.078 -1000.1284179688 0.0000000000 37.8622283936 -282.4830314712 557.9122684038 769.0000000000
15:19:02.109 -1000.1284179688 0.0000000000 37.6319808960 -280.2468187423 555.0238581284 769.0000000000
15:19:02.140 -1000.1284179688 0.0000000000 37.6319808960 -277.0790229261 557.4662073391 773.0000000000
15:19:02.171 -1000.1284179688 0.0000000000 37.3929786682 -271.5819631003 556.8743692209 777.0000000000
15:19:02.203 -1000.1284179688 0.0000000000 37.3929786682 -271.5819631003 556.8743692209 777.0000000000
15:19:02.234 -1000.1284179688 0.0000000000 37.1478462219 -267.6119646760 554.9600396893 779.0000000000
15:19:02.265 -1000.1284179688 0.0000000000 36.9237251282 -267.0456362615 550.8889499355 777.0000000000
15:19:02.296 -1000.1284179688 0.0000000000 36.6943550110 -264.8461626169 547.9498197475 777.0000000000
15:19:02.328 -1000.1284179688 0.0000000000 36.6943550110 -260.8369900141 550.9375504985 782.0000000000
15:19:02.359 -1000.1284179688 0.0000000000 36.4509735107 -244.0248099358 558.4866461394 800.0000000000
15:19:02.390 -1000.1284179688 0.0000000000 36.4509735107 -259.3077552046 547.1980862707 781.0000000000
15:19:02.421 -1000.1284179688 0.0000000000 36.2259788513 -241.8375254482 555.5132062488 800.0000000000
15:19:02.453 -1000.1284179688 0.0000000000 35.9957275391 -241.2293665624 551.2859782101 798.0000000000
15:19:02.484 -1000.1284179688 0.0000000000 35.9957275391 -245.2746706744 548.3473535928 793.0000000000
15:19:02.515 -1000.1284179688 0.0000000000 35.7497215271 -242.9272434492 545.1012578437 793.0000000000
15:19:02.546 -1000.1284179688 0.0000000000 35.5212249756 -249.7123011864 535.6861503436 782.0000000000
15:19:02.578 -1000.1284179688 0.0000000000 35.5212249756 -249.7123011864 535.6861503436 782.0000000000
15:19:02.609 -1000.1284179688 0.0000000000 35.2830963135 -236.0640953413 540.6493418884 796.0000000000
15:19:02.640 -1000.1284179688 0.0000000000 35.0589790344 -236.4108340089 535.9332532574 793.0000000000
15:19:02.671 -1000.1284179688 0.0000000000 35.0589790344 -236.4108340089 535.9332532574 793.0000000000
15:19:02.703 -1000.1284179688 0.0000000000 34.8199768066 -232.5400056218 533.8848464109 795.0000000000
15:19:02.734 -1000.1284179688 0.0000000000 34.5897293091 -225.4613230671 534.2021078891 801.0000000000
15:19:02.765 -1000.1284179688 0.0000000000 34.5897293091 -229.5775137946 531.3636269758 796.0000000000
15:19:02.796 -1000.1284179688 0.0000000000 34.3507270813 -223.2397115269 530.9660420400 801.0000000000
15:19:02.828 -1000.1284179688 0.0000000000 34.1196022034 -221.1041795362 527.8278468697 801.0000000000
15:19:02.859 -1000.1284179688 0.0000000000 34.1196022034 -221.1041795362 527.8278468697 801.0000000000
15:19:02.890 -1000.1284179688 0.0000000000 33.8867263794 -218.9652902509 524.6571908309 801.0000000000
15:19:02.921 -1000.1284179688 0.0000000000 33.6477241516 -213.4537105163 523.6104512431 805.0000000000
15:19:02.953 -1000.1284179688 0.0000000000 33.6477241516 -217.6160105557 520.8400255752 800.0000000000
15:19:02.984 -1000.1284179688 0.0000000000 33.4227294922 -213.0728754726 519.4156072189 803.0000000000
15:19:03.015 -1000.1284179688 0.0000000000 33.4227294922 -211.4036166338 520.5172309881 805.0000000000
15:19:03.046 -1000.1284179688 0.0000000000 33.1837272644 -213.4238109702 514.4860166455 800.0000000000
15:19:03.078 -1000.1284179688 0.0000000000 32.9543533325 -210.5313589026 511.8764346115 801.0000000000
15:19:03.109 -1000.1284179688 0.0000000000 32.9543533325 -207.1749420734 514.0523174366 805.0000000000
15:19:03.140 -1000.1284179688 0.0000000000 32.7092208862 -204.9829009196 510.6550760672 805.0000000000
15:19:03.171 -1000.1284179688 0.0000000000 32.4754714966 -191.0955067124 514.9240220659 819.0000000000
15:19:03.203 -1000.1284179688 0.0000000000 32.4754714966 -190.2518853243 515.4609605665 820.0000000000
15:19:03.234 -1000.1284179688 0.0000000000 32.2504768372 -188.2339724669 512.2766921885 820.0000000000
15:19:03.265 -1000.1284179688 0.0000000000 32.0219802856 -174.3276395527 516.4582019523 834.0000000000
15:19:03.296 -1000.1284179688 0.0000000000 32.0219802856 -183.6539317114 510.6255117866 823.0000000000
15:19:03.328 -1000.1284179688 0.0000000000 31.7777252197 -184.0348252274 505.5603306065 820.0000000000
15:19:03.359 -1000.1284179688 0.0000000000 31.5474758148 -182.0097704180 502.2766951852 820.0000000000
15:19:03.390 -1000.1284179688 0.0000000000 31.5474758148 -182.8619773425 501.7534902944 819.0000000000
15:19:03.421 -1000.1284179688 0.0000000000 31.3189792633 -180.8674801294 498.4902363407 819.0000000000
15:19:03.453 -1000.1284179688 0.0000000000 31.0773506165 -175.3466460344 497.0955931018 823.0000000000
15:19:03.484 -1000.1284179688 0.0000000000 31.0773506165 -171.0642900015 499.6765671055 828.0000000000
15:19:03.515 -1000.1284179688 0.0000000000 30.8444747925 -175.9087305843 492.2010838310 820.0000000000
15:19:03.546 -1000.1284179688 0.0000000000 30.5958423615 -173.7806134286 488.6197969057 820.0000000000
15:19:03.578 -1000.1284179688 0.0000000000 30.5958423615 -166.8943817241 492.6916285466 828.0000000000
15:19:03.609 -1000.1284179688 0.0000000000 30.3804759979 -165.0483174642 489.5561517719 828.0000000000
15:19:03.640 -1000.1284179688 0.0000000000 30.1467266083 -151.8163842478 492.6740235090 841.0000000000
15:19:03.671 -1000.1284179688 0.0000000000 30.1467266083 -158.7343213220 488.6562944691 833.0000000000
15:19:03.703 -1000.1284179688 0.0000000000 29.9077243805 -156.7032784710 485.1422822839 833.0000000000
15:19:03.734 -1000.1284179688 0.0000000000 29.6774749756 -140.8592766319 489.6708514324 849.0000000000
15:19:03.765 -1000.1284179688 0.0000000000 29.6774749756 -120.8762733449 501.0585456518 872.0000000000
15:19:03.796 -1000.1284179688 0.0000000000 29.4375953674 -141.4293883807 484.5946518285 846.0000000000
15:19:03.828 -1000.1284179688 0.0000000000 29.2082252502 -139.4963141569 481.1531792316 846.0000000000
15:19:03.859 -1000.1284179688 0.0000000000 29.2082252502 -141.2420182214 480.1772092940 844.0000000000
15:19:03.890 -1000.1284179688 0.0000000000 28.9832286835 -139.3630226923 476.8007280730 844.0000000000
15:19:03.921 -1000.1284179688 0.0000000000 28.9832286835 -139.3630226923 476.8007280730 844.0000000000
15:19:03.953 -1000.1284179688 0.0000000000 28.7398471832 -134.7150004305 474.5825710465 847.0000000000
15:19:03.984 -1000.1284179688 0.0000000000 28.5157279968 -145.1668456574 464.5101827379 833.0000000000
15:19:04.015 -1000.1284179688 0.0000000000 28.5157279968 -140.7734151727 466.8971826492 838.0000000000
15:19:04.046 -1000.1284179688 0.0000000000 28.2714710236 -143.1943726727 460.8611960330 833.0000000000
15:19:04.078 -1000.1284179688 0.0000000000 28.0412216187 -143.9971043542 456.0034800799 830.0000000000
15:19:04.109 -1000.1284179688 0.0000000000 28.0412216187 -143.9971043542 456.0034800799 830.0000000000
15:19:04.140 -1000.1284179688 0.0000000000 27.8100986481 -139.5111257969 453.9458959074 833.0000000000
15:19:04.171 -1000.1284179688 0.0000000000 27.5824756622 -137.7144991633 450.5232875747 833.0000000000
15:19:04.203 -1000.1284179688 0.0000000000 27.5824756622 -123.5329753186 457.9316869593 849.0000000000
15:19:04.234 -1000.1284179688 0.0000000000 27.3382205963 -135.8017359630 446.8426868253 833.0000000000
15:19:04.265 -1000.1284179688 0.0000000000 27.1097221375 -137.5871248381 441.5693803253 829.0000000000
15:19:04.296 -1000.1284179688 0.0000000000 27.1097221375 -137.5871248381 441.5693803253 829.0000000000
15:19:04.328 -1000.1284179688 0.0000000000 26.8707180023 -150.0251262393 430.7358742747 813.0000000000
15:19:04.359 -1000.1284179688 0.0000000000 26.6404705048 -150.9825630113 425.9710283636 810.0000000000
15:19:04.390 -1000.1284179688 0.0000000000 26.6404705048 -150.9825630113 425.9710283636 810.0000000000
15:19:04.421 -1000.1284179688 0.0000000000 26.4110965729 -150.1796949334 422.1234040029 809.0000000000
15:19:04.453 -1000.1284179688 0.0000000000 26.1729698181 -149.3301218174 418.1462175632 808.0000000000
15:19:04.484 -1000.1284179688 0.0000000000 26.1729698181 -149.3301218174 418.1462175632 808.0000000000
15:19:04.515 -1000.1284179688 0.0000000000 25.9462223053 -149.4803890705 413.9008708954 806.0000000000
15:19:04.546 -1000.1284179688 0.0000000000 25.7072181702 -147.7612451302 410.3488792036 806.0000000000
15:19:04.578 -1000.1284179688 0.0000000000 25.7072181702 -146.8602227487 410.7826518031 807.0000000000
15:19:04.609 -1000.1284179688 0.0000000000 25.4682140350 -144.2512849544 407.6497677904 808.0000000000
15:19:04.640 -1000.1284179688 0.0000000000 25.4682140350 -144.2512849544 407.6497677904 808.0000000000
15:19:04.671 -1000.1284179688 0.0000000000 25.2432193756 -129.9940105051 410.2561552790 822.0000000000
15:19:04.703 -1000.1284179688 0.0000000000 24.9989643097 -130.9719242223 405.2752020230 819.0000000000
15:19:04.734 -1000.1284179688 0.0000000000 24.9989643097 -139.1287630583 401.4717851114 810.0000000000
15:19:04.765 -1000.1284179688 0.0000000000 24.7730922699 -137.5527711578 398.0744321420 810.0000000000
15:19:04.796 -1000.1284179688 0.0000000000 24.5402183533 -137.7612998409 393.7346232786 808.0000000000
15:19:04.828 -1000.1284179688 0.0000000000 24.5402183533 -142.3096496200 391.6579638731 803.0000000000
15:19:04.859 -1000.1284179688 0.0000000000 24.3012142181 -140.6833520627 388.0762537005 803.0000000000
15:19:04.890 -1000.1284179688 0.0000000000 24.0770931244 -141.9109043113 383.4875477094 800.0000000000
15:19:04.921 -1000.1284179688 0.0000000000 24.0770931244 -141.9109043113 383.4875477094 800.0000000000
15:19:04.953 -1000.1284179688 0.0000000000 23.8328361511 -105.5241931665 395.1800614434 838.0000000000
15:19:04.984 -1000.1284179688 0.0000000000 23.6087169647 -114.0645677378 387.2723244828 827.0000000000
15:19:05.015 -1000.1284179688 0.0000000000 23.6087169647 -114.0645677378 387.2723244828 827.0000000000
15:19:05.046 -1000.1284179688 0.0000000000 23.3644599915 -112.4216481985 383.4914482755 827.0000000000
15:19:05.078 -1000.1284179688 0.0000000000 23.1333370209 -106.2839598555 381.8718171019 832.0000000000
15:19:05.109 -1000.1284179688 0.0000000000 23.1333370209 -106.2839598555 381.8718171019 832.0000000000
15:19:05.140 -1000.1284179688 0.0000000000 22.9039630890 -91.8661487369 383.7390393042 846.0000000000
15:19:05.171 -1000.1284179688 0.0000000000 22.6649608612 -103.1921705200 374.5522233400 832.0000000000
15:19:05.203 -1000.1284179688 0.0000000000 22.6649608612 -104.1149444371 374.1668815465 831.0000000000
15:19:05.234 -1000.1284179688 0.0000000000 22.4364624023 -102.6298773294 370.5905686153 831.0000000000
15:19:05.265 -1000.1284179688 0.0000000000 22.4364624023 -110.9486073662 367.1556405849 822.0000000000
15:19:05.296 -1000.1284179688 0.0000000000 22.1974582672 -113.1283409594 361.9321253797 818.0000000000
15:19:05.328 -1000.1284179688 0.0000000000 21.9672107697 -111.6810548409 358.3647345200 818.0000000000
15:19:05.359 -1000.1284179688 0.0000000000 21.9672107697 -108.8988605931 359.4869622899 821.0000000000
15:19:05.390 -1000.1284179688 0.0000000000 21.7282066345 -107.4070517392 355.7661623505 821.0000000000
15:19:05.421 -1000.1284179688 0.0000000000 21.4927043915 -105.9522949430 352.0938241535 821.0000000000
15:19:05.453 -1000.1284179688 0.0000000000 21.4927043915 -109.6741518547 350.6282931477 817.0000000000
15:19:05.484 -1000.1284179688 0.0000000000 21.2685832977 -108.3094322533 347.1424732210 817.0000000000
15:19:05.515 -1000.1284179688 0.0000000000 21.0304565430 -104.0742118433 344.5095930179 820.0000000000
15:19:05.546 -1000.1284179688 0.0000000000 21.0304565430 -64.8718403253 359.5818877124 862.0000000000
15:19:05.578 -1000.1284179688 0.0000000000 20.8002071381 -68.1084985557 354.0450109994 857.0000000000
15:19:05.609 -1000.1284179688 0.0000000000 20.5612030029 -66.6397451299 350.1541056134 857.0000000000
15:19:05.640 -1000.1284179688 0.0000000000 20.5612030029 -85.3656964407 343.1299510374 837.0000000000
15:19:05.671 -1000.1284179688 0.0000000000 20.3309535980 -99.9351042353 333.5445965774 820.0000000000
15:19:05.703 -1000.1284179688 0.0000000000 20.0893249512 -98.5364838922 329.7453326501 820.0000000000
15:19:05.734 -1000.1284179688 0.0000000000 20.0893249512 -98.5364838922 329.7453326501 820.0000000000
15:19:05.765 -1000.1284179688 0.0000000000 19.8617019653 -100.0551459578 325.1416691350 817.0000000000
15:19:05.796 -1000.1284179688 0.0000000000 19.6323280334 -95.9351084085 322.5437318300 820.0000000000
15:19:05.828 -1000.1284179688 0.0000000000 19.6323280334 -78.9814838542 328.5914268019 838.0000000000
15:19:05.859 -1000.1284179688 0.0000000000 19.4029560089 -84.2758582390 322.5757102338 831.0000000000
15:19:05.890 -1000.1284179688 0.0000000000 19.1604499817 -82.9187548021 318.6964602723 831.0000000000
15:19:05.921 -1000.1284179688 0.0000000000 19.1604499817 -97.0878021219 313.7732399797 816.0000000000
15:19:05.953 -1000.1284179688 0.0000000000 18.9302005768 -95.8341648625 310.1417479081 816.0000000000
15:19:05.984 -1000.1284179688 0.0000000000 18.6999511719 -80.3869729730 311.3144300439 831.0000000000
15:19:06.015 -1000.1284179688 0.0000000000 18.6999511719 -65.2316041574 316.4442249777 847.0000000000
15:19:06.046 -1000.1284179688 0.0000000000 18.4556961060 -76.2224777500 308.3404184093 834.0000000000
15:19:06.078 -1000.1284179688 0.0000000000 18.4556961060 -76.2224777500 308.3404184093 834.0000000000
15:19:06.109 -1000.1284179688 0.0000000000 18.2263221741 -85.4436091299 301.1987723678 823.0000000000
15:19:06.140 -1000.1284179688 0.0000000000 17.9881954193 -84.1997014734 297.3946642015 823.0000000000
15:19:06.171 -1000.1284179688 0.0000000000 17.7631988525 -83.0389183412 293.7955916437 823.0000000000
15:19:06.203 -1000.1284179688 0.0000000000 17.7631988525 -83.0389183412 293.7955916437 823.0000000000
15:19:06.234 -1000.1284179688 0.0000000000 17.5233211517 -81.8169383516 289.9534900631 823.0000000000
15:19:06.265 -1000.1284179688 0.0000000000 17.5233211517 -66.5594267484 294.7709935325 839.0000000000
15:19:06.296 -1000.1284179688 0.0000000000 17.2992000580 -63.5040007989 291.7116747021 841.0000000000
15:19:06.328 -1000.1284179688 0.0000000000 17.0549449921 -72.7851958860 284.4899795310 830.0000000000
15:19:06.359 -1000.1284179688 0.0000000000 17.0549449921 -71.8291719457 284.7832681697 831.0000000000
15:19:06.390 -1000.1284179688 0.0000000000 16.8238220215 -71.6451520105 280.7469052935 830.0000000000
15:19:06.421 -1000.1284179688 0.0000000000 16.5944480896 -70.5286726417 277.0276402892 830.0000000000
15:19:06.453 -1000.1284179688 0.0000000000 16.5944480896 -49.4449670775 283.3107414092 852.0000000000
15:19:06.484 -1000.1284179688 0.0000000000 16.3554439545 -33.8784380414 283.5665288545 867.0000000000
15:19:06.515 -1000.1284179688 0.0000000000 16.1269474030 -52.9288776445 273.8777661767 846.0000000000
15:19:06.546 -1000.1284179688 0.0000000000 16.1269474030 -52.9288776445 273.8777661767 846.0000000000
15:19:06.578 -1000.1284179688 0.0000000000 15.8984498978 -52.8059277893 269.8242012803 845.0000000000
15:19:06.609 -1000.1284179688 0.0000000000 15.6533184052 -55.5118461079 264.6895014203 841.0000000000
15:19:06.640 -1000.1284179688 0.0000000000 15.6533184052 -55.5118461079 264.6895014203 841.0000000000
15:19:06.671 -1000.1284179688 0.0000000000 15.4291973114 -61.2314222609 259.1301438411 834.0000000000
15:19:06.703 -1000.1284179688 0.0000000000 15.1893196106 -60.1547652629 255.1970458590 834.0000000000
15:19:06.734 -1000.1284179688 0.0000000000 15.1893196106 -53.3993077999 257.0311108703 841.0000000000
15:19:06.765 -1000.1284179688 0.0000000000 14.9494419098 -52.3315073454 253.0652410134 841.0000000000
15:19:06.796 -1000.1284179688 0.0000000000 14.7209444046 -58.1000388440 247.5046119165 834.0000000000
15:19:06.828 -1000.1284179688 0.0000000000 14.7209444046 -58.1000388440 247.5046119165 834.0000000000
15:19:06.859 -1000.1284179688 0.0000000000 14.4906949997 -60.0175883345 242.9663104234 831.0000000000
15:19:06.890 -1000.1284179688 0.0000000000 14.4906949997 -60.0175883345 242.9663104234 831.0000000000
15:19:06.921 -1000.1284179688 0.0000000000 14.2516918182 -33.8124479739 245.4433664398 857.0000000000
15:19:06.953 -1000.1284179688 0.0000000000 14.0231933594 -33.8114921574 241.3453933409 856.0000000000
15:19:06.984 -1000.1284179688 0.0000000000 14.0231933594 -33.8114921574 241.3453933409 856.0000000000
15:19:07.015 -1000.1284179688 0.0000000000 13.7815637589 -32.8022786176 237.2680764963 856.0000000000
15:19:07.046 -1000.1284179688 0.0000000000 13.5486888885 -37.6789380865 231.9288655399 850.0000000000
15:19:07.078 -1000.1284179688 0.0000000000 13.5486888885 -41.5676228537 230.9917792145 846.0000000000
15:19:07.109 -1000.1284179688 0.0000000000 13.3236923218 -40.6679273016 227.2258058520 846.0000000000
15:19:07.140 -1000.1284179688 0.0000000000 13.0794363022 -35.8117398162 224.0387114610 850.0000000000
15:19:07.171 -1000.1284179688 0.0000000000 13.0794363022 -35.8117398162 224.0387114610 850.0000000000
15:19:07.203 -1000.1284179688 0.0000000000 12.8561916351 -34.9461277036 220.2797007328 850.0000000000
15:19:07.234 -1000.1284179688 0.0000000000 12.6171884537 -34.0356546125 216.2516418136 850.0000000000
15:19:07.265 -1000.1284179688 0.0000000000 12.6171884537 -41.8424648215 214.5041537989 842.0000000000
15:19:07.296 -1000.1284179688 0.0000000000 12.3869400024 -40.9881998427 210.6514703712 842.0000000000
15:19:07.328 -1000.1284179688 0.0000000000 12.1566915512 -32.3288212875 208.4800725727 850.0000000000
15:19:07.359 -1000.1284179688 0.0000000000 12.1566915512 -32.3288212875 208.4800725727 850.0000000000
15:19:07.390 -1000.1284179688 0.0000000000 11.9115600586 -2.0917095407 210.5296383562 880.0000000000
15:19:07.421 -1000.1284179688 0.0000000000 11.6786851883 -26.7060245643 201.2084591039 854.0000000000
15:19:07.453 -1000.1284179688 0.0000000000 11.6786851883 -30.6232172943 200.3987671156 850.0000000000
15:19:07.484 -1000.1284179688 0.0000000000 11.4484367371 -28.8456228407 196.6995980795 851.0000000000
15:19:07.515 -1000.1284179688 0.0000000000 11.4484367371 -25.9053116547 197.2950559949 854.0000000000
15:19:07.546 -1000.1284179688 0.0000000000 11.2199392319 -25.1262416021 193.4082626898 854.0000000000
15:19:07.578 -1000.1284179688 0.0000000000 10.9800605774 -23.3433584359 189.5150323052 855.0000000000
15:19:07.609 -1000.1284179688 0.0000000000 10.7506866455 -6.8733258762 188.5877038104 871.0000000000
15:19:07.640 -1000.1284179688 0.0000000000 10.7506866455 -16.6978074993 186.7223457114 861.0000000000
15:19:07.671 -1000.1284179688 0.0000000000 10.5186872482 -15.9498041321 182.7387645324 861.0000000000
15:19:07.703 -1000.1284179688 0.0000000000 10.5186872482 -16.9329995505 182.5562083240 860.0000000000
15:19:07.734 -1000.1284179688 0.0000000000 10.2814350128 -26.0249253838 176.6985730844 850.0000000000
15:19:07.765 -1000.1284179688 0.0000000000 10.0424318314 -15.4495345341 174.3774541452 860.0000000000
15:19:07.796 -1000.1284179688 0.0000000000 10.0424318314 -9.5414612335 175.4237188701 866.0000000000
15:19:07.828 -1000.1284179688 0.0000000000 9.8139343262 -8.8497447100 171.4718400745 866.0000000000
15:19:07.859 -1000.1284179688 0.0000000000 9.5889387131 4.6343324852 169.7433807145 879.0000000000
15:19:07.890 -1000.1284179688 0.0000000000 9.5889387131 -4.2399214442 168.2441751930 870.0000000000
15:19:07.921 -1000.1284179688 0.0000000000 9.3499345779 -7.4936307426 163.4386098351 866.0000000000
15:19:07.953 -1000.1284179688 0.0000000000 9.1100559235 -2.8685242536 159.9146784493 870.0000000000
15:19:07.984 -1000.1284179688 0.0000000000 9.1100559235 -3.8559102870 159.7563470845 869.0000000000
15:19:08.015 -1000.1284179688 0.0000000000 8.8701772690 -3.1957961954 155.5838926121 869.0000000000
15:19:08.046 -1000.1284179688 0.0000000000 8.6460561752 12.2347030182 153.9380111013 884.0000000000
15:19:08.078 -1000.1284179688 0.0000000000 8.6460561752 13.2233388785 154.0883411903 885.0000000000
15:19:08.109 -1000.1284179688 0.0000000000 8.4166831970 -1.0063653705 147.8347861906 870.0000000000
15:19:08.140 -1000.1284179688 0.0000000000 8.1776800156 -0.3983828560 143.6657819025 870.0000000000
15:19:08.171 -1000.1284179688 0.0000000000 8.1776800156 -0.3983828560 143.6657819025 870.0000000000
15:19:08.203 -1000.1284179688 0.0000000000 7.9474315643 0.1708776213 139.6471239886 870.0000000000
15:19:08.234 -1000.1284179688 0.0000000000 7.7189335823 0.7198401480 135.6567883332 870.0000000000
15:19:08.265 -1000.1284179688 0.0000000000 7.7189335823 2.7017178869 135.9254156368 872.0000000000
15:19:08.296 -1000.1284179688 0.0000000000 7.4720511436 3.2780970326 131.6030609412 872.0000000000
15:19:08.328 -1000.1284179688 0.0000000000 7.4720511436 13.1931811729 132.9034864445 882.0000000000
15:19:08.359 -1000.1284179688 0.0000000000 7.2400517464 3.8027508147 127.5390463399 872.0000000000
15:19:08.390 -1000.1284179688 0.0000000000 7.0141801834 4.2977332376 123.5803656292 872.0000000000
15:19:08.421 -1000.1284179688 0.0000000000 7.0141801834 4.2977332376 123.5803656292 872.0000000000
15:19:08.453 -1000.1284179688 0.0000000000 6.7716755867 7.7908611116 119.6817732752 875.0000000000
15:19:08.484 -1000.1284179688 0.0000000000 6.5466794968 8.2530695499 115.7228396901 875.0000000000
15:19:08.515 -1000.1284179688 0.0000000000 6.5466794968 8.2530695499 115.7228396901 875.0000000000
15:19:08.546 -1000.1284179688 0.0000000000 6.3164310455 10.6978280358 111.8896795263 877.0000000000
15:19:08.578 -1000.1284179688 0.0000000000 6.0739259720 11.1623469947 107.6103558947 877.0000000000
15:19:08.609 -1000.1284179688 0.0000000000 5.8436770439 11.5866232730 103.5455229422 877.0000000000
15:19:08.640 -1000.1284179688 0.0000000000 5.8436770439 13.5762300405 103.7491522892 879.0000000000
15:19:08.671 -1000.1284179688 0.0000000000 5.6081757545 12.0036763122 99.3862350770 877.0000000000
15:19:08.703 -1000.1284179688 0.0000000000 5.6081757545 13.9941032429 99.5816849001 879.0000000000
15:19:08.734 -1000.1284179688 0.0000000000 5.3682971001 23.3626549962 96.1770427767 888.0000000000
15:19:08.765 -1000.1284179688 0.0000000000 5.1406750679 23.7366649607 92.1102163397 888.0000000000
15:19:08.796 -1000.1284179688 0.0000000000 5.1406750679 27.7205757892 92.4686218507 892.0000000000
15:19:08.828 -1000.1284179688 0.0000000000 4.9007959366 45.0365529026 89.6168715125 909.0000000000
15:19:08.859 -1000.1284179688 0.0000000000 4.6714229584 29.4400911321 84.1289787412 893.0000000000
15:19:08.890 -1000.1284179688 0.0000000000 4.6714229584 35.4201599168 84.6176272140 899.0000000000
15:19:08.921 -1000.1284179688 0.0000000000 4.4420499802 45.7205735959 81.2458419819 909.0000000000
15:19:08.953 -1000.1284179688 0.0000000000 4.2100505829 46.0409758982 77.0103845732 909.0000000000
15:19:08.984 -1000.1284179688 0.0000000000 4.2100505829 46.0409758982 77.0103845732 909.0000000000
15:19:09.015 -1000.1284179688 0.0000000000 3.9684209824 43.3636354927 72.3901537422 906.0000000000
15:19:09.046 -1000.1284179688 0.0000000000 3.9684209824 34.3852143826 71.7672939108 897.0000000000
15:19:09.078 -1000.1284179688 0.0000000000 3.7390480042 34.6642307892 67.6252473022 897.0000000000
15:19:09.109 -1000.1284179688 0.0000000000 3.5096747875 24.9454185992 62.8699417846 887.0000000000
15:19:09.140 -1000.1284179688 0.0000000000 3.5096747875 22.9491696478 62.7475076233 885.0000000000
15:19:09.171 -1000.1284179688 0.0000000000 3.2706716061 25.1987546451 58.5934219499 887.0000000000
15:19:09.203 -1000.1284179688 0.0000000000 3.0456757545 98.3178272060 58.4452432401 960.0000000000
15:19:09.234 -1000.1284179688 0.0000000000 3.0456757545 98.3178272060 58.4452432401 960.0000000000
15:19:09.265 -1000.1284179688 0.0000000000 2.7987930775 111.5439579311 54.3463766694 973.0000000000
15:19:09.296 -1000.1284179688 0.0000000000 2.5702955723 98.7649309108 49.3295832566 960.0000000000
15:19:09.328 -1000.1284179688 0.0000000000 2.5702955723 69.7941062584 48.0290760616 931.0000000000
15:19:09.359 -1000.1284179688 0.0000000000 2.3409223557 98.9536066594 44.9299803617 960.0000000000
15:19:09.390 -1000.1284179688 0.0000000000 2.1027946472 70.1503762670 39.2976157708 931.0000000000
15:19:09.421 -1000.1284179688 0.0000000000 2.1027946472 45.1672111354 38.3803044783 906.0000000000
15:19:09.453 -1000.1284179688 0.0000000000 1.8734216690 45.3124829084 34.1953618082 906.0000000000
15:19:09.484 -1000.1284179688 0.0000000000 1.6291655302 46.4483557899 29.7667032933 907.0000000000
15:19:09.515 -1000.1284179688 0.0000000000 1.6291655302 45.4487600175 29.7382728222 906.0000000000
15:19:09.546 -1000.1284179688 0.0000000000 1.3989169598 45.5598232301 25.5362921067 906.0000000000
15:19:09.578 -1000.1284179688 0.0000000000 1.1704193354 46.6531384449 21.3862841176 907.0000000000
15:19:09.609 -1000.1284179688 0.0000000000 1.1704193354 46.6531384449 21.3862841176 907.0000000000
15:19:09.640 -1000.1284179688 0.0000000000 0.9349178672 89.7264749769 17.7851713063 950.0000000000
15:19:09.671 -1000.1284179688 0.0000000000 0.6967900991 n/a n/a n/a
15:19:09.703 -1000.1284179688 0.0000000000 0.6967900991 113.7892045461 13.5473335676 974.0000000000
15:19:09.734 -1000.1284179688 0.0000000000 0.4674169421 113.8345125556 9.0878717822 974.0000000000
15:19:09.765 -1000.1284179688 0.0000000000 0.4674169421 68.8360099760 8.7207674463 929.0000000000
15:19:09.796 -1000.1284179688 0.0000000000 0.2380438596 68.8623559798 4.4413071261 929.0000000000
15:19:09.828 -1000.1284179688 0.0000000000 -0.0070876819 68.8715738502 -0.1322389189 929.0000000000
15:19:09.859 -1000.1284179688 0.0000000000 -0.2355853170 75.8624863983 -4.4242191833 936.0000000000
15:19:09.890 -1000.1284179688 0.0000000000 -0.2355853170 75.8624863983 -4.4242191833 936.0000000000
15:19:09.921 -1000.1284179688 0.0000000000 -0.4719621837 75.8350773147 -8.8632281650 936.0000000000
15:19:09.953 -1000.1284179688 0.0000000000 -0.4719621837 39.8362986620 -8.5666889327 900.0000000000
15:19:09.984 -1000.1284179688 0.0000000000 -0.7074635029 39.7923025771 -12.8411438571 900.0000000000
15:19:10.015 -1000.1284179688 0.0000000000 -0.9385875463 47.7309688963 -17.1669844439 908.0000000000
15:19:10.046 -1000.1284179688 0.0000000000 -0.9385875463 54.7300296864 -17.2816494163 915.0000000000
15:19:10.078 -1000.1284179688 0.0000000000 -1.1688361168 54.6520644105 -21.5205480368 915.0000000000
15:19:10.109 -1000.1284179688 0.0000000000 -1.4078392982 n/a n/a n/a
15:19:10.140 -1000.1284179688 0.0000000000 -1.4078392982 209.5063284952 -29.7284399621 1070.0000000000
15:19:10.171 -1000.1284179688 0.0000000000 -1.6372125149 84.4286520887 -30.9993836138 945.0000000000
15:19:10.203 -1000.1284179688 0.0000000000 -1.8665854931 84.2958613371 -35.3409457712 945.0000000000
15:19:10.234 -1000.1284179688 0.0000000000 -1.8665854931 80.2979838097 -35.2106565702 941.0000000000
15:19:10.265 -1000.1284179688 0.0000000000 -2.1064643860 80.1410996288 -39.7337305778 941.0000000000
15:19:10.296 -1000.1284179688 0.0000000000 -2.3340864182 94.9622780432 -44.6359440816 956.0000000000
15:19:10.328 -1000.1284179688 0.0000000000 -2.3340864182 92.9639373570 -44.5544916289 954.0000000000
15:19:10.359 -1000.1284179688 0.0000000000 -2.5748405457 92.7670720382 -49.1472066183 954.0000000000
15:19:10.390 -1000.1284179688 0.0000000000 -2.8033382893 113.5372497732 -54.5323801858 975.0000000000
15:19:10.421 -1000.1284179688 0.0000000000 -2.8033382893 109.5420366154 -54.3367483286 971.0000000000
15:19:10.453 -1000.1284179688 0.0000000000 -3.0440924168 109.3039204878 -58.9990371343 971.0000000000
15:19:10.484 -1000.1284179688 0.0000000000 -3.2682125568 109.0646507786 -63.3382683593 971.0000000000
15:19:10.515 -1000.1284179688 0.0000000000 -3.2682125568 117.0516395725 -63.7943494996 979.0000000000
15:19:10.546 -1000.1284179688 0.0000000000 -3.5115931034 116.7705762323 -68.5393080541 979.0000000000
15:19:10.578 -1000.1284179688 0.0000000000 -3.5115931034 n/a n/a n/a
15:19:10.609 -1000.1284179688 0.0000000000 -3.7444679737 149.4123309006 -75.2334146815 1012.0000000000
15:19:10.640 -1000.1284179688 0.0000000000 -3.9764673710 116.1777200347 -77.5990093466 979.0000000000
15:19:10.671 -1000.1284179688 0.0000000000 -3.9764673710 116.1777200347 -77.5990093466 979.0000000000
15:19:10.703 -1000.1284179688 0.0000000000 -4.2014632225 104.8939500740 -81.1761425607 968.0000000000
15:19:10.734 -1000.1284179688 0.0000000000 -4.4448437691 104.5391624015 -85.8693011198 968.0000000000
15:19:10.765 -1000.1284179688 0.0000000000 -4.4448437691 110.5211168079 -86.3342973352 974.0000000000
15:19:10.796 -1000.1284179688 0.0000000000 -4.6698393822 115.1569287424 -91.1021152737 979.0000000000
15:19:10.828 -1000.1284179688 0.0000000000 -4.9140958786 110.7731227985 -95.5131756191 975.0000000000
15:19:10.859 -1000.1284179688 0.0000000000 -4.9140958786 110.7731227985 -95.5131756191 975.0000000000
15:19:10.890 -1000.1284179688 0.0000000000 -5.1390914917 97.4417439262 -98.7103830086 962.0000000000
15:19:10.921 -1000.1284179688 0.0000000000 -5.3789701462 81.0893148651 -101.8047847676 946.0000000000
15:19:10.953 -1000.1284179688 0.0000000000 -5.3789701462 87.0628934996 -102.3672421420 952.0000000000
15:19:10.984 -1000.1284179688 0.0000000000 -5.6074681282 96.5981508359 -107.6793075472 962.0000000000
15:19:11.015 -1000.1284179688 0.0000000000 -5.8368411064 96.1582895982 -112.0689734400 962.0000000000
15:19:11.046 -1000.1284179688 0.0000000000 -5.8368411064 103.1219982670 -112.7808453221 969.0000000000
15:19:11.078 -1000.1284179688 0.0000000000 -6.0810971260 95.6705711474 -116.7414898306 962.0000000000
15:19:11.109 -1000.1284179688 0.0000000000 -6.3060927391 74.3307546488 -118.7370471843 941.0000000000
15:19:11.140 -1000.1284179688 0.0000000000 -6.3060927391 74.3307546488 -118.7370471843 941.0000000000
15:19:11.171 -1000.1284179688 0.0000000000 -6.5503492355 58.9127272209 -121.6053156385 926.0000000000
15:19:11.203 -1000.1284179688 0.0000000000 -6.7762203217 58.4251074873 -125.7793056926 926.0000000000
15:19:11.234 -1000.1284179688 0.0000000000 -6.7762203217 62.3971657442 -126.2512730686 930.0000000000
15:19:11.265 -1000.1284179688 0.0000000000 -7.0152235031 84.6890953584 -133.4914333380 953.0000000000
15:19:11.296 -1000.1284179688 0.0000000000 -7.2489743233 65.2873241340 -135.5186204017 934.0000000000
15:19:11.328 -1000.1284179688 0.0000000000 -7.2489743233 71.2393673860 -136.2757076665 940.0000000000
15:19:11.359 -1000.1284179688 0.0000000000 -7.4774723053 64.7383991699 -139.7664543191 934.0000000000
15:19:11.390 -1000.1284179688 0.0000000000 -7.7164764404 64.1461131276 -144.2072205389 934.0000000000
15:19:11.421 -1000.1284179688 0.0000000000 -7.7164764404 65.1370577562 -144.3414916940 935.0000000000
15:19:11.453 -1000.1284179688 0.0000000000 -7.9405970573 71.4971798757 -149.4743390705 942.0000000000
15:19:11.484 -1000.1284179688 0.0000000000 -7.9405970573 71.4971798757 -149.4743390705 942.0000000000
15:19:11.515 -1000.1284179688 0.0000000000 -8.1760988235 124.3248725331 -161.5574123197 996.0000000000
15:19:11.546 -1000.1284179688 0.0000000000 -8.4203548431 70.2080258549 -158.4420935831 942.0000000000
15:19:11.578 -1000.1284179688 0.0000000000 -8.4203548431 70.2080258549 -158.4420935831 942.0000000000
15:19:11.609 -1000.1284179688 0.0000000000 -8.6471014023 69.5726154418 -162.6766704737 942.0000000000
15:19:11.640 -1000.1284179688 0.0000000000 -8.8738479614 67.9324214414 -166.7544401640 941.0000000000
15:19:11.671 -1000.1284179688 0.0000000000 -8.8738479614 67.9324214414 -166.7544401640 941.0000000000
15:19:11.703 -1000.1284179688 0.0000000000 -9.1181049347 69.1865568235 -171.6230890091 943.0000000000
15:19:11.734 -1000.1284179688 0.0000000000 -9.3431005478 70.4778323858 -176.1455554299 945.0000000000
15:19:11.765 -1000.1284179688 0.0000000000 -9.3431005478 70.4778323858 -176.1455554299 945.0000000000
15:19:11.796 -1000.1284179688 0.0000000000 -9.5873565674 70.7032178643 -180.8745634276 946.0000000000
15:19:11.828 -1000.1284179688 0.0000000000 -9.8114767075 73.9290073248 -185.7434983192 950.0000000000
15:19:11.859 -1000.1284179688 0.0000000000 -9.8114767075 73.9290073248 -185.7434983192 950.0000000000
15:19:11.890 -1000.1284179688 0.0000000000 -10.0557327271 73.1274120336 -190.3205805000 950.0000000000
15:19:11.921 -1000.1284179688 0.0000000000 -10.2807283401 75.3236015803 -195.0690996641 953.0000000000
15:19:11.953 -1000.1284179688 0.0000000000 -10.2807283401 75.3236015803 -195.0690996641 953.0000000000
15:19:11.984 -1000.1284179688 0.0000000000 -10.5109767914 74.5310164839 -199.3893175117 953.0000000000
15:19:12.015 -1000.1284179688 0.0000000000 -10.7491044998 24.5703873521 -194.5285541257 903.0000000000
15:19:12.046 -1000.1284179688 0.0000000000 -10.7491044998 24.5703873521 -194.5285541257 903.0000000000
15:19:12.078 -1000.1284179688 0.0000000000 -10.9784774780 39.4906000736 -201.6762190263 919.0000000000
15:19:12.109 -1000.1284179688 0.0000000000 -11.2218580246 48.4333546007 -208.0365571289 929.0000000000
15:19:12.140 -1000.1284179688 0.0000000000 -11.2218580246 48.4333546007 -208.0365571289 929.0000000000
15:19:12.171 -1000.1284179688 0.0000000000 -11.4468536377 88.7729171615 -220.4878281162 971.0000000000
15:19:12.203 -1000.1284179688 0.0000000000 -11.4468536377 87.7928079490 -220.2893692251 970.0000000000
15:19:12.234 -1000.1284179688 0.0000000000 -11.6876077652 52.5832282301 -217.7686615500 935.0000000000
15:19:12.265 -1000.1284179688 0.0000000000 -11.9161062241 61.4908964963 -224.0299782409 945.0000000000
15:19:12.296 -1000.1284179688 0.0000000000 -11.9161062241 59.5339945342 -223.6170197557 943.0000000000
15:19:12.328 -1000.1284179688 0.0000000000 -12.1559848785 58.5884990939 -228.0515062905 943.0000000000
15:19:12.359 -1000.1284179688 0.0000000000 -12.3853578568 64.5041459135 -233.7894435546 950.0000000000
15:19:12.390 -1000.1284179688 0.0000000000 -12.3853578568 70.3645086504 -235.0763579227 956.0000000000
15:19:12.421 -1000.1284179688 0.0000000000 -12.6138563156 56.7322702072 -236.5047267691 943.0000000000
15:19:12.453 -1000.1284179688 0.0000000000 -12.8581123352 55.7144330767 -241.0080369867 943.0000000000
15:19:12.484 -1000.1284179688 0.0000000000 -12.8581123352 33.2911776990 -235.8896760903 920.0000000000
15:19:12.515 -1000.1284179688 0.0000000000 -13.0831079483 32.3568935554 -239.9459970137 920.0000000000
15:19:12.546 -1000.1284179688 0.0000000000 -13.3229866028 40.1010509238 -246.3405205069 929.0000000000
15:19:12.578 -1000.1284179688 0.0000000000 -13.3229866028 45.9395699260 -247.7231614078 935.0000000000
15:19:12.609 -1000.1284179688 0.0000000000 -13.5479822159 44.9587192966 -251.8290601152 935.0000000000
15:19:12.640 -1000.1284179688 0.0000000000 -13.7861099243 50.7014109171 -257.8384585737 942.0000000000
15:19:12.671 -1000.1284179688 0.0000000000 -13.7861099243 43.9030663679 -256.1703724276 935.0000000000
15:19:12.703 -1000.1284179688 0.0000000000 -14.0163583755 38.0140613757 -259.1528363276 930.0000000000
15:19:12.734 -1000.1284179688 0.0000000000 -14.2553615570 36.9240042350 -263.4810687648 930.0000000000
15:19:12.765 -1000.1284179688 0.0000000000 -14.2553615570 41.7700435911 -264.7122887123 935.0000000000
15:19:12.796 -1000.1284179688 0.0000000000 -14.4838581085 33.9285569403 -267.1145309376 928.0000000000
15:19:12.828 -1000.1284179688 0.0000000000 -14.7289905548 39.5462568139 -273.3158806429 935.0000000000
15:19:12.859 -1000.1284179688 0.0000000000 -14.7289905548 43.4148137433 -274.3328699662 939.0000000000
15:19:12.890 -1000.1284179688 0.0000000000 -14.9583635330 31.6809637853 -275.6690039164 928.0000000000
15:19:12.921 -1000.1284179688 0.0000000000 -15.1833581924 30.5904871050 -279.7186778167 928.0000000000
15:19:12.953 -1000.1284179688 0.0000000000 -15.1833581924 41.2065057903 -282.5996754347 939.0000000000
15:19:12.984 -1000.1284179688 0.0000000000 -15.4276142120 39.9923042617 -287.0363795457 939.0000000000
15:19:13.015 -1000.1284179688 0.0000000000 -15.4276142120 40.9562715669 -287.3024002868 940.0000000000
15:19:13.046 -1000.1284179688 0.0000000000 -15.6508598328 38.8660114368 -291.0868867887 939.0000000000
15:19:13.078 -1000.1284179688 0.0000000000 -15.8959913254 30.8788108376 -293.6121491782 932.0000000000
15:19:13.109 -1000.1284179688 0.0000000000 -15.8959913254 30.8788108376 -293.6121491782 932.0000000000
15:19:13.140 -1000.1284179688 0.0000000000 -16.1253643036 22.9705366562 -295.7930510362 925.0000000000
15:19:13.171 -1000.1284179688 0.0000000000 -16.3669948578 1.5650038793 -294.1875058911 904.0000000000
15:19:13.203 -1000.1284179688 0.0000000000 -16.3669948578 11.1597684564 -297.0053938786 914.0000000000
15:19:13.234 -1000.1284179688 0.0000000000 -16.5989933014 6.1155556460 -299.9551059078 910.0000000000
15:19:13.265 -1000.1284179688 0.0000000000 -16.8283672333 -0.8363815512 -302.2439841396 904.0000000000
15:19:13.296 -1000.1284179688 0.0000000000 -16.8283672333 4.9066761294 -303.9810185312 910.0000000000
15:19:13.328 -1000.1284179688 0.0000000000 -17.0673713684 41.8683188645 -319.9106131793 950.0000000000
15:19:13.359 -1000.1284179688 0.0000000000 -17.2923660278 27.2368260371 -319.8384833082 936.0000000000
15:19:13.390 -1000.1284179688 0.0000000000 -17.2923660278 27.2368260371 -319.8384833082 936.0000000000
15:19:13.421 -1000.1284179688 0.0000000000 -17.5226154327 14.5000495284 -320.3514834373 924.0000000000
15:19:13.453 -1000.1284179688 0.0000000000 -17.7607421875 13.1598789783 -324.5655977861 924.0000000000
15:19:13.484 -1000.1284179688 0.0000000000 -17.7607421875 14.1122176032 -324.8706406412 925.0000000000
15:19:13.515 -1000.1284179688 0.0000000000 -17.9971199036 11.8122416356 -328.7432150410 924.0000000000
15:19:13.546 -1000.1284179688 0.0000000000 -18.2396259308 3.7634759419 -330.8323825392 917.0000000000
15:19:13.578 -1000.1284179688 0.0000000000 -18.2396259308 3.7634759419 -330.8323825392 917.0000000000
15:19:13.609 -1000.1284179688 0.0000000000 -18.4549922943 9.1528452004 -336.8194350268 924.0000000000
15:19:13.640 -1000.1284179688 0.0000000000 -18.4549922943 9.1528452004 -336.8194350268 924.0000000000
15:19:13.671 -1000.1284179688 0.0000000000 -18.6931190491 18.1640151677 -344.5366752802 935.0000000000
15:19:13.734 -1000.1284179688 0.0000000000 -19.1623706818 24.7540664424 -356.1472913603 945.0000000000
15:19:13.765 -1000.1284179688 0.0000000000 -19.1623706818 24.7540664424 -356.1472913603 945.0000000000
15:19:13.796 -1000.1284179688 0.0000000000 -19.3926200867 23.3145776316 -360.2630077493 945.0000000000
15:19:13.828 -1000.1284179688 0.0000000000 -19.3926200867 -10.6429779829 -348.3095807641 909.0000000000
15:19:13.859 -1000.1284179688 0.0000000000 -19.6228694916 -12.0506843575 -352.2831138980 909.0000000000
15:19:13.890 -1000.1284179688 0.0000000000 -19.8609962463 -13.5233361373 -356.3866053888 909.0000000000
15:19:13.921 -1000.1284179688 0.0000000000 -19.8609962463 -7.8802184147 -358.4250416446 915.0000000000
15:19:13.953 -1000.1284179688 0.0000000000 -20.0991249084 -19.7085391579 -358.7657470114 904.0000000000
15:19:13.984 -1000.1284179688 0.0000000000 -20.3249950409 -21.1304719746 -362.6279384375 904.0000000000
15:19:14.015 -1000.1284179688 0.0000000000 -20.3249950409 -23.0059469670 -361.9332489002 902.0000000000
15:19:14.046 -1000.1284179688 0.0000000000 -20.5648727417 -24.5297959637 -366.0209402999 902.0000000000
15:19:14.078 -1000.1284179688 0.0000000000 -20.7933712006 -25.9972602839 -369.9087558084 902.0000000000
15:19:14.109 -1000.1284179688 0.0000000000 -20.7933712006 -22.2577932678 -371.3287510323 906.0000000000
15:19:14.140 -1000.1284179688 0.0000000000 -21.0402526855 -29.4668532374 -373.3846900308 900.0000000000
15:19:14.171 -1000.1284179688 0.0000000000 -21.2722511292 -25.3954897264 -379.4887595123 906.0000000000
15:19:14.203 -1000.1284179688 0.0000000000 -21.2722511292 1.6286545557 -390.0099583899 935.0000000000
15:19:14.234 -1000.1284179688 0.0000000000 -21.4981231689 0.0833729186 -393.9560551203 935.0000000000
15:19:14.265 -1000.1284179688 0.0000000000 -21.7406291962 -1.5930114185 -398.1859388045 935.0000000000
15:19:14.296 -1000.1284179688 0.0000000000 -21.7406291962 -9.9528427292 -394.8522890843 926.0000000000
15:19:14.328 -1000.1284179688 0.0000000000 -21.9656238556 -22.6399190725 -394.2489499309 914.0000000000
15:19:14.359 -1000.1284179688 0.0000000000 -22.1941204071 -13.1090473558 -402.6769946630 926.0000000000
15:19:14.390 -1000.1284179688 0.0000000000 -22.1941204071 24.8532361294 -418.1645713808 967.0000000000
15:19:14.421 -1000.1284179688 0.0000000000 -22.4392528534 23.0547987038 -422.5459798832 967.0000000000
15:19:14.453 -1000.1284179688 0.0000000000 -22.6712532043 21.3354549474 -426.6855473567 967.0000000000
15:19:14.484 -1000.1284179688 0.0000000000 -22.6712532043 -2.6555664581 -416.6640259192 941.0000000000
15:19:14.515 -1000.1284179688 0.0000000000 -22.9041271210 -13.5688705685 -416.8228153897 931.0000000000
15:19:14.546 -1000.1284179688 0.0000000000 -22.9041271210 -13.5688705685 -416.8228153897 931.0000000000
15:19:14.578 -1000.1284179688 0.0000000000 -23.1326255798 -17.9978157826 -419.5753570522 928.0000000000
15:19:14.609 -1000.1284179688 0.0000000000 -23.3768806458 -41.8253629545 -414.2357477891 904.0000000000
15:19:14.640 -1000.1284179688 0.0000000000 -23.3768806458 -19.7954076668 -423.7584086579 928.0000000000
15:19:14.671 -1000.1284179688 0.0000000000 -23.6010017395 40.8516911491 -454.8147011879 996.0000000000
15:19:14.703 -1000.1284179688 0.0000000000 -23.8408794403 -4.9658116534 -439.7674237454 948.0000000000
15:19:14.734 -1000.1284179688 0.0000000000 -23.8408794403 -3.1364686271 -440.5758197449 950.0000000000
15:19:14.765 -1000.1284179688 0.0000000000 -24.0693759918 -6.7275206963 -443.7326416821 948.0000000000
15:19:14.796 -1000.1284179688 0.0000000000 -24.3092536926 -18.6186820732 -443.3594910884 937.0000000000
15:19:14.828 -1000.1284179688 0.0000000000 -24.3092536926 -18.6186820732 -443.3594910884 937.0000000000
15:19:14.859 -1000.1284179688 0.0000000000 -24.5395030975 -25.8663424033 -444.8082824216 931.0000000000
15:19:14.890 -1000.1284179688 0.0000000000 -24.7776317596 -30.4472556624 -447.5962951860 928.0000000000
15:19:14.921 -1000.1284179688 0.0000000000 -24.7776317596 -30.4472556624 -447.5962951860 928.0000000000
15:19:14.953 -1000.1284179688 0.0000000000 -25.0078811646 -44.0350410590 -445.9937831691 915.0000000000
15:19:14.984 -1000.1284179688 0.0000000000 -25.2320003510 -45.7869082603 -449.7302334106 915.0000000000
15:19:15.015 -1000.1284179688 0.0000000000 -25.2320003510 -42.1685518254 -451.4353717363 919.0000000000
15:19:15.046 -1000.1284179688 0.0000000000 -25.4762573242 -47.7128142475 -453.7945766362 915.0000000000
15:19:15.078 -1000.1284179688 0.0000000000 -25.7108821869 -49.5790725551 -457.6908803219 915.0000000000
15:19:15.109 -1000.1284179688 0.0000000000 -25.7108821869 -18.0442601480 -472.8749379629 950.0000000000
15:19:15.140 -1000.1284179688 0.0000000000 -25.9411315918 -11.8592892533 -480.7547495594 959.0000000000
15:19:15.171 -1000.1284179688 0.0000000000 -25.9411315918 -49.6275362106 -462.3819565826 917.0000000000
15:19:15.203 -1000.1284179688 0.0000000000 -26.1696281433 -19.1693548892 -482.0459693411 953.0000000000
15:19:15.234 -1000.1284179688 0.0000000000 -26.4191379547 -31.1290430476 -481.4189562102 942.0000000000
15:19:15.265 -1000.1284179688 0.0000000000 -26.4191379547 -31.1290430476 -481.4189562102 942.0000000000
15:19:15.296 -1000.1284179688 0.0000000000 -26.6423816681 -32.1183418068 -485.6392616386 943.0000000000
15:19:15.328 -1000.1284179688 0.0000000000 -26.8673763275 -34.0328561617 -489.4367839186 943.0000000000
15:19:15.359 -1000.1284179688 0.0000000000 -26.8673763275 -34.9249111587 -488.9848570637 942.0000000000
15:19:15.390 -1000.1284179688 0.0000000000 -27.1116333008 -37.0182612723 -493.0951490982 942.0000000000
15:19:15.421 -1000.1284179688 0.0000000000 -27.3366279602 -41.6269878179 -495.4957198551 939.0000000000
15:19:15.453 -1000.1284179688 0.0000000000 -27.3366279602 -41.6269878179 -495.4957198551 939.0000000000
15:19:15.484 -1000.1284179688 0.0000000000 -27.5773830414 -43.7175011728 -499.5189267980 939.0000000000
15:19:15.515 -1000.1284179688 0.0000000000 -27.8015022278 -42.1404651825 -505.1218489754 943.0000000000
15:19:15.546 -1000.1284179688 0.0000000000 -27.8015022278 -42.1404651825 -505.1218489754 943.0000000000
15:19:15.578 -1000.1284179688 0.0000000000 -28.0448837280 -15.1696372825 -524.7020109975 976.0000000000
15:19:15.609 -1000.1284179688 0.0000000000 -28.2751331329 -46.3486975770 -513.0236300264 943.0000000000
15:19:15.640 -1000.1284179688 0.0000000000 -28.2751331329 -67.4850902727 -501.6546853166 919.0000000000
15:19:15.671 -1000.1284179688 0.0000000000 -28.5132598877 -51.1252242010 -515.5511014580 940.0000000000
15:19:15.703 -1000.1284179688 0.0000000000 -28.7373790741 -50.5186200495 -520.7016724495 943.0000000000
15:19:15.734 -1000.1284179688 0.0000000000 -28.7373790741 -65.4247756955 -512.5281466585 926.0000000000
15:19:15.765 -1000.1284179688 0.0000000000 -28.9842624664 -58.0196118053 -521.8812099944 937.0000000000
15:19:15.796 -1000.1284179688 0.0000000000 -29.2127609253 -66.2180805716 -522.2178488895 930.0000000000
15:19:15.828 -1000.1284179688 0.0000000000 -29.2127609253 -66.2180805716 -522.2178488895 930.0000000000
15:19:15.859 -1000.1284179688 0.0000000000 -29.4508876801 -68.3965275553 -526.0947484841 930.0000000000
15:19:15.890 -1000.1284179688 0.0000000000 -29.4508876801 -62.3010852816 -529.5364898294 937.0000000000
15:19:15.921 -1000.1284179688 0.0000000000 -29.6802597046 -67.0348929579 -531.8011598134 934.0000000000
15:19:15.953 -1000.1284179688 0.0000000000 -29.9201393127 -66.6693858588 -537.1994372376 937.0000000000
15:19:15.984 -1000.1284179688 0.0000000000 -29.9201393127 -42.4011844669 -551.1656250210 965.0000000000
15:19:16.015 -1000.1284179688 0.0000000000 -30.1442584991 -44.5644551589 -554.9076616654 965.0000000000
15:19:16.046 -1000.1284179688 0.0000000000 -30.3762588501 -46.8191980661 -558.7723429488 965.0000000000
15:19:16.078 -1000.1284179688 0.0000000000 -30.3762588501 -66.6618334125 -547.1417873942 942.0000000000
15:19:16.109 -1000.1284179688 0.0000000000 -30.6143875122 -71.5257234116 -549.4888858360 939.0000000000
15:19:16.140 -1000.1284179688 0.0000000000 -30.8533878326 -73.8259019873 -553.3576139193 939.0000000000
15:19:16.171 -1000.1284179688 0.0000000000 -30.8533878326 -71.2504547696 -554.8961429663 942.0000000000
15:19:16.203 -1000.1284179688 0.0000000000 -31.0731334686 -73.3854659459 -558.4545647337 942.0000000000
15:19:16.234 -1000.1284179688 0.0000000000 -31.3121356964 -65.4708605971 -568.5518889636 954.0000000000
15:19:16.265 -1000.1284179688 0.0000000000 -31.3121356964 -63.7621630517 -569.5912891262 956.0000000000
15:19:16.296 -1000.1284179688 0.0000000000 -31.5511360168 -78.0766919244 -566.1665960604 942.0000000000
15:19:16.328 -1000.1284179688 0.0000000000 -31.7796344757 -80.3419192809 -569.8392728020 942.0000000000
15:19:16.359 -1000.1284179688 0.0000000000 -31.7796344757 -87.1425588276 -565.6260434282 934.0000000000
15:19:16.390 -1000.1284179688 0.0000000000 -32.0212631226 -93.7752942140 -566.8200905543 929.0000000000
15:19:16.421 -1000.1284179688 0.0000000000 -32.2506332397 -91.8230715069 -573.1120288257 934.0000000000
15:19:16.453 -1000.1284179688 0.0000000000 -32.2506332397 -90.1316276587 -574.1792765517 936.0000000000
15:19:16.484 -1000.1284179688 0.0000000000 -32.4896354675 -92.5346553803 -577.9702086669 936.0000000000
15:19:16.515 -1000.1284179688 0.0000000000 -32.7181320190 -38.4770568555 -617.7990447263 1003.0000000000
15:19:16.546 -1000.1284179688 0.0000000000 -32.7181320190 -62.8759102871 -602.1243533028 974.0000000000
15:19:16.578 -1000.1284179688 0.0000000000 -32.9588851929 -65.4142647542 -606.0573007368 974.0000000000
15:19:16.609 -1000.1284179688 0.0000000000 -32.9588851929 -65.4142647542 -606.0573007368 974.0000000000
15:19:16.640 -1000.1284179688 0.0000000000 -33.1812553406 -77.8167831444 -603.1129647616 962.0000000000
15:19:16.671 -1000.1284179688 0.0000000000 -33.4158859253 -82.7983888294 -605.2326970968 959.0000000000
15:19:16.703 -1000.1284179688 0.0000000000 -33.6575126648 -85.3589149732 -609.0958515581 959.0000000000
15:19:16.734 -1000.1284179688 0.0000000000 -33.6575126648 -92.8502029869 -604.1078054580 950.0000000000
15:19:16.765 -1000.1284179688 0.0000000000 -33.9035186768 -95.4523641676 -607.9977283467 950.0000000000
15:19:16.796 -1000.1284179688 0.0000000000 -33.9035186768 -93.7924081056 -609.1133205088 952.0000000000
15:19:16.828 -1000.1284179688 0.0000000000 -34.1188850403 -87.8096174167 -618.1249114501 962.0000000000
15:19:16.859 -1000.1284179688 0.0000000000 -34.3491325378 -90.3009597284 -621.7861338337 962.0000000000
15:19:16.890 -1000.1284179688 0.0000000000 -34.3491325378 -61.4044433596 -641.5343322767 997.0000000000
15:19:16.921 -1000.1284179688 0.0000000000 -34.5933876038 -73.2030821597 -639.2850865076 986.0000000000
15:19:16.953 -1000.1284179688 0.0000000000 -34.8218841553 -79.8645821476 -640.1214513478 981.0000000000
15:19:16.984 -1000.1284179688 0.0000000000 -34.8218841553 -79.8645821476 -640.1214513478 981.0000000000
15:19:17.015 -1000.1284179688 0.0000000000 -35.0521354675 -78.3512770874 -646.6860927408 986.0000000000
15:19:17.046 -1000.1284179688 0.0000000000 -35.2920150757 -81.0668213208 -650.5396079892 986.0000000000
15:19:17.078 -1000.1284179688 0.0000000000 -35.2920150757 -73.7208582926 -655.7393029021 995.0000000000
15:19:17.109 -1000.1284179688 0.0000000000 -35.5213851929 -66.5865873849 -666.4147736552 1007.0000000000
15:19:17.140 -1000.1284179688 0.0000000000 -35.7603874207 -69.3745677567 -670.3031182317 1007.0000000000
15:19:17.171 -1000.1284179688 0.0000000000 -35.7603874207 -58.8254831422 -677.9002765028 1020.0000000000
15:19:17.203 -1000.1284179688 0.0000000000 -35.9845085144 -72.0036736686 -673.9387650324 1007.0000000000
15:19:17.234 -1000.1284179688 0.0000000000 -36.2235069275 -74.8229470877 -677.8043859059 1007.0000000000
15:19:17.265 -1000.1284179688 0.0000000000 -36.2235069275 -74.8229470877 -677.8043859059 1007.0000000000
15:19:17.296 -1000.1284179688 0.0000000000 -36.4528808594 -73.5221006528 -684.4740555389 1012.0000000000
15:19:17.328 -1000.1284179688 0.0000000000 -36.6997642517 -76.4800430657 -688.4603688918 1012.0000000000
15:19:17.359 -1000.1284179688 0.0000000000 -36.6997642517 -44.4089189370 -712.3652428117 1052.0000000000
15:19:17.390 -1000.1284179688 0.0000000000 -36.9230079651 -79.1695216114 -692.0539799870 1012.0000000000
15:19:17.421 -1000.1284179688 0.0000000000 -37.1532592773 -91.5223433289 -688.5019979080 1000.0000000000
15:19:17.453 -1000.1284179688 0.0000000000 -37.1532592773 -91.5223433289 -688.5019979080 1000.0000000000
15:19:17.484 -1000.1284179688 0.0000000000 -37.3905105591 -126.1616930934 -667.9686847500 960.0000000000
15:19:17.515 -1000.1284179688 0.0000000000 -37.3905105591 -133.3123299333 -662.5034864202 951.0000000000
15:19:17.546 -1000.1284179688 0.0000000000 -37.6303901672 -136.0936147930 -666.1267588808 951.0000000000
15:19:17.578 -1000.1284179688 0.0000000000 -37.8553886414 -133.1891911860 -673.8103420557 958.0000000000
15:19:17.609 -1000.1284179688 0.0000000000 -37.8553886414 -145.0326232459 -664.6052827380 943.0000000000
15:19:17.640 -1000.1284179688 0.0000000000 -38.0987663269 -147.8634008567 -668.2315022528 943.0000000000
15:19:17.671 -1000.1284179688 0.0000000000 -38.3228874207 -168.5279636728 -657.2980179575 920.0000000000
15:19:17.703 -1000.1284179688 0.0000000000 -38.3228874207 -172.4506073251 -654.1975556086 915.0000000000
15:19:17.734 -1000.1284179688 0.0000000000 -38.5645141602 -171.3072957753 -660.7991732759 920.0000000000
15:19:17.765 -1000.1284179688 0.0000000000 -38.7973899841 -162.3094218289 -673.5609324354 935.0000000000
15:19:17.796 -1000.1284179688 0.0000000000 -38.7973899841 -162.3094218289 -673.5609324354 935.0000000000
15:19:17.828 -1000.1284179688 0.0000000000 -39.0267601013 -137.0458999248 -699.5781350520 971.0000000000
15:19:17.859 -1000.1284179688 0.0000000000 -39.2561340332 -167.7291474638 -680.2473479984 935.0000000000
15:19:17.890 -1000.1284179688 0.0000000000 -39.2561340332 -175.4723964917 -673.9194656914 925.0000000000
15:19:17.921 -1000.1284179688 0.0000000000 -39.4951362610 -178.2907343378 -677.3535426645 925.0000000000
15:19:17.953 -1000.1284179688 0.0000000000 -39.7253837585 -203.3237383307 -662.1165324193 896.0000000000
15:19:17.984 -1000.1284179688 0.0000000000 -39.7253837585 -206.4002042752 -659.5600979312 892.0000000000
15:19:18.015 -1000.1284179688 0.0000000000 -39.9713897705 -209.2394088602 -662.9619712076 892.0000000000
15:19:18.046 -1000.1284179688 0.0000000000 -40.1998863220 -224.8741490746 -655.1380148928 875.0000000000
15:19:18.078 -1000.1284179688 0.0000000000 -40.1998863220 -227.9293383116 -652.5561902035 871.0000000000
15:19:18.109 -1000.1284179688 0.0000000000 -40.4231338501 -227.4327102022 -658.1537382674 875.0000000000
15:19:18.140 -1000.1284179688 0.0000000000 -40.4231338501 -230.4778164397 -655.5600289540 871.0000000000
15:19:18.171 -1000.1284179688 0.0000000000 -40.6621360779 -233.2190918410 -658.7648180455 871.0000000000
15:19:18.203 -1000.1284179688 0.0000000000 -40.8923835754 -235.8725741997 -661.8413746973 871.0000000000
15:19:18.234 -1000.1284179688 0.0000000000 -40.8923835754 -232.8488122066 -664.4599360215 875.0000000000
15:19:18.265 -1000.1284179688 0.0000000000 -41.1366386414 -235.6884050763 -667.7248435436 875.0000000000
15:19:18.296 -1000.1284179688 0.0000000000 -41.3651351929 -235.3553217028 -673.4115466964 879.0000000000
15:19:18.328 -1000.1284179688 0.0000000000 -41.3651351929 -238.3573750738 -670.7681255121 875.0000000000
15:19:18.359 -1000.1284179688 0.0000000000 -41.6041374207 -253.8737728947 -662.6522502050 858.0000000000
15:19:18.390 -1000.1284179688 0.0000000000 -41.8300094604 -256.4918797481 -665.5889865521 858.0000000000
15:19:18.421 -1000.1284179688 0.0000000000 -41.8300094604 -253.5113725809 -668.2566778810 862.0000000000
15:19:18.453 -1000.1284179688 0.0000000000 -42.0698890686 -260.0273311040 -668.0264824226 857.0000000000
15:19:18.484 -1000.1284179688 0.0000000000 -42.2983856201 -258.9990602048 -674.3376565614 862.0000000000
15:19:18.515 -1000.1284179688 0.0000000000 -42.2983856201 -262.6973104930 -670.9726981953 857.0000000000
15:19:18.546 -1000.1284179688 0.0000000000 -42.5373878479 -273.6077970529 -666.6061711238 846.0000000000
15:19:18.578 -1000.1284179688 0.0000000000 -42.7676353455 -276.2924642900 -669.5203597788 846.0000000000
15:19:18.609 -1000.1284179688 0.0000000000 -42.7676353455 -277.7606913766 -668.1623063107 844.0000000000
15:19:18.640 -1000.1284179688 0.0000000000 -42.9961318970 -280.4310714142 -671.0378002457 844.0000000000
15:19:18.671 -1000.1284179688 0.0000000000 -43.2386398315 -283.2777185029 -674.0779440626 844.0000000000
15:19:18.703 -1000.1284179688 0.0000000000 -43.2386398315 -282.5492116945 -674.7629826236 845.0000000000
15:19:18.734 -1000.1284179688 0.0000000000 -43.4662628174 -285.2355458878 -677.6084278137 845.0000000000
15:19:18.765 -1000.1284179688 0.0000000000 -43.7052650452 -288.0683167779 -680.5846106755 845.0000000000
15:19:18.796 -1000.1284179688 0.0000000000 -43.7052650452 -286.6225094658 -681.9665083622 847.0000000000
15:19:18.828 -1000.1284179688 0.0000000000 -43.9293823242 -289.2955307283 -684.7522226424 847.0000000000
15:19:18.859 -1000.1284179688 0.0000000000 -44.1683845520 -292.1580656622 -687.7114076785 847.0000000000
15:19:18.890 -1000.1284179688 0.0000000000 -44.1683845520 -297.1791319906 -682.8340218085 840.0000000000
15:19:18.921 -1000.1284179688 0.0000000000 -44.4073867798 -300.0335968224 -685.7603381652 840.0000000000
15:19:18.953 -1000.1284179688 0.0000000000 -44.6420135498 -290.7519674303 -700.5669499897 857.0000000000
15:19:18.984 -1000.1284179688 0.0000000000 -44.6420135498 -291.4634784138 -699.8642750148 856.0000000000
15:19:19.015 -1000.1284179688 0.0000000000 -44.8722648621 -294.2816981505 -702.7064878868 856.0000000000
15:19:19.046 -1000.1284179688 0.0000000000 -44.8722648621 -294.2816981505 -702.7064878868 856.0000000000
15:19:19.078 -1000.1284179688 0.0000000000 -45.0972595215 -285.7521025397 -716.8057477101 872.0000000000
15:19:19.109 -1000.1284179688 0.0000000000 -45.3406410217 -295.1294050700 -713.4321213739 863.0000000000
15:19:19.140 -1000.1284179688 0.0000000000 -45.3406410217 -288.8033919931 -719.8338054141 872.0000000000
15:19:19.171 -1000.1284179688 0.0000000000 -45.5656356812 -290.9354911369 -723.3356015903 873.0000000000
15:19:19.203 -1000.1284179688 0.0000000000 -45.8037643433 -293.9478837765 -726.2768433072 873.0000000000
15:19:19.234 -1000.1284179688 0.0000000000 -45.8037643433 -293.9478837765 -726.2768433072 873.0000000000
15:19:19.265 -1000.1284179688 0.0000000000 -46.0331344604 -296.8610124300 -729.0980429977 873.0000000000
15:19:19.296 -1000.1284179688 0.0000000000 -46.2738914490 -300.6220954619 -731.3240764321 872.0000000000
15:19:19.328 -1000.1284179688 0.0000000000 -46.2738914490 -299.9308836808 -732.0467286815 873.0000000000
15:19:19.359 -1000.1284179688 0.0000000000 -46.5032615662 -303.5553759860 -734.1185171205 872.0000000000
15:19:19.390 -1000.1284179688 0.0000000000 -46.7422637939 -306.6237116254 -737.0177896604 872.0000000000
15:19:19.421 -1000.1284179688 0.0000000000 -46.7422637939 -306.6237116254 -737.0177896604 872.0000000000
15:19:19.453 -1000.1284179688 0.0000000000 -46.9716339111 -308.2150167207 -741.2501906708 874.0000000000
15:19:19.484 -1000.1284179688 0.0000000000 -47.2106361389 -311.3130606245 -744.1299641077 874.0000000000
15:19:19.515 -1000.1284179688 0.0000000000 -47.2106361389 -304.5200097631 -751.4685239115 884.0000000000
15:19:19.546 -1000.1284179688 0.0000000000 -47.4400062561 -289.9484947514 -773.3980066273 910.0000000000
15:19:19.578 -1000.1284179688 0.0000000000 -47.6693801880 -293.0503450743 -776.2348863765 910.0000000000
15:19:19.609 -1000.1284179688 0.0000000000 -47.6693801880 -280.2555989933 -790.2810414634 929.0000000000
15:19:19.640 -1000.1284179688 0.0000000000 -47.9145126343 -283.6432904501 -793.3536802968 929.0000000000
15:19:19.671 -1000.1284179688 0.0000000000 -48.1430091858 -286.8128877319 -796.2047188500 929.0000000000
15:19:19.703 -1000.1284179688 0.0000000000 -48.1430091858 -282.1419721925 -801.4184073738 936.0000000000
15:19:19.734 -1000.1284179688 0.0000000000 -48.3680038452 -289.9449939437 -798.9996897597 929.0000000000
15:19:19.765 -1000.1284179688 0.0000000000 -48.3680038452 -304.5605555233 -782.5562910930 907.0000000000
15:19:19.796 -1000.1284179688 0.0000000000 -48.6122589111 -293.3576166397 -802.0199713129 929.0000000000
15:19:19.828 -1000.1284179688 0.0000000000 -48.8363800049 -270.8299863633 -834.1389558423 968.0000000000
15:19:19.859 -1000.1284179688 0.0000000000 -48.8363800049 -273.4628326867 -831.1276238717 964.0000000000
15:19:19.890 -1000.1284179688 0.0000000000 -49.0806312561 -274.3925271852 -837.2403578570 968.0000000000
15:19:19.921 -1000.1284179688 0.0000000000 -49.3108825684 -280.3707663609 -837.1170306163 964.0000000000
15:19:19.953 -1000.1284179688 0.0000000000 -49.3108825684 -283.6305383337 -833.3257397167 959.0000000000
15:19:19.984 -1000.1284179688 0.0000000000 -49.5420036316 -286.9978475126 -836.2091780630 959.0000000000
15:19:20.015 -1000.1284179688 0.0000000000 -49.7845115662 -291.1891959142 -838.4564266727 958.0000000000
15:19:20.046 -1000.1284179688 0.0000000000 -49.7845115662 -295.7088448709 -833.1110760472 951.0000000000
15:19:20.078 -1000.1284179688 0.0000000000 -50.0138816833 -294.5514299333 -841.2877711882 958.0000000000
15:19:20.109 -1000.1284179688 0.0000000000 -50.2380027771 -272.9032446294 -874.0209077919 997.0000000000
15:19:20.140 -1000.1284179688 0.0000000000 -50.2380027771 -272.9032446294 -874.0209077919 997.0000000000
15:19:20.171 -1000.1284179688 0.0000000000 -50.4813804626 -276.6224094954 -877.1020782661 997.0000000000
15:19:20.203 -1000.1284179688 0.0000000000 -50.7116317749 -290.9178066220 -866.8450315651 980.0000000000
15:19:20.234 -1000.1284179688 0.0000000000 -50.7116317749 -290.9178066220 -866.8450315651 980.0000000000
15:19:20.265 -1000.1284179688 0.0000000000 -50.9532585144 -280.0907997583 -887.6907278763 1003.0000000000
15:19:20.296 -1000.1284179688 0.0000000000 -51.1826286316 -294.3065012348 -877.3205924027 986.0000000000
15:19:20.328 -1000.1284179688 0.0000000000 -51.1826286316 -294.3065012348 -877.3205924027 986.0000000000
15:19:20.359 -1000.1284179688 0.0000000000 -51.4207572937 -297.9588444338 -880.2464938854 986.0000000000
15:19:20.390 -1000.1284179688 0.0000000000 -51.6492538452 -303.9567524100 -879.9028424031 982.0000000000
15:19:20.421 -1000.1284179688 0.0000000000 -51.6492538452 -303.9567524100 -879.9028424031 982.0000000000
15:19:20.453 -1000.1284179688 0.0000000000 -51.8742523193 -295.0696693771 -898.3630452274 1002.0000000000
15:19:20.484 -1000.1284179688 0.0000000000 -51.8742523193 -307.4174583192 -882.6298920710 982.0000000000
15:19:20.515 -1000.1284179688 0.0000000000 -52.1123809814 -311.0917543548 -885.5012570243 982.0000000000
15:19:20.546 -1000.1284179688 0.0000000000 -52.3426284790 -281.6651007788 -931.0136743615 1036.0000000000
15:19:20.578 -1000.1284179688 0.0000000000 -52.3426284790 -260.2822639576 -958.7224146699 1071.0000000000
15:19:20.609 -1000.1284179688 0.0000000000 -52.5895118713 -293.5812053463 -923.7748840118 1023.0000000000
15:19:20.640 -1000.1284179688 0.0000000000 -52.8171348572 -279.7302515713 -949.6791467895 1052.0000000000
15:19:20.671 -1000.1284179688 0.0000000000 -52.8171348572 -268.2473948921 -964.8166499682 1071.0000000000
15:19:20.703 -1000.1284179688 0.0000000000 -53.0561370850 -272.2783635335 -967.8611978244 1071.0000000000
15:19:20.734 -1000.1284179688 0.0000000000 -53.2846336365 n/a n/a n/a
15:19:20.765 -1000.1284179688 0.0000000000 -53.2846336365 n/a n/a n/a
15:19:20.812 -1000.1284179688 0.0000000000 -53.5096321106 n/a n/a n/a
15:19:20.828 -1000.1284179688 0.0000000000 -53.7661437988 n/a n/a n/a
15:19:20.859 -1000.1284179688 0.0000000000 -53.7661437988 n/a n/a n/a
15:19:20.890 -1000.1284179688 0.0000000000 -53.9832611084 n/a n/a n/a
15:19:20.921 -1000.1284179688 0.0000000000 -54.2257652283 n/a n/a n/a
15:19:20.953 -1000.1284179688 0.0000000000 -54.2257652283 n/a n/a n/a
15:19:20.984 -1000.1284179688 0.0000000000 -54.4533882141 n/a n/a n/a
15:19:21.015 -1000.1284179688 0.0000000000 -54.6932678223 n/a n/a n/a
15:19:21.046 -1000.1284179688 0.0000000000 -54.6932678223 n/a n/a n/a
15:19:21.078 -1000.1284179688 0.0000000000 -54.9261436462 n/a n/a n/a
15:19:21.109 -1000.1284179688 0.0000000000 -55.1546401978 n/a n/a n/a
15:19:21.140 -1000.1284179688 0.0000000000 -55.1546401978 n/a n/a n/a
15:19:21.171 -1000.1284179688 0.0000000000 -55.3796386719 n/a n/a n/a
15:19:21.203 -1000.1284179688 0.0000000000 -55.6238937378 n/a n/a n/a
15:19:21.234 -1000.1284179688 0.0000000000 -55.6238937378 n/a n/a n/a
15:19:21.265 -1000.1284179688 0.0000000000 -55.8515167236 n/a n/a n/a
15:19:21.296 -1000.1284179688 0.0000000000 -56.0931434631 n/a n/a n/a
15:19:21.328 -1000.1284179688 0.0000000000 -56.0931434631 n/a n/a n/a
15:19:21.359 -1000.1284179688 0.0000000000 -56.3181419373 n/a n/a n/a
15:19:21.390 -1000.1284179688 0.0000000000 -56.3181419373 n/a n/a n/a
15:19:21.421 -1000.1284179688 0.0000000000 -56.5571441650 n/a n/a n/a
15:19:21.453 -1000.1284179688 0.0000000000 -56.7908935547 n/a n/a n/a
15:19:21.484 -1000.1284179688 0.0000000000 -56.7908935547 n/a n/a n/a
15:19:21.515 -1000.1284179688 0.0000000000 -57.0158882141 n/a n/a n/a
15:19:21.546 -1000.1284179688 0.0000000000 -57.2627716064 n/a n/a n/a
15:19:21.578 -1000.1284179688 0.0000000000 -57.2627716064 n/a n/a n/a
15:19:21.609 -1000.1284179688 0.0000000000 -57.4903907776 n/a n/a n/a
15:19:21.640 -1000.1284179688 0.0000000000 -57.7215194702 n/a n/a n/a
15:19:21.671 -1000.1284179688 0.0000000000 -57.7215194702 n/a n/a n/a
15:19:21.703 -1000.1284179688 0.0000000000 -57.9526443481 n/a n/a n/a
15:19:21.734 -1000.1284179688 0.0000000000 -58.1925201416 n/a n/a n/a
15:19:21.765 -1000.1284179688 0.0000000000 -58.1925201416 n/a n/a n/a
15:19:21.796 -1000.1284179688 0.0000000000 -58.4175148010 n/a n/a n/a
15:19:21.828 -1000.1284179688 0.0000000000 -58.6556434631 n/a n/a n/a
15:19:21.859 -1000.1284179688 0.0000000000 -58.6556434631 n/a n/a n/a
15:19:21.890 -1000.1284179688 0.0000000000 -58.8964004517 n/a n/a n/a
15:19:21.921 -1000.1284179688 0.0000000000 -59.1213951111 n/a n/a n/a
15:19:21.953 -1000.1284179688 0.0000000000 -59.1213951111 n/a n/a n/a
15:19:21.984 -1000.1284179688 0.0000000000 -59.3603973389 n/a n/a n/a
15:19:22.015 -1000.1284179688 0.0000000000 -59.5888938904 n/a n/a n/a
15:19:22.046 -1000.1284179688 0.0000000000 -59.5888938904 n/a n/a n/a
15:19:22.078 -1000.1284179688 0.0000000000 -59.8278961182 n/a n/a n/a
15:19:22.109 -1000.1284179688 0.0000000000 -59.8278961182 n/a n/a n/a
15:19:22.140 -1000.1284179688 0.0000000000 -60.0117416382 n/a n/a n/a
15:19:22.171 -1000.1284179688 0.0000000000 -60.0126152039 n/a n/a n/a
15:19:22.203 -1000.1284179688 0.0000000000 -60.0126152039 n/a n/a n/a
15:19:22.234 -1000.1284179688 0.0000000000 -60.0126152039 n/a n/a n/a
15:19:22.265 -1000.1284179688 0.0000000000 -60.0126152039 n/a n/a n/a
15:19:22.515 -1000.1284179688 0.0000000000 -60.0126152039 n/a n/a n/a
15:19:22.546 -1000.1284179688 0.0000000000 -60.0126152039 n/a n/a n/a
15:19:22.578 -1000.1284179688 0.0000000000 -60.0126152039 n/a n/a n/a
15:19:22.609 -1000.1284179688 0.0000000000 -60.0126152039 n/a n/a n/a
15:19:22.640 -1000.1284179688 0.0000000000 -60.0126152039 n/a n/a n/a
15:19:22.671 -1000.1284179688 0.0000000000 -60.0126152039 n/a n/a n/a
15:19:22.703 -1000.1284179688 0.0000000000 -60.0126152039 n/a n/a n/a
15:19:22.734 -1000.1284179688 0.0000000000 -60.0126152039 n/a n/a n/a
15:19:22.765 -1000.1284179688 0.0000000000 -60.0126152039 n/a n/a n/a
15:19:22.796 -1000.1284179688 0.0000000000 -60.0126152039 n/a n/a n/a
15:19:22.828 -1000.1284179688 0.0000000000 -60.0126152039 n/a n/a n/a
15:19:22.859 -1000.1284179688 0.0000000000 -60.0126152039 n/a n/a n/a
15:19:22.890 -1000.1284179688 0.0000000000 -60.0126152039 n/a n/a n/a
15:19:22.921 -1000.1284179688 0.0000000000 -60.0126152039 n/a n/a n/a
