Тестовая информация 0. Исходные сенсорные данные: Time, X_rob, Y_rob, Ang_rob, X_obj, Y_obj (мм, град)
12:48:58.125 0.0 0.0 11.6 881.6 180.8
12:48:58.156 0.0 0.0 11.4 853.0 171.3
12:48:58.203 0.0 0.0 11.1 853.7 167.8
12:48:58.250 0.0 0.0 10.9 805.2 154.8
12:48:58.281 0.0 0.0 10.6 805.9 151.5
12:48:58.328 0.0 0.0 10.4 806.5 148.3
12:48:58.375 0.0 0.0 10.2 767.7 138.0
12:48:58.421 0.0 0.0 10.0 768.3 134.8
12:48:58.468 0.0 0.0 9.7 768.8 131.7
12:48:58.500 0.0 0.0 9.5 759.5 126.9
12:48:58.546 0.0 0.0 9.5 739.8 123.6
12:48:58.593 0.0 0.0 9.2 740.2 120.5
12:48:58.640 0.0 0.0 9.0 730.8 116.0
12:48:58.671 0.0 0.0 8.8 711.6 109.9
12:48:58.718 0.0 0.0 8.6 712.0 107.1
12:48:58.765 0.0 0.0 8.3 712.4 104.1
12:48:58.812 0.0 0.0 8.1 702.9 99.9
12:48:58.843 0.0 0.0 7.9 703.3 97.0
12:48:58.890 0.0 0.0 7.6 683.9 91.5
12:48:58.937 0.0 0.0 7.4 684.3 88.5
12:48:58.984 0.0 0.0 7.4 684.3 88.5
12:48:59.015 0.0 0.0 7.1 664.8 83.3
12:48:59.062 0.0 0.0 6.9 665.1 80.5
12:48:59.109 0.0 0.0 6.7 665.5 77.9
12:48:59.156 0.0 0.0 6.4 655.8 74.1
12:48:59.187 0.0 0.0 6.2 646.2 70.2
12:48:59.234 0.0 0.0 6.0 646.5 67.7
12:48:59.281 0.0 0.0 5.7 636.8 64.0
12:48:59.328 0.0 0.0 5.5 637.0 61.5
12:48:59.375 0.0 0.0 5.5 637.0 61.5
12:48:59.406 0.0 0.0 5.3 627.4 57.7
12:48:59.453 0.0 0.0 5.0 617.7 53.6
12:48:59.500 0.0 0.0 4.7 617.9 51.1
12:48:59.546 0.0 0.0 4.5 618.1 48.5
12:48:59.578 0.0 0.0 4.2 618.3 45.9
12:48:59.625 0.0 0.0 4.0 618.5 43.6
12:48:59.671 0.0 0.0 3.8 618.6 40.9
12:48:59.718 0.0 0.0 3.8 618.6 40.9
12:48:59.750 0.0 0.0 3.6 618.8 38.5
12:48:59.796 0.0 0.0 3.3 619.0 36.0
12:48:59.843 0.0 0.0 3.1 619.1 33.5
12:48:59.890 0.0 0.0 2.9 629.2 31.3
12:48:59.921 0.0 0.0 2.6 629.3 28.8
12:48:59.984 0.0 0.0 2.4 629.5 26.3
12:49:00.015 0.0 0.0 2.4 629.5 26.3
12:49:00.062 0.0 0.0 2.1 629.6 22.8
12:49:00.093 0.0 0.0 1.8 629.7 20.2
12:49:00.140 0.0 0.0 1.6 639.7 18.0
12:49:00.187 0.0 0.0 1.4 639.8 15.4
12:49:00.218 0.0 0.0 1.1 639.9 12.8
12:49:00.265 0.0 0.0 0.9 639.9 10.1
12:49:00.312 0.0 0.0 0.7 640.0 7.6
12:49:00.343 0.0 0.0 0.7 640.0 7.6
12:49:00.390 0.0 0.0 0.4 640.0 4.9
12:49:00.437 0.0 0.0 0.2 640.0 2.2
12:49:00.484 0.0 0.0 0.0 640.0 -0.4
12:49:00.531 0.0 0.0 -0.3 650.0 -2.9
12:49:00.593 0.0 0.0 -0.5 650.0 -5.6
12:49:00.609 0.0 0.0 -0.8 649.9 -8.7
12:49:00.656 0.0 0.0 -1.0 649.9 -10.9
12:49:00.687 0.0 0.0 -1.2 649.9 -13.6
12:49:00.734 0.0 0.0 -1.2 649.9 -13.6
12:49:00.781 0.0 0.0 -1.4 649.8 -16.2
12:49:00.828 0.0 0.0 -1.7 649.7 -19.1
12:49:00.859 0.0 0.0 -1.9 649.6 -21.6
12:49:00.906 0.0 0.0 -2.1 649.5 -24.2
12:49:00.953 0.0 0.0 -2.4 659.4 -27.3
12:49:01.000 0.0 0.0 -2.6 659.3 -30.0
12:49:01.031 0.0 0.0 -2.8 659.2 -32.5
12:49:01.078 0.0 0.0 -3.1 669.0 -35.9
12:49:01.125 0.0 0.0 -3.3 668.9 -38.6
12:49:01.171 0.0 0.0 -3.3 668.9 -38.6
12:49:01.203 0.0 0.0 -3.5 668.7 -41.3
12:49:01.250 0.0 0.0 -3.8 668.5 -44.1
12:49:01.296 0.0 0.0 -4.0 668.4 -46.8
12:49:01.343 0.0 0.0 -4.2 668.2 -49.6
12:49:01.390 0.0 0.0 -4.5 668.0 -52.3
12:49:01.421 0.0 0.0 -4.7 667.7 -55.1
12:49:01.468 0.0 0.0 -4.9 677.5 -58.6
12:49:01.515 0.0 0.0 -5.2 677.2 -61.3
12:49:01.546 0.0 0.0 -5.4 677.0 -64.0
12:49:01.593 0.0 0.0 -5.4 677.0 -64.0
12:49:01.640 0.0 0.0 -5.6 676.7 -66.9
12:49:01.687 0.0 0.0 -5.9 676.4 -69.5
12:49:01.734 0.0 0.0 -6.1 676.1 -72.3
12:49:01.765 0.0 0.0 -6.4 675.8 -75.3
12:49:01.812 0.0 0.0 -6.6 685.5 -79.0
12:49:01.859 0.0 0.0 -6.8 685.1 -82.1
12:49:01.906 0.0 0.0 -7.0 684.8 -84.6
12:49:01.937 0.0 0.0 -7.3 694.4 -88.8
12:49:02.000 0.0 0.0 -7.5 694.0 -91.6
12:49:02.031 0.0 0.0 -7.5 694.0 -91.6
12:49:02.062 0.0 0.0 -7.7 693.6 -94.3
12:49:02.109 0.0 0.0 -8.0 693.2 -97.3
12:49:02.156 0.0 0.0 -8.2 692.8 -100.1
12:49:02.187 0.0 0.0 -8.4 702.3 -104.2
12:49:02.234 0.0 0.0 -8.7 701.9 -107.2
12:49:02.281 0.0 0.0 -8.9 701.4 -110.0
12:49:02.328 0.0 0.0 -9.2 710.8 -114.5
12:49:02.375 0.0 0.0 -9.4 710.4 -117.4
12:49:02.406 0.0 0.0 -9.4 710.4 -117.4
12:49:02.453 0.0 0.0 -9.6 719.7 -121.9
12:49:02.500 0.0 0.0 -9.8 719.3 -124.8
12:49:02.531 0.0 0.0 -10.1 718.7 -127.7
12:49:02.578 0.0 0.0 -10.3 718.2 -130.8
12:49:02.625 0.0 0.0 -10.5 717.7 -133.6
12:49:02.671 0.0 0.0 -10.8 717.1 -136.7
12:49:02.703 0.0 0.0 -11.0 736.2 -143.4
12:49:02.750 0.0 0.0 -11.3 735.6 -146.4
12:49:02.796 0.0 0.0 -11.3 735.6 -146.4
12:49:02.843 0.0 0.0 -11.5 735.0 -149.4
12:49:02.875 0.0 0.0 -11.7 734.4 -152.4
12:49:02.921 0.0 0.0 -12.0 733.7 -155.4
12:49:02.968 0.0 0.0 -12.2 733.1 -158.4
12:49:03.015 0.0 0.0 -12.4 742.2 -163.4
12:49:03.046 0.0 0.0 -12.7 741.5 -166.5
12:49:03.093 0.0 0.0 -12.9 750.6 -171.9
12:49:03.140 0.0 0.0 -13.1 749.9 -174.9
12:49:03.187 0.0 0.0 -13.4 749.1 -178.1
12:49:03.218 0.0 0.0 -13.4 797.8 -189.6
12:49:03.265 0.0 0.0 -13.6 855.3 -206.9
12:49:03.312 0.0 0.0 -13.8 854.5 -210.3
12:49:03.359 0.0 0.0 -14.1 1173.7 -294.1
