Тестовая информация 0. Исходные сенсорные данные: Time, X_rob, Y_rob, Ang_rob, X_obj, Y_obj (мм, град)
12:58:19.250 0.0 0.0 11.5 1019.0 207.9
12:58:19.281 0.0 0.0 11.3 863.0 172.3
12:58:19.328 0.0 0.0 11.1 863.6 168.9
12:58:19.375 0.0 0.0 10.8 815.2 155.9
12:58:19.421 0.0 0.0 10.8 805.4 154.0
12:58:19.468 0.0 0.0 10.6 806.1 150.4
12:58:19.500 0.0 0.0 10.3 797.0 144.7
12:58:19.546 0.0 0.0 10.1 777.9 137.9
12:58:19.593 0.0 0.0 9.8 778.4 134.7
12:58:19.640 0.0 0.0 9.6 749.4 126.6
12:58:19.671 0.0 0.0 9.6 739.5 125.0
12:58:19.703 0.0 0.0 9.3 749.9 123.5
12:58:19.750 0.0 0.0 9.1 740.5 118.9
12:58:19.796 0.0 0.0 8.9 711.4 111.3
12:58:19.843 0.0 0.0 8.7 711.8 108.3
12:58:19.875 0.0 0.0 8.4 712.2 105.4
12:58:19.921 0.0 0.0 8.2 692.9 99.6
12:58:19.968 0.0 0.0 8.0 693.3 96.8
12:58:20.015 0.0 0.0 8.0 693.3 96.8
12:58:20.046 0.0 0.0 7.7 683.8 92.6
12:58:20.093 0.0 0.0 7.5 684.1 89.9
12:58:20.140 0.0 0.0 7.2 674.6 85.7
12:58:20.171 0.0 0.0 7.0 665.0 81.9
12:58:20.218 0.0 0.0 6.8 665.3 79.1
12:58:20.265 0.0 0.0 6.5 655.7 75.2
12:58:20.312 0.0 0.0 6.3 646.1 71.5
12:58:20.359 0.0 0.0 6.1 646.3 68.8
12:58:20.406 0.0 0.0 5.8 636.7 65.2
12:58:20.437 0.0 0.0 5.8 636.7 65.2
12:58:20.484 0.0 0.0 5.6 636.9 62.6
12:58:20.515 0.0 0.0 5.4 617.3 58.1
12:58:20.562 0.0 0.0 5.1 617.5 55.6
12:58:20.609 0.0 0.0 4.9 617.7 53.0
12:58:20.656 0.0 0.0 4.7 617.9 50.6
12:58:20.687 0.0 0.0 4.4 618.1 47.9
12:58:20.734 0.0 0.0 4.2 618.3 45.5
12:58:20.781 0.0 0.0 4.0 618.5 43.0
12:58:20.828 0.0 0.0 4.0 618.5 43.0
12:58:20.875 0.0 0.0 3.7 618.7 40.5
12:58:20.906 0.0 0.0 3.5 618.9 37.6
12:58:20.953 0.0 0.0 3.3 619.0 35.3
12:58:21.000 0.0 0.0 3.0 619.1 32.7
12:58:21.031 0.0 0.0 2.8 619.3 30.3
12:58:21.078 0.0 0.0 2.6 619.4 27.7
12:58:21.125 0.0 0.0 2.3 629.5 25.7
12:58:21.156 0.0 0.0 2.1 629.6 23.0
12:58:21.203 0.0 0.0 2.1 629.6 23.0
12:58:21.250 0.0 0.0 1.9 629.7 20.5
12:58:21.296 0.0 0.0 1.6 629.7 18.0
12:58:21.343 0.0 0.0 1.4 629.8 15.4
12:58:21.375 0.0 0.0 1.2 639.9 13.0
12:58:21.421 0.0 0.0 0.9 639.9 10.4
12:58:21.468 0.0 0.0 0.7 640.0 7.8
12:58:21.500 0.0 0.0 0.5 640.0 5.2
12:58:21.546 0.0 0.0 0.2 640.0 2.4
12:58:21.593 0.0 0.0 0.0 640.0 0.0
12:58:21.640 0.0 0.0 0.0 640.0 0.0
12:58:21.671 0.0 0.0 -0.2 640.0 -2.7
12:58:21.718 0.0 0.0 -0.5 640.0 -5.3
12:58:21.765 0.0 0.0 -0.7 640.0 -7.9
12:58:21.812 0.0 0.0 -0.9 649.9 -10.6
12:58:21.843 0.0 0.0 -1.2 649.9 -13.3
12:58:21.890 0.0 0.0 -1.4 649.8 -16.0
12:58:21.937 0.0 0.0 -1.6 649.7 -18.5
12:58:21.984 0.0 0.0 -1.9 649.7 -21.2
12:58:22.015 0.0 0.0 -2.1 659.6 -24.2
12:58:22.078 0.0 0.0 -2.3 649.5 -26.5
12:58:22.109 0.0 0.0 -2.3 649.5 -26.5
12:58:22.156 0.0 0.0 -2.6 649.3 -29.2
12:58:22.203 0.0 0.0 -2.8 659.2 -32.3
12:58:22.234 0.0 0.0 -3.1 659.1 -35.3
12:58:22.281 0.0 0.0 -3.3 658.9 -37.7
12:58:22.328 0.0 0.0 -3.5 668.7 -41.0
12:58:22.375 0.0 0.0 -3.7 668.6 -43.7
12:58:22.406 0.0 0.0 -4.0 668.4 -46.4
12:58:22.468 0.0 0.0 -4.2 668.2 -49.1
12:58:22.500 0.0 0.0 -4.2 668.2 -49.1
12:58:22.546 0.0 0.0 -4.4 668.0 -51.9
12:58:22.578 0.0 0.0 -4.7 667.8 -54.6
12:58:22.625 0.0 0.0 -4.9 667.5 -57.4
12:58:22.656 0.0 0.0 -5.1 667.3 -60.1
12:58:22.703 0.0 0.0 -5.1 677.3 -61.0
12:58:22.750 0.0 0.0 -5.5 676.9 -64.6
12:58:22.781 0.0 0.0 -5.7 676.6 -67.4
12:58:22.828 0.0 0.0 -5.9 676.4 -70.4
12:58:22.875 0.0 0.0 -6.2 676.1 -73.0
12:58:22.921 0.0 0.0 -6.4 675.8 -75.8
12:58:22.953 0.0 0.0 -6.6 675.5 -78.5
12:58:23.000 0.0 0.0 -6.9 675.1 -81.2
12:58:23.031 0.0 0.0 -6.9 685.1 -82.4
12:58:23.078 0.0 0.0 -7.1 684.7 -85.3
12:58:23.109 0.0 0.0 -7.3 684.3 -88.2
12:58:23.156 0.0 0.0 -7.6 684.0 -91.0
12:58:23.203 0.0 0.0 -7.8 693.5 -95.0
12:58:23.234 0.0 0.0 -8.0 693.1 -97.9
12:58:23.281 0.0 0.0 -8.3 692.7 -100.8
12:58:23.312 0.0 0.0 -8.3 692.7 -100.8
12:58:23.359 0.0 0.0 -8.5 692.3 -103.5
12:58:23.406 0.0 0.0 -8.7 701.8 -107.9
12:58:23.437 0.0 0.0 -9.0 701.3 -110.7
12:58:23.484 0.0 0.0 -9.2 700.9 -113.5
12:58:23.515 0.0 0.0 -9.2 700.9 -113.5
12:58:23.562 0.0 0.0 -9.4 700.4 -116.4
12:58:23.609 0.0 0.0 -9.7 699.9 -119.2
12:58:23.656 0.0 0.0 -9.9 709.3 -123.8
12:58:23.687 0.0 0.0 -10.1 708.8 -126.7
12:58:23.734 0.0 0.0 -10.4 708.2 -129.6
12:58:23.781 0.0 0.0 -10.6 717.5 -134.4
12:58:23.828 0.0 0.0 -10.8 726.8 -139.2
12:58:23.859 0.0 0.0 -11.1 726.2 -142.0
12:58:23.906 0.0 0.0 -11.3 725.6 -145.2
12:58:23.953 0.0 0.0 -11.3 735.4 -147.2
12:58:24.000 0.0 0.0 -11.5 734.8 -150.0
12:58:24.031 0.0 0.0 -11.8 734.2 -153.1
12:58:24.078 0.0 0.0 -12.0 733.6 -156.0
12:58:24.125 0.0 0.0 -12.3 732.9 -159.2
12:58:24.171 0.0 0.0 -12.5 732.3 -162.0
12:58:24.203 0.0 0.0 -12.7 741.4 -167.2
12:58:24.250 0.0 0.0 -12.9 740.7 -170.2
12:58:24.296 0.0 0.0 -13.2 740.0 -173.2
12:58:24.343 0.0 0.0 -13.4 749.0 -178.7
12:58:24.375 0.0 0.0 -13.4 749.0 -178.7
12:58:24.406 0.0 0.0 -13.6 923.2 -224.1
12:58:24.453 0.0 0.0 -13.9 970.8 -239.8
12:58:24.484 0.0 0.0 -14.1 969.8 -243.8
