Тестовая информация 0. Исходные сенсорные данные: Time, X_rob, Y_rob, Ang_rob, X_obj, Y_obj (мм, град)
13:01:57.812 0.0 0.0 11.7 1116.4 231.0
13:01:57.859 0.0 0.0 11.5 989.9 200.7
13:01:57.890 0.0 0.0 11.2 990.7 196.4
13:01:57.937 0.0 0.0 11.2 833.8 165.3
13:01:58.000 0.0 0.0 10.8 815.4 154.9
13:01:58.031 0.0 0.0 10.8 815.4 154.9
13:01:58.062 0.0 0.0 10.5 786.6 146.0
13:01:58.109 0.0 0.0 10.3 767.4 139.4
13:01:58.156 0.0 0.0 10.1 768.0 136.2
13:01:58.203 0.0 0.0 9.8 758.7 131.4
13:01:58.234 0.0 0.0 9.6 759.3 128.2
13:01:58.281 0.0 0.0 9.3 759.8 125.0
13:01:58.328 0.0 0.0 9.3 740.0 121.8
13:01:58.375 0.0 0.0 9.1 730.6 117.3
13:01:58.421 0.0 0.0 8.9 731.1 114.3
13:01:58.453 0.0 0.0 8.7 711.8 108.3
13:01:58.500 0.0 0.0 8.4 712.3 105.3
13:01:58.531 0.0 0.0 8.2 712.7 102.5
13:01:58.578 0.0 0.0 8.0 703.2 98.2
13:01:58.625 0.0 0.0 7.7 693.7 93.6
13:01:58.671 0.0 0.0 7.5 694.0 91.2
13:01:58.703 0.0 0.0 7.5 674.2 88.6
13:01:58.734 0.0 0.0 7.3 664.6 84.6
13:01:58.796 0.0 0.0 7.0 665.0 81.8
13:01:58.828 0.0 0.0 6.8 655.4 77.8
13:01:58.859 0.0 0.0 6.5 645.8 74.0
13:01:58.906 0.0 0.0 6.3 646.1 71.4
13:01:58.953 0.0 0.0 6.1 636.4 67.7
13:01:59.000 0.0 0.0 5.9 636.7 65.2
13:01:59.046 0.0 0.0 5.9 636.7 65.2
13:01:59.078 0.0 0.0 5.6 627.0 61.6
13:01:59.125 0.0 0.0 5.4 617.3 58.1
13:01:59.171 0.0 0.0 5.1 617.5 55.6
13:01:59.218 0.0 0.0 4.9 617.7 53.1
13:01:59.250 0.0 0.0 4.7 617.9 50.5
13:01:59.296 0.0 0.0 4.4 618.1 48.0
13:01:59.343 0.0 0.0 4.2 618.3 45.5
13:01:59.390 0.0 0.0 4.0 618.5 43.0
13:01:59.437 0.0 0.0 3.7 618.7 40.2
13:01:59.468 0.0 0.0 3.7 618.7 40.2
13:01:59.515 0.0 0.0 3.5 618.8 37.9
13:01:59.562 0.0 0.0 3.3 619.0 35.4
13:01:59.609 0.0 0.0 3.0 619.1 32.8
13:01:59.640 0.0 0.0 2.7 619.3 29.4
13:01:59.687 0.0 0.0 2.5 629.4 27.4
13:01:59.734 0.0 0.0 2.3 629.5 24.8
13:01:59.781 0.0 0.0 2.3 629.5 24.8
13:01:59.812 0.0 0.0 2.0 629.6 22.2
13:01:59.859 0.0 0.0 1.8 629.7 19.6
13:01:59.906 0.0 0.0 1.6 629.8 17.1
13:01:59.953 0.0 0.0 1.3 639.8 14.8
13:02:00.000 0.0 0.0 1.1 639.9 12.0
13:02:00.031 0.0 0.0 0.8 639.9 8.8
13:02:00.078 0.0 0.0 0.8 639.9 8.8
13:02:00.125 0.0 0.0 0.5 640.0 5.9
13:02:00.171 0.0 0.0 0.3 640.0 3.5
13:02:00.203 0.0 0.0 0.1 640.0 0.8
13:02:00.250 0.0 0.0 -0.2 650.0 -2.0
13:02:00.296 0.0 0.0 -0.4 650.0 -4.5
13:02:00.343 0.0 0.0 -0.6 650.0 -7.1
13:02:00.375 0.0 0.0 -0.9 649.9 -9.8
13:02:00.421 0.0 0.0 -1.1 649.9 -12.5
13:02:00.468 0.0 0.0 -1.1 649.9 -12.5
13:02:00.500 0.0 0.0 -1.3 649.8 -15.0
13:02:00.546 0.0 0.0 -1.6 649.8 -17.7
13:02:00.593 0.0 0.0 -1.8 649.7 -20.3
13:02:00.640 0.0 0.0 -2.0 649.6 -23.1
13:02:00.687 0.0 0.0 -2.3 649.5 -25.7
13:02:00.734 0.0 0.0 -2.5 649.4 -28.4
13:02:00.765 0.0 0.0 -2.7 649.3 -31.0
13:02:00.828 0.0 0.0 -3.0 649.1 -33.6
13:02:00.859 0.0 0.0 -3.2 659.0 -36.9
13:02:00.890 0.0 0.0 -3.2 659.0 -36.9
13:02:00.937 0.0 0.0 -3.4 658.8 -39.6
13:02:00.984 0.0 0.0 -3.7 658.6 -42.2
13:02:01.031 0.0 0.0 -3.9 658.5 -44.9
13:02:01.062 0.0 0.0 -4.1 658.3 -47.6
13:02:01.109 0.0 0.0 -4.4 668.0 -51.2
13:02:01.156 0.0 0.0 -4.6 667.8 -53.8
13:02:01.203 0.0 0.0 -4.8 667.6 -56.5
13:02:01.234 0.0 0.0 -5.1 667.4 -59.2
13:02:01.281 0.0 0.0 -5.1 667.4 -59.2
13:02:01.328 0.0 0.0 -5.4 667.0 -62.9
13:02:01.359 0.0 0.0 -5.6 676.7 -66.7
13:02:01.406 0.0 0.0 -5.9 676.5 -69.3
13:02:01.453 0.0 0.0 -6.1 676.2 -72.2
13:02:01.515 0.0 0.0 -6.3 675.9 -74.8
13:02:01.562 0.0 0.0 -6.6 675.6 -77.6
13:02:01.593 0.0 0.0 -6.8 675.2 -80.3
13:02:01.640 0.0 0.0 -7.0 684.8 -84.3
13:02:01.687 0.0 0.0 -7.3 684.5 -87.2
13:02:01.734 0.0 0.0 -7.5 684.1 -89.8
13:02:01.781 0.0 0.0 -7.5 684.1 -89.8
13:02:01.812 0.0 0.0 -7.7 693.7 -94.0
13:02:01.875 0.0 0.0 -8.0 693.3 -96.9
13:02:01.906 0.0 0.0 -8.2 692.8 -100.2
13:02:01.937 0.0 0.0 -8.5 702.2 -104.9
13:02:01.984 0.0 0.0 -8.7 701.8 -107.8
13:02:02.031 0.0 0.0 -9.0 701.3 -110.7
13:02:02.078 0.0 0.0 -9.0 711.2 -112.3
13:02:02.109 0.0 0.0 -9.2 710.7 -115.3
13:02:02.156 0.0 0.0 -9.4 710.3 -118.0
13:02:02.203 0.0 0.0 -9.7 709.8 -120.9
13:02:02.250 0.0 0.0 -9.9 709.3 -123.8
13:02:02.296 0.0 0.0 -10.1 708.8 -126.7
13:02:02.328 0.0 0.0 -10.4 708.2 -129.7
13:02:02.375 0.0 0.0 -10.6 707.7 -132.6
13:02:02.421 0.0 0.0 -10.8 717.0 -137.4
13:02:02.468 0.0 0.0 -11.1 716.4 -140.1
13:02:02.500 0.0 0.0 -11.1 716.4 -140.1
13:02:02.546 0.0 0.0 -11.3 725.6 -145.1
13:02:02.593 0.0 0.0 -11.5 734.8 -150.1
13:02:02.640 0.0 0.0 -11.8 734.2 -153.2
13:02:02.671 0.0 0.0 -12.0 733.6 -156.0
13:02:02.718 0.0 0.0 -12.2 732.9 -159.0
13:02:02.765 0.0 0.0 -12.5 732.3 -162.1
13:02:02.812 0.0 0.0 -12.7 741.4 -167.2
13:02:02.859 0.0 0.0 -12.9 740.7 -170.2
13:02:02.890 0.0 0.0 -13.2 740.0 -173.3
13:02:02.937 0.0 0.0 -13.2 749.7 -175.6
13:02:02.984 0.0 0.0 -13.4 787.9 -187.8
13:02:03.015 0.0 0.0 -13.6 787.1 -191.1
13:02:03.062 0.0 0.0 -13.9 922.2 -228.0
13:02:03.093 0.0 0.0 -14.1 1037.7 -261.0
13:02:03.140 0.0 0.0 -14.3 1036.6 -265.1
