Тестовая информация 0. Исходные сенсорные данные: Time, X_rob, Y_rob, Ang_rob, X_obj, Y_obj (мм, град)
13:05:14.625 0.0 0.0 11.7 1047.8 217.0
13:05:14.656 0.0 0.0 11.4 970.4 195.8
13:05:14.703 0.0 0.0 11.2 971.3 191.5
13:05:14.734 0.0 0.0 10.9 972.1 187.5
13:05:14.781 0.0 0.0 10.9 834.6 161.0
13:05:14.828 0.0 0.0 10.7 835.3 157.5
13:05:14.875 0.0 0.0 10.5 796.6 147.0
13:05:14.921 0.0 0.0 10.2 767.6 138.4
13:05:14.953 0.0 0.0 10.0 768.2 135.3
13:05:15.015 0.0 0.0 9.7 758.9 130.3
13:05:15.046 0.0 0.0 9.5 749.5 125.7
13:05:15.093 0.0 0.0 9.3 750.1 122.5
13:05:15.125 0.0 0.0 9.1 740.6 118.1
13:05:15.171 0.0 0.0 8.8 721.4 111.9
13:05:15.218 0.0 0.0 8.6 721.8 109.0
13:05:15.265 0.0 0.0 8.6 721.8 109.0
13:05:15.296 0.0 0.0 8.3 712.4 104.5
13:05:15.343 0.0 0.0 8.1 712.8 101.7
13:05:15.390 0.0 0.0 7.9 693.4 96.0
13:05:15.437 0.0 0.0 7.6 693.8 93.1
13:05:15.468 0.0 0.0 7.4 694.2 90.3
13:05:15.515 0.0 0.0 7.2 674.7 85.0
13:05:15.562 0.0 0.0 6.9 675.0 82.2
13:05:15.625 0.0 0.0 6.7 675.3 79.5
13:05:15.656 0.0 0.0 6.5 655.8 74.5
13:05:15.687 0.0 0.0 6.5 655.8 74.5
13:05:15.718 0.0 0.0 6.2 656.1 71.7
13:05:15.765 0.0 0.0 6.0 646.4 68.1
13:05:15.812 0.0 0.0 5.8 636.7 64.4
13:05:15.843 0.0 0.0 5.5 637.0 61.8
13:05:15.890 0.0 0.0 5.5 627.1 60.9
13:05:15.921 0.0 0.0 5.3 627.3 58.2
13:05:15.968 0.0 0.0 5.1 627.5 55.7
13:05:16.015 0.0 0.0 4.8 617.8 52.2
13:05:16.062 0.0 0.0 4.6 618.0 49.8
13:05:16.093 0.0 0.0 4.4 618.2 47.3
13:05:16.140 0.0 0.0 4.1 618.4 44.7
13:05:16.187 0.0 0.0 3.9 618.6 42.2
13:05:16.234 0.0 0.0 3.7 618.7 39.8
13:05:16.265 0.0 0.0 3.4 618.9 37.1
13:05:16.312 0.0 0.0 3.4 618.9 37.1
13:05:16.343 0.0 0.0 3.2 619.0 34.6
13:05:16.390 0.0 0.0 3.0 629.2 32.6
13:05:16.437 0.0 0.0 2.7 629.3 30.0
13:05:16.484 0.0 0.0 2.5 629.4 27.5
13:05:16.515 0.0 0.0 2.3 629.5 24.9
13:05:16.562 0.0 0.0 2.0 629.6 22.4
13:05:16.609 0.0 0.0 2.0 629.6 22.4
13:05:16.656 0.0 0.0 1.8 629.7 19.7
13:05:16.687 0.0 0.0 1.6 629.8 17.2
13:05:16.734 0.0 0.0 1.3 639.8 14.8
13:05:16.781 0.0 0.0 1.1 639.9 12.2
13:05:16.828 0.0 0.0 0.9 639.9 9.7
13:05:16.875 0.0 0.0 0.6 640.0 7.0
13:05:16.906 0.0 0.0 0.4 640.0 4.5
13:05:16.953 0.0 0.0 0.2 640.0 1.7
13:05:17.000 0.0 0.0 -0.1 640.0 -0.9
13:05:17.046 0.0 0.0 -0.3 650.0 -3.7
13:05:17.078 0.0 0.0 -0.5 650.0 -6.2
13:05:17.125 0.0 0.0 -0.5 650.0 -6.2
13:05:17.171 0.0 0.0 -0.8 649.9 -8.8
13:05:17.218 0.0 0.0 -1.0 649.9 -11.5
13:05:17.250 0.0 0.0 -1.2 649.8 -14.2
13:05:17.296 0.0 0.0 -1.5 649.8 -16.7
13:05:17.343 0.0 0.0 -1.7 649.7 -19.3
13:05:17.390 0.0 0.0 -1.9 649.6 -22.0
13:05:17.421 0.0 0.0 -2.2 649.5 -24.7
13:05:17.484 0.0 0.0 -2.4 649.4 -27.5
13:05:17.515 0.0 0.0 -2.4 649.4 -27.5
13:05:17.562 0.0 0.0 -2.7 649.3 -30.1
13:05:17.609 0.0 0.0 -2.9 649.2 -32.7
13:05:17.640 0.0 0.0 -3.1 659.0 -35.9
13:05:17.687 0.0 0.0 -3.3 658.9 -38.5
13:05:17.734 0.0 0.0 -3.7 658.7 -42.1
13:05:17.765 0.0 0.0 -3.9 658.5 -44.7
13:05:17.812 0.0 0.0 -3.9 668.5 -45.4
13:05:17.859 0.0 0.0 -4.1 668.3 -48.3
13:05:17.906 0.0 0.0 -4.4 668.1 -51.0
13:05:17.937 0.0 0.0 -4.6 667.8 -53.7
13:05:17.984 0.0 0.0 -4.8 667.6 -56.5
13:05:18.031 0.0 0.0 -5.1 667.4 -59.1
13:05:18.078 0.0 0.0 -5.3 667.1 -61.9
13:05:18.109 0.0 0.0 -5.5 666.9 -64.5
13:05:18.156 0.0 0.0 -5.8 676.6 -68.2
13:05:18.203 0.0 0.0 -5.8 676.6 -68.2
13:05:18.250 0.0 0.0 -6.0 676.3 -71.0
13:05:18.281 0.0 0.0 -6.2 676.0 -73.9
13:05:18.328 0.0 0.0 -6.5 675.7 -76.6
13:05:18.375 0.0 0.0 -6.7 675.3 -79.6
13:05:18.421 0.0 0.0 -6.9 685.0 -83.2
13:05:18.468 0.0 0.0 -7.2 684.6 -86.1
13:05:18.500 0.0 0.0 -7.4 684.3 -88.8
13:05:18.546 0.0 0.0 -7.6 683.9 -91.8
13:05:18.593 0.0 0.0 -7.9 683.5 -94.5
13:05:18.625 0.0 0.0 -7.9 683.5 -94.5
13:05:18.687 0.0 0.0 -8.3 692.6 -101.5
13:05:18.718 0.0 0.0 -8.3 692.6 -101.5
13:05:18.765 0.0 0.0 -8.6 692.2 -104.3
13:05:18.812 0.0 0.0 -8.8 691.8 -107.1
13:05:18.859 0.0 0.0 -9.0 701.2 -111.6
13:05:18.890 0.0 0.0 -9.3 700.7 -114.5
13:05:18.937 0.0 0.0 -9.5 700.2 -117.3
13:05:18.984 0.0 0.0 -9.7 699.8 -120.0
13:05:19.015 0.0 0.0 -10.0 699.3 -123.1
13:05:19.062 0.0 0.0 -10.0 709.1 -124.8
13:05:19.109 0.0 0.0 -10.2 708.6 -127.5
13:05:19.156 0.0 0.0 -10.4 708.1 -130.4
13:05:19.203 0.0 0.0 -10.7 717.4 -135.3
13:05:19.234 0.0 0.0 -10.9 716.8 -138.3
13:05:19.281 0.0 0.0 -11.1 716.2 -141.1
13:05:19.328 0.0 0.0 -11.4 725.5 -145.9
13:05:19.375 0.0 0.0 -11.6 724.9 -148.9
13:05:19.406 0.0 0.0 -11.9 724.2 -152.0
13:05:19.453 0.0 0.0 -12.1 733.4 -156.9
13:05:19.500 0.0 0.0 -12.1 733.4 -156.9
13:05:19.531 0.0 0.0 -12.3 732.7 -160.0
13:05:19.578 0.0 0.0 -12.6 741.8 -165.2
13:05:19.625 0.0 0.0 -12.8 741.2 -168.1
13:05:19.671 0.0 0.0 -13.0 740.5 -171.2
13:05:19.718 0.0 0.0 -13.3 749.5 -176.6
13:05:19.750 0.0 0.0 -13.5 748.8 -179.4
13:05:19.796 0.0 0.0 -13.7 748.1 -182.5
13:05:19.843 0.0 0.0 -13.9 951.1 -236.2
13:05:19.890 0.0 0.0 -14.2 1124.6 -284.4
13:05:19.921 0.0 0.0 -14.4 1123.5 -288.7
