Тестовая информация 0. Исходные сенсорные данные: Time, X_rob, Y_rob, Ang_rob, X_obj, Y_obj (мм, град)
10:09:49.953 0.0 0.0 28.2 889.9 477.7
10:09:49.984 0.0 0.0 28.0 892.0 473.8
10:09:50.031 0.0 0.0 27.7 681.5 358.5
10:09:50.078 0.0 0.0 27.5 674.1 351.0
10:09:50.125 0.0 0.0 27.3 684.3 353.0
10:09:50.171 0.0 0.0 27.0 685.8 350.1
10:09:50.203 0.0 0.0 26.8 687.2 347.3
10:09:50.250 0.0 0.0 26.8 696.1 351.9
10:09:50.296 0.0 0.0 26.6 697.5 349.0
10:09:50.343 0.0 0.0 26.3 690.2 341.3
10:09:50.375 0.0 0.0 26.0 691.8 338.1
10:09:50.421 0.0 0.0 25.8 693.2 335.2
10:09:50.468 0.0 0.0 25.6 694.6 332.3
10:09:50.515 0.0 0.0 25.6 694.6 332.3
10:09:50.546 0.0 0.0 25.3 695.9 329.5
10:09:50.593 0.0 0.0 25.1 697.2 326.7
10:09:50.640 0.0 0.0 24.9 698.7 323.7
10:09:50.687 0.0 0.0 24.6 699.9 321.0
10:09:50.718 0.0 0.0 24.4 701.2 318.2
10:09:50.765 0.0 0.0 24.2 702.5 315.2
10:09:50.812 0.0 0.0 23.9 703.8 312.3
10:09:50.859 0.0 0.0 23.7 705.1 309.4
10:09:50.906 0.0 0.0 23.5 706.3 306.6
10:09:50.937 0.0 0.0 23.5 706.3 306.6
10:09:50.984 0.0 0.0 23.2 707.6 303.6
10:09:51.031 0.0 0.0 23.0 708.8 300.9
10:09:51.078 0.0 0.0 22.8 710.0 298.0
10:09:51.125 0.0 0.0 22.5 711.3 294.9
10:09:51.171 0.0 0.0 22.3 712.5 292.0
10:09:51.203 0.0 0.0 22.0 713.7 289.0
10:09:51.250 0.0 0.0 21.8 714.8 286.3
10:09:51.296 0.0 0.0 21.6 715.9 283.4
10:09:51.343 0.0 0.0 21.4 717.1 280.5
10:09:51.375 0.0 0.0 21.1 718.2 277.6
10:09:51.421 0.0 0.0 21.1 727.6 281.2
10:09:51.468 0.0 0.0 20.9 728.7 278.1
10:09:51.500 0.0 0.0 20.6 729.9 275.0
10:09:51.546 0.0 0.0 20.4 731.0 272.0
10:09:51.593 0.0 0.0 20.2 732.1 269.2
10:09:51.640 0.0 0.0 20.0 733.2 266.2
10:09:51.671 0.0 0.0 19.7 734.4 262.9
10:09:51.718 0.0 0.0 19.5 735.3 260.2
10:09:51.765 0.0 0.0 19.3 736.4 257.2
10:09:51.812 0.0 0.0 19.3 736.4 257.2
10:09:51.843 0.0 0.0 19.0 737.4 254.2
10:09:51.890 0.0 0.0 18.8 738.5 251.0
10:09:51.937 0.0 0.0 18.6 739.4 248.2
10:09:51.984 0.0 0.0 18.2 740.8 244.2
10:09:52.015 0.0 0.0 18.0 741.8 241.1
10:09:52.062 0.0 0.0 17.8 742.8 238.1
10:09:52.109 0.0 0.0 17.5 743.7 235.0
10:09:52.156 0.0 0.0 17.5 743.7 235.0
10:09:52.203 0.0 0.0 17.2 745.0 231.0
10:09:52.234 0.0 0.0 17.0 746.0 227.9
10:09:52.281 0.0 0.0 16.7 746.9 224.8
10:09:52.328 0.0 0.0 16.5 757.4 224.7
10:09:52.375 0.0 0.0 16.3 758.3 221.6
10:09:52.406 0.0 0.0 16.3 758.3 221.6
10:09:52.453 0.0 0.0 16.1 759.1 218.6
10:09:52.500 0.0 0.0 15.8 760.1 215.3
10:09:52.546 0.0 0.0 15.6 760.9 212.3
10:09:52.593 0.0 0.0 15.3 761.8 209.0
10:09:52.625 0.0 0.0 15.1 762.6 206.1
10:09:52.671 0.0 0.0 14.9 763.5 203.0
10:09:52.718 0.0 0.0 14.6 774.0 202.3
10:09:52.750 0.0 0.0 14.4 784.5 201.7
10:09:52.796 0.0 0.0 14.2 765.9 193.5
10:09:52.843 0.0 0.0 14.2 775.6 195.9
10:09:52.890 0.0 0.0 14.0 776.4 192.9
10:09:52.953 0.0 0.0 13.5 778.0 186.5
10:09:52.968 0.0 0.0 13.5 778.0 186.5
10:09:53.015 0.0 0.0 13.3 778.7 183.4
10:09:53.062 0.0 0.0 13.0 779.5 180.1
10:09:53.109 0.0 0.0 12.8 780.2 177.0
10:09:53.140 0.0 0.0 12.5 780.9 173.7
10:09:53.187 0.0 0.0 12.3 781.6 170.6
10:09:53.234 0.0 0.0 12.1 792.1 169.6
10:09:53.281 0.0 0.0 12.1 792.1 169.6
10:09:53.312 0.0 0.0 11.9 792.7 166.3
10:09:53.359 0.0 0.0 11.6 793.4 163.0
10:09:53.406 0.0 0.0 11.4 794.1 159.8
10:09:53.453 0.0 0.0 11.2 794.7 156.7
10:09:53.484 0.0 0.0 10.9 805.2 155.1
10:09:53.531 0.0 0.0 10.7 796.0 150.1
10:09:53.578 0.0 0.0 10.4 796.6 146.8
10:09:53.625 0.0 0.0 10.2 807.0 145.4
10:09:53.656 0.0 0.0 10.0 807.6 142.1
10:09:53.703 0.0 0.0 9.8 808.2 138.9
10:09:53.750 0.0 0.0 9.8 808.2 138.9
10:09:53.796 0.0 0.0 9.5 808.7 135.5
10:09:53.828 0.0 0.0 9.3 809.3 132.1
10:09:53.875 0.0 0.0 9.0 809.8 128.9
10:09:53.937 0.0 0.0 8.8 810.3 125.5
10:09:53.968 0.0 0.0 8.6 810.8 122.2
10:09:54.015 0.0 0.0 8.3 821.2 120.4
10:09:54.046 0.0 0.0 8.1 811.8 115.7
10:09:54.093 0.0 0.0 7.9 812.3 112.2
10:09:54.140 0.0 0.0 7.6 812.7 108.9
10:09:54.187 0.0 0.0 7.6 812.7 108.9
10:09:54.218 0.0 0.0 7.4 813.2 105.7
10:09:54.265 0.0 0.0 7.2 823.5 103.6
10:09:54.312 0.0 0.0 6.9 823.9 100.3
10:09:54.359 0.0 0.0 6.7 824.3 96.8
10:09:54.390 0.0 0.0 6.5 834.6 94.7
10:09:54.437 0.0 0.0 6.2 835.0 91.2
10:09:54.484 0.0 0.0 6.0 835.4 87.8
10:09:54.531 0.0 0.0 5.8 835.8 84.4
10:09:54.562 0.0 0.0 5.8 835.8 84.4
10:09:54.609 0.0 0.0 5.5 836.1 80.8
10:09:54.656 0.0 0.0 5.3 836.4 77.5
10:09:54.703 0.0 0.0 5.1 836.7 74.1
10:09:54.750 0.0 0.0 4.8 837.0 70.7
10:09:54.781 0.0 0.0 4.6 837.3 67.3
10:09:54.828 0.0 0.0 4.4 837.6 63.9
10:09:54.875 0.0 0.0 4.1 837.8 60.5
10:09:54.921 0.0 0.0 3.9 838.1 57.1
10:09:54.953 0.0 0.0 3.7 838.3 53.6
10:09:55.000 0.0 0.0 3.4 838.5 50.1
10:09:55.046 0.0 0.0 3.4 838.5 50.1
10:09:55.093 0.0 0.0 3.2 838.7 46.7
10:09:55.140 0.0 0.0 3.0 838.9 43.3
10:09:55.171 0.0 0.0 2.7 859.0 41.0
10:09:55.218 0.0 0.0 2.4 859.2 36.3
10:09:55.265 0.0 0.0 2.2 859.4 32.6
10:09:55.312 0.0 0.0 1.9 869.5 29.6
10:09:55.343 0.0 0.0 1.9 869.5 29.6
10:09:55.390 0.0 0.0 1.7 869.6 26.0
10:09:55.437 0.0 0.0 1.5 869.7 22.3
10:09:55.484 0.0 0.0 1.2 869.8 18.8
10:09:55.515 0.0 0.0 1.0 869.9 15.4
10:09:55.562 0.0 0.0 0.8 869.9 11.8
10:09:55.609 0.0 0.0 0.5 870.0 7.6
10:09:55.656 0.0 0.0 0.3 860.0 4.7
10:09:55.687 0.0 0.0 0.3 860.0 4.7
10:09:55.734 0.0 0.0 0.1 830.0 1.1
10:09:55.781 0.0 0.0 -0.2 800.0 -2.1
10:09:55.812 0.0 0.0 -0.5 800.0 -6.4
10:09:55.859 0.0 0.0 -0.7 789.9 -9.7
10:09:55.906 0.0 0.0 -0.9 779.9 -12.9
10:09:55.937 0.0 0.0 -1.2 779.8 -16.0
10:09:55.984 0.0 0.0 -1.2 759.8 -15.6
10:09:56.031 0.0 0.0 -1.4 759.8 -19.0
10:09:56.078 0.0 0.0 -1.6 759.7 -21.8
10:09:56.109 0.0 0.0 -1.9 739.6 -24.1
10:09:56.140 0.0 0.0 -1.9 739.6 -24.1
10:09:56.171 0.0 0.0 -2.1 739.5 -27.2
10:09:56.218 0.0 0.0 -2.3 749.4 -30.6
10:09:56.265 0.0 0.0 -2.7 739.2 -34.3
10:09:56.296 0.0 0.0 -2.9 739.1 -37.3
10:09:56.343 0.0 0.0 -3.1 738.9 -40.4
10:09:56.390 0.0 0.0 -3.1 728.9 -39.9
10:09:56.437 0.0 0.0 -3.5 728.7 -44.1
10:09:56.468 0.0 0.0 -3.7 718.5 -46.1
10:09:56.515 0.0 0.0 -3.9 718.3 -49.1
10:09:56.562 0.0 0.0 -4.1 718.1 -51.9
10:09:56.609 0.0 0.0 -4.1 698.2 -50.4
10:09:56.640 0.0 0.0 -4.4 687.9 -53.2
10:09:56.687 0.0 0.0 -4.7 687.7 -56.3
10:09:56.734 0.0 0.0 -4.9 677.5 -58.3
10:09:56.781 0.0 0.0 -5.1 677.3 -61.0
10:09:56.828 0.0 0.0 -5.4 677.0 -63.9
10:09:56.859 0.0 0.0 -5.6 666.8 -65.7
10:09:56.906 0.0 0.0 -5.9 666.5 -68.3
10:09:56.953 0.0 0.0 -6.1 666.2 -71.1
10:09:57.000 0.0 0.0 -6.3 665.9 -74.0
10:09:57.031 0.0 0.0 -6.3 656.0 -72.9
10:09:57.062 0.0 0.0 -6.6 655.7 -75.4
10:09:57.109 0.0 0.0 -6.8 645.5 -76.7
10:09:57.140 0.0 0.0 -6.8 635.5 -75.5
10:09:57.187 0.0 0.0 -7.0 635.2 -78.3
10:09:57.218 0.0 0.0 -7.3 634.9 -80.9
10:09:57.265 0.0 0.0 -7.5 634.5 -83.5
10:09:57.312 0.0 0.0 -7.7 634.2 -86.0
10:09:57.343 0.0 0.0 -8.0 623.9 -87.2
10:09:57.390 0.0 0.0 -8.2 623.6 -89.7
10:09:57.437 0.0 0.0 -8.4 623.2 -92.2
10:09:57.484 0.0 0.0 -8.7 622.8 -94.8
10:09:57.515 0.0 0.0 -8.7 622.8 -94.8
10:09:57.562 0.0 0.0 -8.9 622.4 -97.3
10:09:57.609 0.0 0.0 -9.1 631.9 -101.5
10:09:57.656 0.0 0.0 -9.4 631.5 -104.1
10:09:57.687 0.0 0.0 -9.6 631.0 -106.7
10:09:57.734 0.0 0.0 -9.8 640.5 -111.0
10:09:57.812 0.0 0.0 -10.1 640.0 -113.5
10:09:57.828 0.0 0.0 -10.1 640.0 -113.5
10:09:57.875 0.0 0.0 -10.3 649.3 -118.6
10:09:57.906 0.0 0.0 -10.6 648.7 -121.6
10:09:57.937 0.0 0.0 -10.8 648.2 -124.1
10:09:58.000 0.0 0.0 -11.1 647.7 -126.6
10:09:58.015 0.0 0.0 -11.3 647.2 -129.4
10:09:58.062 0.0 0.0 -11.5 666.3 -136.0
10:09:58.109 0.0 0.0 -11.5 666.3 -136.0
10:09:58.156 0.0 0.0 -11.8 665.7 -138.8
10:09:58.203 0.0 0.0 -12.0 665.1 -141.5
10:09:58.234 0.0 0.0 -12.2 684.1 -148.4
10:09:58.281 0.0 0.0 -12.5 683.4 -151.5
10:09:58.328 0.0 0.0 -12.7 692.6 -156.1
10:09:58.375 0.0 0.0 -12.9 692.0 -159.1
10:09:58.406 0.0 0.0 -13.2 691.3 -161.8
10:09:58.453 0.0 0.0 -13.4 690.6 -164.8
10:09:58.500 0.0 0.0 -13.6 709.4 -172.2
10:09:58.546 0.0 0.0 -13.6 709.4 -172.2
10:09:58.593 0.0 0.0 -13.9 728.1 -179.9
10:09:58.625 0.0 0.0 -14.1 737.0 -185.4
10:09:58.671 0.0 0.0 -14.4 736.3 -188.4
10:09:58.718 0.0 0.0 -14.6 754.9 -196.3
10:09:58.765 0.0 0.0 -14.8 763.7 -202.1
10:09:58.781 0.0 0.0 -14.8 763.7 -202.1
10:09:58.828 0.0 0.0 -15.0 762.9 -205.1
10:09:58.859 0.0 0.0 -15.3 762.1 -208.2
10:09:58.906 0.0 0.0 -15.5 761.2 -211.4
10:09:58.953 0.0 0.0 -15.8 760.3 -214.5
10:09:58.984 0.0 0.0 -16.0 778.7 -223.0
10:09:59.031 0.0 0.0 -16.2 768.1 -223.5
10:09:59.078 0.0 0.0 -16.4 776.9 -229.3
10:09:59.125 0.0 0.0 -16.7 775.8 -232.7
10:09:59.171 0.0 0.0 -16.7 775.8 -232.7
10:09:59.203 0.0 0.0 -16.9 774.9 -235.8
10:09:59.250 0.0 0.0 -17.2 802.6 -247.8
10:09:59.296 0.0 0.0 -17.4 792.0 -248.1
10:09:59.343 0.0 0.0 -17.6 800.6 -254.3
10:09:59.375 0.0 0.0 -17.9 799.5 -257.7
10:09:59.421 0.0 0.0 -18.1 788.9 -257.9
10:09:59.468 0.0 0.0 -18.3 787.9 -261.0
10:09:59.515 0.0 0.0 -18.5 786.9 -264.0
10:09:59.546 0.0 0.0 -18.8 785.8 -267.3
10:09:59.593 0.0 0.0 -18.8 785.8 -267.3
10:09:59.640 0.0 0.0 -19.0 775.2 -267.2
10:09:59.687 0.0 0.0 -19.3 774.1 -270.4
10:09:59.718 0.0 0.0 -19.5 773.0 -273.6
10:09:59.765 0.0 0.0 -19.7 771.9 -276.8
10:09:59.812 0.0 0.0 -20.0 770.7 -280.0
10:09:59.859 0.0 0.0 -20.2 769.6 -283.2
10:09:59.906 0.0 0.0 -20.4 759.1 -282.7
10:09:59.937 0.0 0.0 -20.7 757.9 -285.8
10:09:59.984 0.0 0.0 -20.9 766.0 -292.6
10:10:00.046 0.0 0.0 -21.1 755.5 -292.0
10:10:00.062 0.0 0.0 -21.1 755.5 -292.0
10:10:00.109 0.0 0.0 -21.4 763.6 -298.8
10:10:00.156 0.0 0.0 -21.6 753.1 -298.2
10:10:00.203 0.0 0.0 -21.8 751.9 -301.2
10:10:00.250 0.0 0.0 -22.1 750.7 -304.3
10:10:00.281 0.0 0.0 -22.3 749.4 -307.5
10:10:00.328 0.0 0.0 -22.5 748.1 -310.5
10:10:00.375 0.0 0.0 -22.8 746.9 -313.4
10:10:00.421 0.0 0.0 -23.0 745.6 -316.5
10:10:00.453 0.0 0.0 -23.0 745.6 -316.5
10:10:00.500 0.0 0.0 -23.3 744.0 -320.3
10:10:00.546 0.0 0.0 -23.5 724.3 -315.5
10:10:00.593 0.0 0.0 -23.8 723.0 -318.5
10:10:00.656 0.0 0.0 -24.0 730.8 -325.5
10:10:00.671 0.0 0.0 -24.3 720.1 -324.8
10:10:00.718 0.0 0.0 -24.5 719.0 -327.4
10:10:00.765 0.0 0.0 -24.5 719.0 -327.4
10:10:00.812 0.0 0.0 -24.7 717.6 -330.3
10:10:00.859 0.0 0.0 -25.0 716.3 -333.2
10:10:00.890 0.0 0.0 -25.2 714.8 -336.3
10:10:00.937 0.0 0.0 -25.4 713.5 -339.2
10:10:00.968 0.0 0.0 -25.7 712.1 -342.1
10:10:01.015 0.0 0.0 -25.9 710.7 -345.0
10:10:01.078 0.0 0.0 -26.1 709.4 -347.7
10:10:01.093 0.0 0.0 -26.1 700.4 -343.3
10:10:01.140 0.0 0.0 -26.3 707.9 -350.6
10:10:01.187 0.0 0.0 -26.6 697.5 -349.2
10:10:01.234 0.0 0.0 -26.8 696.0 -352.0
10:10:01.265 0.0 0.0 -27.1 694.6 -354.8
10:10:01.312 0.0 0.0 -27.4 692.7 -358.5
10:10:01.359 0.0 0.0 -27.6 691.3 -361.3
10:10:01.406 0.0 0.0 -27.6 691.3 -361.3
10:10:01.437 0.0 0.0 -27.8 689.7 -364.2
10:10:01.484 0.0 0.0 -28.1 688.3 -367.0
10:10:01.531 0.0 0.0 -28.3 686.8 -369.7
10:10:01.546 0.0 0.0 -28.5 685.3 -372.6
10:10:01.593 0.0 0.0 -28.8 683.7 -375.4
10:10:01.625 0.0 0.0 -28.8 683.7 -375.4
10:10:01.671 0.0 0.0 -29.0 682.2 -378.2
10:10:01.718 0.0 0.0 -29.2 680.6 -381.0
10:10:01.765 0.0 0.0 -29.5 679.0 -383.8
10:10:01.812 0.0 0.0 -29.7 677.5 -386.6
10:10:01.859 0.0 0.0 -29.9 675.9 -389.3
10:10:01.890 0.0 0.0 -30.2 674.3 -392.1
10:10:01.937 0.0 0.0 -30.4 672.7 -394.8
10:10:01.984 0.0 0.0 -30.4 672.7 -394.8
10:10:02.015 0.0 0.0 -30.6 671.1 -397.5
10:10:02.062 0.0 0.0 -30.9 660.9 -395.1
10:10:02.109 0.0 0.0 -31.1 659.2 -397.9
10:10:02.140 0.0 0.0 -31.3 657.6 -400.5
10:10:02.187 0.0 0.0 -31.6 656.0 -403.2
10:10:02.234 0.0 0.0 -31.8 654.3 -405.9
10:10:02.281 0.0 0.0 -32.1 652.6 -408.7
10:10:02.312 0.0 0.0 -32.3 651.0 -411.3
10:10:02.359 0.0 0.0 -32.5 649.3 -413.9
10:10:02.406 0.0 0.0 -32.5 649.3 -413.9
10:10:02.453 0.0 0.0 -32.7 647.7 -416.4
10:10:02.500 0.0 0.0 -33.0 645.9 -419.2
10:10:02.531 0.0 0.0 -33.2 644.1 -422.0
10:10:02.578 0.0 0.0 -33.5 642.5 -424.4
10:10:02.625 0.0 0.0 -33.7 640.7 -427.0
10:10:02.671 0.0 0.0 -33.9 639.0 -429.6
10:10:02.703 0.0 0.0 -34.2 637.2 -432.3
10:10:02.750 0.0 0.0 -34.2 628.9 -426.7
10:10:02.781 0.0 0.0 -34.4 627.2 -429.2
10:10:02.828 0.0 0.0 -34.6 633.6 -437.5
10:10:02.875 0.0 0.0 -34.9 623.6 -434.4
10:10:02.921 0.0 0.0 -35.1 622.0 -436.7
10:10:02.953 0.0 0.0 -35.3 628.3 -445.1
10:10:03.000 0.0 0.0 -35.6 626.4 -447.8
10:10:03.046 0.0 0.0 -35.8 624.6 -450.3
10:10:03.078 0.0 0.0 -36.0 622.8 -452.8
10:10:03.125 0.0 0.0 -36.3 620.8 -455.5
10:10:03.171 0.0 0.0 -36.3 620.8 -455.5
10:10:03.218 0.0 0.0 -36.5 619.0 -458.0
10:10:03.265 0.0 0.0 -36.7 617.2 -460.4
10:10:03.312 0.0 0.0 -37.0 615.3 -462.9
10:10:03.343 0.0 0.0 -37.2 613.3 -465.6
10:10:03.390 0.0 0.0 -37.4 611.5 -467.9
10:10:03.437 0.0 0.0 -37.7 609.6 -470.4
10:10:03.468 0.0 0.0 -37.9 607.7 -472.9
10:10:03.515 0.0 0.0 -37.9 607.7 -472.9
10:10:03.546 0.0 0.0 -38.1 629.3 -493.9
10:10:03.578 0.0 0.0 -38.4 666.5 -527.5
10:10:03.625 0.0 0.0 -38.6 664.3 -530.3
10:10:03.671 0.0 0.0 -38.8 771.2 -620.8
10:10:03.718 0.0 0.0 -39.1 792.0 -642.7
10:10:03.750 0.0 0.0 -39.3 789.4 -646.0
