Тестовая информация 0. Исходные сенсорные данные: Time, X_rob, Y_rob, Ang_rob, X_obj, Y_obj (мм, град)
16:13:36.343 0.0 0.0 11.0 952.3 184.5
16:13:36.390 0.0 0.0 10.7 874.4 165.7
16:13:36.437 0.0 0.0 10.5 875.1 162.1
16:13:36.468 0.0 0.0 10.3 806.9 146.2
16:13:36.515 0.0 0.0 10.3 787.2 142.6
16:13:36.562 0.0 0.0 10.0 787.8 139.2
16:13:36.593 0.0 0.0 9.8 758.8 131.0
16:13:36.640 0.0 0.0 9.6 749.4 126.2
16:13:36.687 0.0 0.0 9.3 750.0 123.1
16:13:36.734 0.0 0.0 9.1 750.4 120.2
16:13:36.781 0.0 0.0 8.9 741.0 115.6
16:13:36.812 0.0 0.0 8.6 741.5 112.5
16:13:36.859 0.0 0.0 8.4 722.2 106.5
16:13:36.906 0.0 0.0 8.2 712.7 102.2
16:13:36.953 0.0 0.0 8.2 712.7 102.2
16:13:36.984 0.0 0.0 7.9 703.2 97.9
16:13:37.031 0.0 0.0 7.7 693.7 93.7
16:13:37.078 0.0 0.0 7.4 694.1 90.7
16:13:37.125 0.0 0.0 7.2 684.5 86.9
16:13:37.171 0.0 0.0 7.0 674.9 82.9
16:13:37.203 0.0 0.0 6.8 675.3 80.0
16:13:37.250 0.0 0.0 6.5 665.7 75.9
16:13:37.296 0.0 0.0 6.3 666.0 73.4
16:13:37.328 0.0 0.0 6.1 666.3 70.6
16:13:37.375 0.0 0.0 6.1 646.4 68.5
16:13:37.421 0.0 0.0 5.8 646.7 65.9
16:13:37.468 0.0 0.0 5.6 646.9 63.2
16:13:37.500 0.0 0.0 5.4 627.2 58.8
16:13:37.546 0.0 0.0 5.1 627.5 56.2
16:13:37.593 0.0 0.0 4.9 627.7 53.7
16:13:37.640 0.0 0.0 4.6 618.0 50.2
16:13:37.671 0.0 0.0 4.4 618.2 47.7
16:13:37.718 0.0 0.0 4.2 618.3 45.3
16:13:37.765 0.0 0.0 4.0 618.5 42.8
16:13:37.812 0.0 0.0 3.7 618.7 40.3
16:13:37.859 0.0 0.0 3.7 628.7 40.9
16:13:37.906 0.0 0.0 3.5 628.9 38.0
16:13:37.937 0.0 0.0 3.3 629.0 35.7
16:13:37.984 0.0 0.0 3.0 629.1 33.1
16:13:38.031 0.0 0.0 2.8 629.3 30.6
16:13:38.062 0.0 0.0 2.5 629.4 28.0
16:13:38.109 0.0 0.0 2.3 629.5 25.5
16:13:38.156 0.0 0.0 2.1 639.6 23.3
16:13:38.203 0.0 0.0 1.8 639.7 20.6
16:13:38.250 0.0 0.0 1.6 639.7 17.9
16:13:38.281 0.0 0.0 1.6 639.7 17.9
16:13:38.328 0.0 0.0 1.4 639.8 15.4
16:13:38.375 0.0 0.0 1.1 639.9 12.7
16:13:38.421 0.0 0.0 0.9 639.9 10.2
16:13:38.453 0.0 0.0 0.7 640.0 7.5
16:13:38.500 0.0 0.0 0.4 640.0 5.0
16:13:38.546 0.0 0.0 0.2 640.0 2.3
16:13:38.593 0.0 0.0 0.0 640.0 -0.2
16:13:38.640 0.0 0.0 -0.3 650.0 -2.9
16:13:38.671 0.0 0.0 -0.5 650.0 -5.6
16:13:38.718 0.0 0.0 -0.5 650.0 -5.6
16:13:38.765 0.0 0.0 -0.7 649.9 -8.2
16:13:38.796 0.0 0.0 -1.0 649.9 -10.9
16:13:38.843 0.0 0.0 -1.2 649.9 -13.6
16:13:38.890 0.0 0.0 -1.4 649.8 -16.2
16:13:38.937 0.0 0.0 -1.7 649.7 -18.9
16:13:38.968 0.0 0.0 -1.9 649.6 -21.6
16:13:39.015 0.0 0.0 -2.1 649.6 -24.1
16:13:39.062 0.0 0.0 -2.1 659.5 -24.5
16:13:39.109 0.0 0.0 -2.4 659.4 -27.6
16:13:39.156 0.0 0.0 -2.7 659.3 -30.9
16:13:39.187 0.0 0.0 -2.9 659.1 -33.5
16:13:39.250 0.0 0.0 -3.1 659.0 -36.2
16:13:39.281 0.0 0.0 -3.4 658.8 -39.2
16:13:39.328 0.0 0.0 -3.6 658.7 -41.6
16:13:39.359 0.0 0.0 -3.8 658.5 -44.3
16:13:39.406 0.0 0.0 -4.1 668.3 -47.7
16:13:39.453 0.0 0.0 -4.1 668.3 -47.7
16:13:39.484 0.0 0.0 -4.3 668.1 -50.5
16:13:39.531 0.0 0.0 -4.5 677.9 -53.9
16:13:39.578 0.0 0.0 -4.8 677.6 -56.7
16:13:39.625 0.0 0.0 -5.0 677.4 -59.5
16:13:39.656 0.0 0.0 -5.2 677.1 -62.2
16:13:39.703 0.0 0.0 -5.5 676.9 -64.9
16:13:39.750 0.0 0.0 -5.7 676.6 -67.8
16:13:39.796 0.0 0.0 -5.9 676.3 -70.5
16:13:39.843 0.0 0.0 -6.2 676.0 -73.3
16:13:39.875 0.0 0.0 -6.2 676.0 -73.3
16:13:39.921 0.0 0.0 -6.4 685.7 -77.2
16:13:39.968 0.0 0.0 -6.7 685.3 -80.0
16:13:40.015 0.0 0.0 -6.9 685.0 -82.8
16:13:40.046 0.0 0.0 -7.1 694.6 -86.7
16:13:40.093 0.0 0.0 -7.3 694.2 -89.5
16:13:40.140 0.0 0.0 -7.6 693.9 -92.5
16:13:40.187 0.0 0.0 -7.8 693.5 -95.3
16:13:40.218 0.0 0.0 -8.0 693.1 -98.0
16:13:40.265 0.0 0.0 -8.3 692.7 -100.9
16:13:40.312 0.0 0.0 -8.3 702.6 -102.3
16:13:40.359 0.0 0.0 -8.5 702.2 -105.2
16:13:40.406 0.0 0.0 -8.8 701.7 -108.1
16:13:40.437 0.0 0.0 -9.0 711.2 -112.4
16:13:40.484 0.0 0.0 -9.2 710.7 -115.5
16:13:40.531 0.0 0.0 -9.5 710.2 -118.5
16:13:40.562 0.0 0.0 -9.7 709.7 -121.2
16:13:40.609 0.0 0.0 -9.9 719.1 -125.8
16:13:40.656 0.0 0.0 -10.2 718.6 -128.7
16:13:40.703 0.0 0.0 -10.4 718.0 -131.7
16:13:40.734 0.0 0.0 -10.4 727.8 -133.5
16:13:40.781 0.0 0.0 -10.6 717.5 -134.7
16:13:40.828 0.0 0.0 -10.9 716.9 -137.6
16:13:40.875 0.0 0.0 -11.1 726.2 -142.5
16:13:40.921 0.0 0.0 -11.3 725.6 -145.3
16:13:40.953 0.0 0.0 -11.6 734.8 -150.3
16:13:41.000 0.0 0.0 -11.8 734.2 -153.3
16:13:41.046 0.0 0.0 -12.0 733.5 -156.3
16:13:41.109 0.0 0.0 -12.3 732.9 -159.3
16:13:41.125 0.0 0.0 -12.3 732.9 -159.3
16:13:41.171 0.0 0.0 -12.5 732.2 -162.4
16:13:41.218 0.0 0.0 -12.7 741.3 -167.4
16:13:41.265 0.0 0.0 -13.0 740.6 -170.4
16:13:41.296 0.0 0.0 -13.2 739.9 -173.4
16:13:41.343 0.0 0.0 -13.4 748.9 -179.0
16:13:41.390 0.0 0.0 -13.7 748.2 -182.0
16:13:41.437 0.0 0.0 -13.9 747.5 -184.9
16:13:41.484 0.0 0.0 -14.1 824.3 -207.6
