Тестовая информация 0. Исходные сенсорные данные: Time, X_rob, Y_rob, Ang_rob, X_obj, Y_obj (мм, град)
16:20:26.812 0.0 0.0 11.3 1098.4 219.0
16:20:26.859 0.0 0.0 11.3 1098.4 219.0
16:20:26.890 0.0 0.0 11.0 863.7 168.5
16:20:26.937 0.0 0.0 10.8 825.1 157.6
16:20:26.984 0.0 0.0 10.6 825.7 154.3
16:20:27.031 0.0 0.0 10.3 796.8 145.5
16:20:27.078 0.0 0.0 10.1 758.1 135.1
16:20:27.109 0.0 0.0 9.9 758.6 132.0
16:20:27.156 0.0 0.0 9.6 759.1 128.8
16:20:27.203 0.0 0.0 9.6 749.3 127.1
16:20:27.250 0.0 0.0 9.3 750.0 123.0
16:20:27.281 0.0 0.0 9.1 750.5 120.0
16:20:27.328 0.0 0.0 8.9 741.1 115.5
16:20:27.375 0.0 0.0 8.6 741.5 112.6
16:20:27.421 0.0 0.0 8.4 742.0 109.3
16:20:27.453 0.0 0.0 8.2 712.7 102.1
16:20:27.500 0.0 0.0 7.9 713.1 99.4
16:20:27.546 0.0 0.0 7.9 703.2 98.0
16:20:27.593 0.0 0.0 7.7 683.8 92.3
16:20:27.625 0.0 0.0 7.4 684.2 89.4
16:20:27.671 0.0 0.0 7.2 684.5 86.7
16:20:27.718 0.0 0.0 7.0 675.0 82.6
16:20:27.765 0.0 0.0 6.7 675.3 79.9
16:20:27.796 0.0 0.0 6.5 665.7 76.1
16:20:27.843 0.0 0.0 6.3 666.0 73.4
16:20:27.875 0.0 0.0 6.1 666.3 70.7
16:20:27.921 0.0 0.0 6.1 646.4 68.6
16:20:27.968 0.0 0.0 5.8 646.7 65.9
16:20:28.000 0.0 0.0 5.6 646.9 63.2
16:20:28.046 0.0 0.0 5.3 637.2 59.7
16:20:28.093 0.0 0.0 5.1 627.5 56.2
16:20:28.140 0.0 0.0 4.9 627.7 53.6
16:20:28.187 0.0 0.0 4.6 618.0 50.2
16:20:28.218 0.0 0.0 4.4 618.2 47.7
16:20:28.265 0.0 0.0 4.4 618.2 47.7
16:20:28.312 0.0 0.0 4.2 618.3 45.3
16:20:28.343 0.0 0.0 4.0 618.5 42.7
16:20:28.390 0.0 0.0 3.7 618.7 40.1
16:20:28.437 0.0 0.0 3.5 618.9 37.6
16:20:28.468 0.0 0.0 3.2 619.0 35.1
16:20:28.515 0.0 0.0 3.0 629.1 33.1
16:20:28.562 0.0 0.0 2.8 629.3 30.5
16:20:28.609 0.0 0.0 2.5 629.4 27.9
16:20:28.656 0.0 0.0 2.3 629.5 25.4
16:20:28.687 0.0 0.0 2.3 629.5 25.4
16:20:28.734 0.0 0.0 2.1 629.6 22.9
16:20:28.781 0.0 0.0 1.8 639.7 20.5
16:20:28.828 0.0 0.0 1.6 639.8 17.7
16:20:28.859 0.0 0.0 1.3 639.8 14.4
16:20:28.906 0.0 0.0 1.1 639.9 11.9
16:20:28.953 0.0 0.0 0.8 639.9 9.2
16:20:29.000 0.0 0.0 0.6 640.0 6.6
16:20:29.031 0.0 0.0 0.6 640.0 6.6
16:20:29.078 0.0 0.0 0.4 650.0 4.1
16:20:29.125 0.0 0.0 0.1 650.0 1.4
16:20:29.156 0.0 0.0 -0.1 650.0 -1.2
16:20:29.203 0.0 0.0 -0.3 650.0 -3.9
16:20:29.250 0.0 0.0 -0.6 650.0 -6.4
16:20:29.296 0.0 0.0 -0.8 649.9 -9.2
16:20:29.312 0.0 0.0 -0.8 649.9 -9.2
16:20:29.359 0.0 0.0 -1.0 649.9 -11.8
16:20:29.390 0.0 0.0 -1.3 649.8 -14.4
16:20:29.437 0.0 0.0 -1.5 649.8 -17.1
16:20:29.484 0.0 0.0 -1.7 649.7 -19.7
16:20:29.515 0.0 0.0 -1.7 649.7 -19.7
16:20:29.562 0.0 0.0 -2.0 649.6 -22.4
16:20:29.609 0.0 0.0 -2.2 649.5 -25.0
16:20:29.656 0.0 0.0 -2.4 659.4 -28.1
16:20:29.687 0.0 0.0 -2.7 659.3 -30.8
16:20:29.734 0.0 0.0 -2.9 659.1 -33.5
16:20:29.781 0.0 0.0 -3.1 659.0 -36.3
16:20:29.843 0.0 0.0 -3.4 658.9 -38.9
16:20:29.859 0.0 0.0 -3.6 658.7 -41.6
16:20:29.906 0.0 0.0 -3.8 668.5 -44.9
16:20:29.953 0.0 0.0 -3.8 668.5 -44.9
16:20:30.000 0.0 0.0 -4.1 668.3 -47.6
16:20:30.031 0.0 0.0 -4.3 668.1 -50.3
16:20:30.078 0.0 0.0 -4.6 667.9 -53.2
16:20:30.125 0.0 0.0 -4.8 667.7 -55.8
16:20:30.171 0.0 0.0 -5.0 667.4 -58.7
16:20:30.218 0.0 0.0 -5.3 667.2 -61.4
16:20:30.265 0.0 0.0 -5.5 666.9 -64.1
16:20:30.296 0.0 0.0 -5.7 676.6 -67.7
16:20:30.343 0.0 0.0 -6.0 676.3 -70.5
16:20:30.390 0.0 0.0 -6.2 676.0 -73.3
16:20:30.437 0.0 0.0 -6.4 675.7 -76.2
16:20:30.468 0.0 0.0 -6.4 675.7 -76.2
16:20:30.515 0.0 0.0 -6.7 675.4 -78.9
16:20:30.562 0.0 0.0 -6.9 685.0 -82.9
16:20:30.609 0.0 0.0 -7.1 684.7 -85.5
16:20:30.640 0.0 0.0 -7.4 684.3 -88.4
16:20:30.687 0.0 0.0 -7.6 693.9 -92.4
16:20:30.734 0.0 0.0 -7.8 693.5 -95.3
16:20:30.781 0.0 0.0 -8.1 693.1 -98.1
16:20:30.796 0.0 0.0 -8.1 693.1 -98.1
16:20:30.843 0.0 0.0 -8.3 692.7 -101.0
16:20:30.875 0.0 0.0 -8.6 692.1 -104.7
16:20:30.921 0.0 0.0 -8.6 702.0 -106.2
16:20:30.968 0.0 0.0 -8.8 701.6 -109.0
16:20:31.015 0.0 0.0 -9.1 701.1 -112.1
16:20:31.046 0.0 0.0 -9.3 700.7 -114.8
16:20:31.093 0.0 0.0 -9.5 710.0 -119.4
16:20:31.140 0.0 0.0 -9.8 709.5 -122.2
16:20:31.187 0.0 0.0 -10.0 709.1 -125.0
16:20:31.234 0.0 0.0 -10.2 718.4 -129.8
16:20:31.265 0.0 0.0 -10.5 717.8 -133.0
16:20:31.312 0.0 0.0 -10.7 717.3 -135.6
16:20:31.359 0.0 0.0 -10.7 717.3 -135.6
16:20:31.406 0.0 0.0 -10.9 716.7 -138.6
16:20:31.453 0.0 0.0 -11.2 716.1 -141.5
16:20:31.531 0.0 0.0 -11.6 724.8 -149.4
16:20:31.578 0.0 0.0 -11.9 724.2 -152.2
16:20:31.609 0.0 0.0 -12.1 733.3 -157.3
16:20:31.656 0.0 0.0 -12.4 732.6 -160.6
16:20:31.703 0.0 0.0 -12.6 732.0 -163.3
16:20:31.750 0.0 0.0 -12.8 750.8 -170.7
16:20:31.796 0.0 0.0 -12.8 750.8 -170.7
16:20:31.828 0.0 0.0 -13.0 750.1 -173.8
16:20:31.875 0.0 0.0 -13.3 749.4 -176.8
16:20:31.906 0.0 0.0 -13.5 777.9 -186.9
16:20:31.953 0.0 0.0 -13.7 777.1 -190.1
16:20:32.000 0.0 0.0 -14.0 834.5 -207.9
16:20:32.046 0.0 0.0 -14.2 1085.7 -275.1
16:20:32.078 0.0 0.0 -14.4 1084.6 -279.3
16:20:32.109 0.0 0.0 -14.4 1084.6 -279.3
16:20:32.140 0.0 0.0 -14.7 1199.5 -314.4
16:20:32.187 0.0 0.0 -14.9 1198.2 -319.2
