Тестовая информация 0. Исходные сенсорные данные: Time, X_rob, Y_rob, Ang_rob, X_obj, Y_obj (мм, град)
16:34:03.734 0.0 0.0 11.1 902.7 177.5
16:34:03.781 0.0 0.0 10.9 883.8 170.0
16:34:03.828 0.0 0.0 10.7 884.5 166.3
16:34:03.859 0.0 0.0 10.4 806.5 148.3
16:34:03.906 0.0 0.0 10.2 787.4 141.4
16:34:03.953 0.0 0.0 10.2 787.4 141.4
16:34:04.000 0.0 0.0 9.9 768.3 134.6
16:34:04.031 0.0 0.0 9.7 768.8 131.6
16:34:04.078 0.0 0.0 9.5 769.3 128.6
16:34:04.125 0.0 0.0 9.3 750.1 122.3
16:34:04.171 0.0 0.0 8.9 740.9 116.6
16:34:04.203 0.0 0.0 8.7 741.3 113.6
16:34:04.250 0.0 0.0 8.5 722.1 107.4
16:34:04.296 0.0 0.0 8.5 712.2 105.9
16:34:04.343 0.0 0.0 8.2 712.6 103.2
16:34:04.390 0.0 0.0 8.0 703.1 98.8
16:34:04.421 0.0 0.0 7.8 693.6 94.6
16:34:04.468 0.0 0.0 7.5 694.0 91.7
16:34:04.515 0.0 0.0 7.3 684.4 87.7
16:34:04.562 0.0 0.0 7.1 684.8 84.9
16:34:04.593 0.0 0.0 6.8 685.1 82.2
16:34:04.640 0.0 0.0 6.6 675.5 78.1
16:34:04.687 0.0 0.0 6.6 655.6 75.8
16:34:04.734 0.0 0.0 6.4 655.9 73.3
16:34:04.765 0.0 0.0 6.1 646.3 69.1
16:34:04.812 0.0 0.0 5.9 636.6 65.8
16:34:04.859 0.0 0.0 5.7 636.9 63.2
16:34:04.906 0.0 0.0 5.4 637.1 60.5
16:34:04.953 0.0 0.0 5.2 627.4 57.2
16:34:04.984 0.0 0.0 5.0 627.6 54.4
16:34:05.031 0.0 0.0 4.7 627.8 52.0
16:34:05.078 0.0 0.0 4.5 618.1 48.7
16:34:05.125 0.0 0.0 4.3 618.3 46.1
16:34:05.156 0.0 0.0 4.3 618.3 46.1
16:34:05.203 0.0 0.0 4.0 618.5 43.6
16:34:05.250 0.0 0.0 3.8 618.6 41.0
16:34:05.296 0.0 0.0 3.6 628.8 39.1
16:34:05.328 0.0 0.0 3.3 628.9 36.5
16:34:05.375 0.0 0.0 3.1 629.1 33.9
16:34:05.421 0.0 0.0 2.9 629.2 31.4
16:34:05.468 0.0 0.0 2.6 629.3 28.8
16:34:05.500 0.0 0.0 2.4 629.5 26.3
16:34:05.546 0.0 0.0 2.2 629.6 23.7
16:34:05.593 0.0 0.0 1.9 629.6 21.2
16:34:05.640 0.0 0.0 1.9 629.6 21.2
16:34:05.671 0.0 0.0 1.7 629.7 18.5
16:34:05.718 0.0 0.0 1.4 629.8 15.9
16:34:05.765 0.0 0.0 1.2 639.9 13.7
16:34:05.812 0.0 0.0 1.0 639.9 11.1
16:34:05.843 0.0 0.0 0.7 639.9 8.4
16:34:05.890 0.0 0.0 0.5 640.0 5.8
16:34:05.921 0.0 0.0 0.5 640.0 5.8
16:34:05.968 0.0 0.0 0.3 640.0 3.2
16:34:06.015 0.0 0.0 0.0 640.0 0.1
16:34:06.046 0.0 0.0 -0.2 640.0 -1.9
16:34:06.093 0.0 0.0 -0.4 640.0 -4.7
16:34:06.140 0.0 0.0 -0.6 650.0 -7.3
16:34:06.187 0.0 0.0 -0.9 649.9 -10.6
16:34:06.234 0.0 0.0 -1.1 649.9 -12.7
16:34:06.265 0.0 0.0 -1.4 649.8 -15.3
16:34:06.312 0.0 0.0 -1.4 649.8 -15.3
16:34:06.343 0.0 0.0 -1.6 649.8 -18.0
16:34:06.390 0.0 0.0 -1.8 649.7 -20.6
16:34:06.437 0.0 0.0 -2.1 649.6 -23.4
16:34:06.484 0.0 0.0 -2.3 649.5 -26.0
16:34:06.531 0.0 0.0 -2.5 649.4 -28.6
16:34:06.562 0.0 0.0 -2.8 659.2 -31.7
16:34:06.609 0.0 0.0 -3.0 659.1 -34.5
16:34:06.656 0.0 0.0 -3.2 659.0 -37.0
16:34:06.687 0.0 0.0 -3.2 659.0 -37.0
16:34:06.734 0.0 0.0 -3.5 658.8 -39.8
16:34:06.781 0.0 0.0 -3.7 658.6 -42.5
16:34:06.828 0.0 0.0 -4.0 668.4 -46.8
16:34:06.875 0.0 0.0 -4.2 668.2 -49.6
16:34:06.921 0.0 0.0 -4.5 668.0 -52.2
16:34:06.984 0.0 0.0 -4.7 667.7 -55.0
16:34:07.000 0.0 0.0 -4.7 667.7 -55.0
16:34:07.046 0.0 0.0 -4.9 667.5 -57.6
16:34:07.093 0.0 0.0 -5.2 677.2 -61.4
16:34:07.125 0.0 0.0 -5.4 677.0 -64.1
16:34:07.171 0.0 0.0 -5.6 676.7 -66.8
16:34:07.218 0.0 0.0 -5.9 676.4 -69.9
16:34:07.265 0.0 0.0 -6.1 676.1 -72.3
16:34:07.296 0.0 0.0 -6.3 675.8 -75.1
16:34:07.343 0.0 0.0 -6.6 675.5 -78.0
16:34:07.390 0.0 0.0 -6.6 675.5 -78.0
16:34:07.437 0.0 0.0 -6.8 685.1 -82.1
16:34:07.468 0.0 0.0 -7.1 684.7 -85.5
16:34:07.515 0.0 0.0 -7.3 684.3 -88.3
16:34:07.562 0.0 0.0 -7.6 684.0 -91.1
16:34:07.609 0.0 0.0 -7.9 683.5 -94.3
16:34:07.640 0.0 0.0 -8.1 683.2 -96.7
16:34:07.687 0.0 0.0 -8.3 702.6 -102.3
16:34:07.734 0.0 0.0 -8.3 702.6 -102.3
16:34:07.781 0.0 0.0 -8.5 702.2 -105.3
16:34:07.812 0.0 0.0 -8.8 701.7 -108.6
16:34:07.859 0.0 0.0 -9.0 701.3 -111.0
16:34:07.906 0.0 0.0 -9.2 700.8 -113.8
16:34:07.953 0.0 0.0 -9.5 710.2 -118.2
16:34:08.000 0.0 0.0 -9.7 709.7 -121.2
16:34:08.046 0.0 0.0 -10.0 709.1 -125.1
16:34:08.078 0.0 0.0 -10.0 709.1 -125.1
16:34:08.125 0.0 0.0 -10.2 718.4 -129.8
16:34:08.187 0.0 0.0 -10.5 717.8 -132.7
16:34:08.203 0.0 0.0 -10.8 726.8 -139.0
16:34:08.250 0.0 0.0 -11.0 726.4 -141.5
16:34:08.296 0.0 0.0 -11.3 716.0 -142.5
16:34:08.343 0.0 0.0 -11.3 725.8 -144.4
16:34:08.375 0.0 0.0 -11.5 734.9 -149.5
16:34:08.421 0.0 0.0 -11.7 734.3 -152.5
16:34:08.468 0.0 0.0 -12.0 733.7 -155.4
16:34:08.515 0.0 0.0 -12.2 733.1 -158.3
16:34:08.546 0.0 0.0 -12.4 732.4 -161.4
16:34:08.593 0.0 0.0 -12.7 741.5 -166.5
16:34:08.640 0.0 0.0 -12.9 740.7 -170.0
16:34:08.687 0.0 0.0 -13.1 740.1 -172.6
16:34:08.718 0.0 0.0 -13.1 740.1 -172.6
16:34:08.765 0.0 0.0 -13.4 749.2 -177.9
16:34:08.812 0.0 0.0 -13.6 748.4 -181.0
16:34:08.859 0.0 0.0 -13.8 796.3 -195.8
16:34:08.906 0.0 0.0 -14.1 805.1 -201.7
16:34:08.937 0.0 0.0 -14.3 804.3 -204.9
16:34:08.984 0.0 0.0 -14.5 1161.7 -300.9
