Тестовая информация 0. Исходные сенсорные данные: Time, X_rob, Y_rob, Ang_rob, X_obj, Y_obj (мм, град)
16:37:37.890 0.0 0.0 10.9 883.8 170.1
16:37:37.921 0.0 0.0 10.7 884.5 166.4
16:37:37.953 0.0 0.0 10.4 816.3 150.1
16:37:38.000 0.0 0.0 10.4 796.7 146.4
16:37:38.046 0.0 0.0 10.2 797.2 143.2
16:37:38.093 0.0 0.0 9.9 768.3 134.7
16:37:38.140 0.0 0.0 9.7 768.8 131.6
16:37:38.187 0.0 0.0 9.5 769.4 128.4
16:37:38.218 0.0 0.0 9.2 750.1 122.1
16:37:38.265 0.0 0.0 9.0 750.6 119.0
16:37:38.312 0.0 0.0 8.8 751.1 115.9
16:37:38.343 0.0 0.0 8.6 731.8 110.1
16:37:38.390 0.0 0.0 8.3 732.2 106.9
16:37:38.437 0.0 0.0 8.1 732.7 104.0
16:37:38.484 0.0 0.0 8.1 712.9 101.1
16:37:38.515 0.0 0.0 7.8 703.4 96.8
16:37:38.562 0.0 0.0 7.6 703.7 94.1
16:37:38.609 0.0 0.0 7.4 694.2 89.9
16:37:38.656 0.0 0.0 7.1 694.6 87.0
16:37:38.703 0.0 0.0 6.9 694.9 84.2
16:37:38.734 0.0 0.0 6.7 675.4 79.1
16:37:38.781 0.0 0.0 6.4 665.8 75.1
16:37:38.828 0.0 0.0 6.2 666.1 72.6
16:37:38.875 0.0 0.0 6.0 656.4 68.6
16:37:38.921 0.0 0.0 5.7 646.7 65.0
16:37:38.953 0.0 0.0 5.7 646.7 65.0
16:37:39.000 0.0 0.0 5.5 647.0 62.4
16:37:39.046 0.0 0.0 5.3 637.3 58.8
16:37:39.093 0.0 0.0 5.0 637.5 56.2
16:37:39.140 0.0 0.0 4.8 627.8 52.8
16:37:39.171 0.0 0.0 4.6 628.0 50.2
16:37:39.218 0.0 0.0 4.3 628.2 47.6
16:37:39.265 0.0 0.0 4.1 618.4 44.2
16:37:39.312 0.0 0.0 3.9 618.6 41.8
16:37:39.359 0.0 0.0 3.6 618.8 39.3
16:37:39.390 0.0 0.0 3.6 618.8 39.3
16:37:39.437 0.0 0.0 3.4 618.9 36.8
16:37:39.500 0.0 0.0 2.9 629.2 32.2
16:37:39.531 0.0 0.0 2.9 629.2 32.2
16:37:39.562 0.0 0.0 2.7 629.3 29.5
16:37:39.609 0.0 0.0 2.5 629.4 27.1
16:37:39.656 0.0 0.0 2.2 629.5 24.6
16:37:39.703 0.0 0.0 2.0 629.6 22.0
16:37:39.734 0.0 0.0 1.8 629.7 19.4
16:37:39.765 0.0 0.0 1.8 629.7 19.4
16:37:39.812 0.0 0.0 1.5 629.8 16.7
16:37:39.843 0.0 0.0 1.3 639.8 14.5
16:37:39.890 0.0 0.0 1.1 639.9 12.0
16:37:39.921 0.0 0.0 1.1 639.9 12.0
16:37:39.968 0.0 0.0 0.8 639.9 9.2
16:37:40.000 0.0 0.0 0.6 640.0 6.7
16:37:40.046 0.0 0.0 0.4 640.0 4.0
16:37:40.093 0.0 0.0 0.1 650.0 1.4
16:37:40.140 0.0 0.0 -0.1 650.0 -1.7
16:37:40.171 0.0 0.0 -0.4 650.0 -4.8
16:37:40.218 0.0 0.0 -0.4 650.0 -4.8
16:37:40.265 0.0 0.0 -0.7 650.0 -7.5
16:37:40.312 0.0 0.0 -0.9 649.9 -10.0
16:37:40.359 0.0 0.0 -1.1 649.9 -12.8
16:37:40.390 0.0 0.0 -1.3 649.8 -15.3
16:37:40.437 0.0 0.0 -1.6 649.8 -17.9
16:37:40.484 0.0 0.0 -1.8 649.7 -20.6
16:37:40.515 0.0 0.0 -2.0 649.6 -23.2
16:37:40.562 0.0 0.0 -2.3 649.5 -25.9
16:37:40.609 0.0 0.0 -2.3 649.5 -25.9
16:37:40.656 0.0 0.0 -2.5 659.4 -29.1
16:37:40.703 0.0 0.0 -2.8 659.2 -31.9
16:37:40.734 0.0 0.0 -3.0 659.1 -34.5
16:37:40.781 0.0 0.0 -3.3 658.9 -38.0
16:37:40.828 0.0 0.0 -3.5 658.7 -40.8
16:37:40.875 0.0 0.0 -3.8 658.6 -43.5
16:37:40.921 0.0 0.0 -3.8 668.5 -44.1
16:37:40.953 0.0 0.0 -4.0 668.3 -47.3
16:37:41.000 0.0 0.0 -4.3 668.1 -50.5
16:37:41.046 0.0 0.0 -4.5 667.9 -53.1
16:37:41.109 0.0 0.0 -4.8 667.7 -55.9
16:37:41.125 0.0 0.0 -5.0 667.4 -58.7
16:37:41.140 0.0 0.0 -5.0 667.4 -58.7
16:37:41.187 0.0 0.0 -5.3 667.2 -61.4
16:37:41.234 0.0 0.0 -5.5 676.9 -65.0
16:37:41.281 0.0 0.0 -5.7 676.6 -67.8
16:37:41.312 0.0 0.0 -5.7 676.6 -67.8
16:37:41.359 0.0 0.0 -6.2 676.0 -73.3
16:37:41.406 0.0 0.0 -6.2 676.0 -73.3
16:37:41.453 0.0 0.0 -6.4 675.7 -76.1
16:37:41.484 0.0 0.0 -6.7 675.4 -78.9
16:37:41.531 0.0 0.0 -6.9 685.0 -82.7
16:37:41.578 0.0 0.0 -7.1 684.7 -85.6
16:37:41.625 0.0 0.0 -7.4 684.3 -88.3
16:37:41.656 0.0 0.0 -7.6 683.9 -91.2
16:37:41.703 0.0 0.0 -7.8 683.6 -93.9
16:37:41.750 0.0 0.0 -8.1 693.1 -98.2
16:37:41.781 0.0 0.0 -8.1 683.2 -96.8
16:37:41.828 0.0 0.0 -8.3 682.8 -99.6
16:37:41.875 0.0 0.0 -8.5 702.1 -105.4
16:37:41.906 0.0 0.0 -8.8 701.7 -108.2
16:37:41.953 0.0 0.0 -9.0 701.3 -111.0
16:37:42.000 0.0 0.0 -9.2 700.8 -113.8
16:37:42.031 0.0 0.0 -9.5 700.3 -116.7
16:37:42.078 0.0 0.0 -9.5 700.3 -116.7
16:37:42.125 0.0 0.0 -9.7 709.7 -121.3
16:37:42.156 0.0 0.0 -10.0 709.1 -124.8
16:37:42.203 0.0 0.0 -10.2 708.5 -128.1
16:37:42.234 0.0 0.0 -10.2 708.5 -128.1
16:37:42.281 0.0 0.0 -10.5 708.0 -130.9
16:37:42.312 0.0 0.0 -10.7 707.4 -133.9
16:37:42.359 0.0 0.0 -10.9 716.7 -138.6
16:37:42.406 0.0 0.0 -11.2 726.0 -143.5
16:37:42.453 0.0 0.0 -11.4 725.4 -146.3
16:37:42.484 0.0 0.0 -11.6 724.8 -149.3
16:37:42.531 0.0 0.0 -11.9 724.2 -152.3
16:37:42.578 0.0 0.0 -12.1 723.5 -155.4
16:37:42.625 0.0 0.0 -12.1 743.1 -159.6
16:37:42.671 0.0 0.0 -12.4 742.4 -162.6
16:37:42.703 0.0 0.0 -12.6 741.7 -165.6
16:37:42.750 0.0 0.0 -12.8 741.0 -168.7
16:37:42.796 0.0 0.0 -13.0 740.4 -171.5
16:37:42.812 0.0 0.0 -13.3 739.7 -174.5
16:37:42.859 0.0 0.0 -13.3 739.7 -174.5
16:37:42.906 0.0 0.0 -13.5 758.4 -182.4
16:37:42.953 0.0 0.0 -13.7 757.7 -185.3
16:37:43.000 0.0 0.0 -14.2 814.3 -206.4
16:37:43.046 0.0 0.0 -14.4 900.6 -232.0
16:37:43.093 0.0 0.0 -14.4 900.6 -232.0
