Тестовая информация 0. Исходные сенсорные данные: Time, X_rob, Y_rob, Ang_rob, X_obj, Y_obj (мм, град)
16:40:17.187 0.0 0.0 11.2 1098.7 217.4
16:40:17.234 0.0 0.0 11.0 1099.6 212.9
16:40:17.265 0.0 0.0 10.7 1100.4 208.4
16:40:17.312 0.0 0.0 10.5 825.9 153.0
16:40:17.359 0.0 0.0 10.3 816.7 147.8
16:40:17.406 0.0 0.0 10.0 817.4 144.3
16:40:17.437 0.0 0.0 10.0 797.7 140.8
16:40:17.468 0.0 0.0 9.8 778.5 134.3
16:40:17.515 0.0 0.0 9.5 779.1 131.1
16:40:17.562 0.0 0.0 9.3 769.7 126.4
16:40:17.609 0.0 0.0 9.1 750.5 120.0
16:40:17.640 0.0 0.0 8.9 750.9 117.0
16:40:17.687 0.0 0.0 8.6 741.5 112.3
16:40:17.734 0.0 0.0 8.6 721.8 109.3
16:40:17.781 0.0 0.0 8.3 722.3 105.9
16:40:17.828 0.0 0.0 8.2 712.7 102.2
16:40:17.859 0.0 0.0 7.9 713.1 99.2
16:40:17.906 0.0 0.0 7.7 713.5 96.3
16:40:17.953 0.0 0.0 7.4 694.2 89.7
16:40:18.000 0.0 0.0 7.1 694.6 86.9
16:40:18.046 0.0 0.0 6.9 694.9 84.1
16:40:18.078 0.0 0.0 6.9 675.1 81.7
16:40:18.125 0.0 0.0 6.7 665.5 77.9
16:40:18.171 0.0 0.0 6.4 665.8 75.1
16:40:18.218 0.0 0.0 6.2 656.1 71.2
16:40:18.250 0.0 0.0 6.0 656.4 68.6
16:40:18.296 0.0 0.0 5.7 656.7 66.0
16:40:18.343 0.0 0.0 5.5 647.0 62.3
16:40:18.390 0.0 0.0 5.3 637.3 58.8
16:40:18.421 0.0 0.0 5.0 637.5 56.2
16:40:18.468 0.0 0.0 4.8 627.8 52.8
16:40:18.531 0.0 0.0 4.6 618.0 49.3
16:40:18.562 0.0 0.0 4.6 618.0 49.3
16:40:18.593 0.0 0.0 4.3 618.2 46.8
16:40:18.640 0.0 0.0 4.1 618.4 44.2
16:40:18.687 0.0 0.0 3.9 618.6 41.6
16:40:18.734 0.0 0.0 3.6 618.8 39.3
16:40:18.765 0.0 0.0 3.4 618.9 36.7
16:40:18.812 0.0 0.0 3.2 619.1 34.2
16:40:18.859 0.0 0.0 2.9 629.2 32.0
16:40:18.906 0.0 0.0 2.9 629.2 32.0
16:40:18.937 0.0 0.0 2.7 629.3 29.5
16:40:18.984 0.0 0.0 2.5 629.4 26.9
16:40:19.031 0.0 0.0 2.2 629.5 24.4
16:40:19.078 0.0 0.0 2.0 629.6 21.9
16:40:19.109 0.0 0.0 1.7 629.7 19.2
16:40:19.156 0.0 0.0 1.4 629.8 15.9
16:40:19.203 0.0 0.0 1.4 639.8 16.1
16:40:19.218 0.0 0.0 1.2 639.9 13.4
16:40:19.265 0.0 0.0 1.0 639.9 10.9
16:40:19.312 0.0 0.0 0.7 639.9 8.3
16:40:19.359 0.0 0.0 0.5 640.0 5.8
16:40:19.390 0.0 0.0 0.3 640.0 3.1
16:40:19.437 0.0 0.0 0.3 640.0 3.1
16:40:19.484 0.0 0.0 0.0 640.0 0.4
16:40:19.531 0.0 0.0 -0.2 640.0 -2.2
16:40:19.562 0.0 0.0 -0.4 650.0 -4.9
16:40:19.609 0.0 0.0 -0.7 650.0 -7.5
16:40:19.656 0.0 0.0 -0.9 649.9 -10.1
16:40:19.687 0.0 0.0 -1.1 649.9 -12.8
16:40:19.718 0.0 0.0 -1.1 649.9 -12.8
16:40:19.765 0.0 0.0 -1.4 649.8 -15.4
16:40:19.812 0.0 0.0 -1.6 649.7 -18.1
16:40:19.843 0.0 0.0 -1.8 649.7 -20.8
16:40:19.890 0.0 0.0 -2.1 649.6 -23.4
16:40:19.937 0.0 0.0 -2.3 649.5 -26.0
16:40:19.984 0.0 0.0 -2.5 649.4 -28.8
16:40:20.015 0.0 0.0 -2.8 649.2 -31.3
16:40:20.062 0.0 0.0 -2.8 659.2 -31.8
16:40:20.109 0.0 0.0 -3.0 659.1 -34.6
16:40:20.156 0.0 0.0 -3.2 658.9 -37.3
16:40:20.187 0.0 0.0 -3.5 658.8 -40.1
16:40:20.234 0.0 0.0 -3.7 658.6 -42.6
16:40:20.281 0.0 0.0 -3.9 658.4 -45.4
16:40:20.328 0.0 0.0 -4.2 668.2 -48.7
16:40:20.359 0.0 0.0 -4.4 668.0 -51.3
16:40:20.406 0.0 0.0 -4.6 667.8 -54.2
16:40:20.453 0.0 0.0 -4.9 667.6 -57.0
16:40:20.500 0.0 0.0 -4.9 667.6 -57.0
16:40:20.531 0.0 0.0 -5.1 667.3 -59.6
16:40:20.578 0.0 0.0 -5.3 677.1 -63.3
16:40:20.625 0.0 0.0 -5.6 676.8 -66.0
16:40:20.671 0.0 0.0 -5.8 676.5 -68.8
16:40:20.703 0.0 0.0 -6.0 676.2 -71.6
16:40:20.750 0.0 0.0 -6.3 675.9 -74.3
16:40:20.796 0.0 0.0 -6.5 675.6 -77.2
16:40:20.843 0.0 0.0 -6.7 685.2 -81.0
16:40:20.875 0.0 0.0 -7.0 684.9 -83.8
16:40:20.937 0.0 0.0 -7.2 684.6 -86.5
16:40:20.968 0.0 0.0 -7.2 684.6 -86.5
16:40:21.015 0.0 0.0 -7.4 684.2 -89.4
16:40:21.062 0.0 0.0 -7.7 683.8 -92.1
16:40:21.109 0.0 0.0 -7.9 693.3 -96.4
16:40:21.140 0.0 0.0 -8.1 692.9 -99.2
16:40:21.187 0.0 0.0 -8.4 692.5 -102.0
16:40:21.218 0.0 0.0 -8.6 692.1 -104.8
16:40:21.265 0.0 0.0 -8.9 691.7 -107.7
16:40:21.312 0.0 0.0 -9.1 691.2 -110.4
16:40:21.359 0.0 0.0 -9.1 701.1 -112.0
16:40:21.406 0.0 0.0 -9.3 700.6 -114.9
16:40:21.437 0.0 0.0 -9.6 700.1 -118.1
16:40:21.484 0.0 0.0 -9.8 709.5 -122.4
16:40:21.531 0.0 0.0 -10.0 709.0 -125.3
16:40:21.578 0.0 0.0 -10.3 708.5 -128.3
16:40:21.609 0.0 0.0 -10.5 707.9 -131.2
16:40:21.656 0.0 0.0 -10.7 717.3 -135.7
16:40:21.703 0.0 0.0 -11.0 716.7 -138.8
16:40:21.718 0.0 0.0 -11.0 726.5 -140.7
16:40:21.750 0.0 0.0 -11.2 716.1 -141.7
16:40:21.796 0.0 0.0 -11.2 716.1 -141.7
16:40:21.843 0.0 0.0 -11.6 725.0 -148.4
16:40:21.875 0.0 0.0 -11.8 734.1 -153.6
16:40:21.921 0.0 0.0 -12.0 733.5 -156.5
16:40:21.984 0.0 0.0 -12.3 732.9 -159.4
16:40:22.015 0.0 0.0 -12.5 732.2 -162.5
16:40:22.062 0.0 0.0 -12.5 732.2 -162.5
16:40:22.093 0.0 0.0 -12.8 741.3 -167.8
16:40:22.140 0.0 0.0 -13.0 740.6 -170.7
16:40:22.187 0.0 0.0 -13.2 739.9 -173.8
16:40:22.234 0.0 0.0 -13.5 748.8 -179.3
16:40:22.265 0.0 0.0 -13.7 757.9 -184.5
16:40:22.312 0.0 0.0 -13.9 757.1 -187.7
16:40:22.359 0.0 0.0 -14.1 882.4 -222.4
16:40:22.406 0.0 0.0 -14.1 960.0 -241.9
16:40:22.453 0.0 0.0 -14.4 958.7 -247.0
