Тестовая информация 0. Исходные сенсорные данные: Time, X_rob, Y_rob, Ang_rob, X_obj, Y_obj (мм, град)
17:05:55.000 0.0 0.0 11.3 1206.0 241.6
17:05:55.046 0.0 0.0 11.1 1206.9 237.1
17:05:55.078 0.0 0.0 10.9 1129.3 217.1
17:05:55.125 0.0 0.0 10.6 982.8 184.5
17:05:55.171 0.0 0.0 10.4 983.6 180.4
17:05:55.218 0.0 0.0 10.2 826.8 148.3
17:05:55.250 0.0 0.0 10.2 807.1 144.8
17:05:55.296 0.0 0.0 9.9 807.7 141.5
17:05:55.328 0.0 0.0 9.7 768.8 131.5
17:05:55.375 0.0 0.0 9.5 759.5 126.7
17:05:55.421 0.0 0.0 9.2 760.0 123.6
17:05:55.453 0.0 0.0 9.0 750.6 118.9
17:05:55.500 0.0 0.0 8.8 741.2 114.3
17:05:55.546 0.0 0.0 8.8 741.2 114.3
17:05:55.593 0.0 0.0 8.5 741.7 111.2
17:05:55.640 0.0 0.0 8.3 732.2 106.9
17:05:55.671 0.0 0.0 8.1 732.7 103.9
17:05:55.718 0.0 0.0 7.8 703.4 96.8
17:05:55.765 0.0 0.0 7.6 703.8 93.9
17:05:55.812 0.0 0.0 7.4 704.1 91.0
17:05:55.843 0.0 0.0 7.1 694.6 86.6
17:05:55.890 0.0 0.0 6.9 685.0 82.8
17:05:55.937 0.0 0.0 6.7 685.3 80.1
17:05:55.984 0.0 0.0 6.7 675.4 78.9
17:05:56.031 0.0 0.0 6.4 665.8 75.0
17:05:56.062 0.0 0.0 6.2 666.1 72.2
17:05:56.109 0.0 0.0 6.0 656.4 68.5
17:05:56.156 0.0 0.0 5.7 646.8 64.9
17:05:56.203 0.0 0.0 5.5 647.0 62.1
17:05:56.234 0.0 0.0 5.3 637.3 58.6
17:05:56.281 0.0 0.0 5.0 637.5 56.0
17:05:56.328 0.0 0.0 4.8 637.8 53.4
17:05:56.375 0.0 0.0 4.6 618.0 49.3
17:05:56.406 0.0 0.0 4.3 618.2 46.7
17:05:56.453 0.0 0.0 4.3 618.2 46.7
17:05:56.500 0.0 0.0 4.1 618.4 44.2
17:05:56.546 0.0 0.0 3.8 618.6 41.6
17:05:56.578 0.0 0.0 3.6 618.8 39.1
17:05:56.625 0.0 0.0 3.4 628.9 37.3
17:05:56.671 0.0 0.0 3.2 629.0 34.7
17:05:56.718 0.0 0.0 2.9 629.2 32.2
17:05:56.765 0.0 0.0 2.7 629.3 29.5
17:05:56.796 0.0 0.0 2.4 629.4 26.9
17:05:56.843 0.0 0.0 2.4 629.4 26.9
17:05:56.890 0.0 0.0 2.2 629.5 24.3
17:05:56.921 0.0 0.0 2.0 629.6 21.8
17:05:56.968 0.0 0.0 1.7 639.7 19.5
17:05:57.015 0.0 0.0 1.5 639.8 16.9
17:05:57.031 0.0 0.0 1.3 639.8 14.3
17:05:57.078 0.0 0.0 1.3 639.8 14.3
17:05:57.125 0.0 0.0 1.1 639.9 11.8
17:05:57.171 0.0 0.0 0.8 639.9 9.1
17:05:57.203 0.0 0.0 0.5 640.0 6.0
17:05:57.250 0.0 0.0 0.4 650.0 4.0
17:05:57.281 0.0 0.0 0.1 650.0 1.4
17:05:57.312 0.0 0.0 0.1 650.0 1.4
17:05:57.375 0.0 0.0 -0.1 650.0 -1.3
17:05:57.406 0.0 0.0 -0.4 650.0 -4.9
17:05:57.437 0.0 0.0 -0.7 650.0 -7.5
17:05:57.484 0.0 0.0 -0.9 649.9 -10.2
17:05:57.531 0.0 0.0 -1.1 649.9 -12.9
17:05:57.578 0.0 0.0 -1.1 649.9 -12.9
17:05:57.625 0.0 0.0 -1.4 649.8 -15.6
17:05:57.656 0.0 0.0 -1.6 649.7 -18.1
17:05:57.703 0.0 0.0 -1.8 649.7 -20.9
17:05:57.750 0.0 0.0 -2.1 649.6 -23.5
17:05:57.781 0.0 0.0 -2.3 649.5 -26.1
17:05:57.828 0.0 0.0 -2.5 659.4 -29.3
17:05:57.875 0.0 0.0 -2.8 659.2 -31.9
17:05:57.921 0.0 0.0 -3.0 659.1 -34.6
17:05:57.953 0.0 0.0 -3.0 659.1 -34.6
17:05:58.000 0.0 0.0 -3.2 658.9 -37.2
17:05:58.046 0.0 0.0 -3.5 658.8 -40.0
17:05:58.093 0.0 0.0 -3.7 658.6 -42.8
17:05:58.125 0.0 0.0 -3.9 668.4 -46.0
17:05:58.171 0.0 0.0 -4.2 668.2 -48.7
17:05:58.218 0.0 0.0 -4.4 668.0 -51.4
17:05:58.265 0.0 0.0 -4.6 667.8 -54.3
17:05:58.296 0.0 0.0 -4.9 667.6 -57.0
17:05:58.343 0.0 0.0 -5.1 677.3 -60.5
17:05:58.390 0.0 0.0 -5.1 677.3 -60.5
17:05:58.437 0.0 0.0 -5.4 677.0 -63.5
17:05:58.468 0.0 0.0 -5.6 676.8 -66.2
17:05:58.515 0.0 0.0 -5.8 676.5 -68.9
17:05:58.562 0.0 0.0 -6.0 676.2 -71.6
17:05:58.609 0.0 0.0 -6.3 675.9 -74.5
17:05:58.656 0.0 0.0 -6.5 675.6 -77.1
17:05:58.687 0.0 0.0 -6.7 675.3 -79.9
17:05:58.734 0.0 0.0 -7.0 684.9 -84.0
17:05:58.781 0.0 0.0 -7.2 674.6 -85.4
17:05:58.828 0.0 0.0 -7.4 674.3 -88.1
17:05:58.859 0.0 0.0 -7.4 684.2 -89.4
17:05:58.906 0.0 0.0 -7.7 693.7 -93.6
17:05:58.953 0.0 0.0 -7.9 683.4 -95.1
17:05:59.000 0.0 0.0 -8.1 692.9 -99.2
17:05:59.031 0.0 0.0 -8.4 692.5 -102.2
17:05:59.078 0.0 0.0 -8.6 692.1 -104.9
17:05:59.109 0.0 0.0 -8.9 701.5 -109.3
17:05:59.156 0.0 0.0 -8.9 701.5 -109.3
17:05:59.203 0.0 0.0 -9.1 701.1 -112.1
17:05:59.234 0.0 0.0 -9.3 700.6 -114.9
17:05:59.281 0.0 0.0 -9.6 710.0 -119.6
17:05:59.328 0.0 0.0 -9.8 709.5 -122.4
17:05:59.390 0.0 0.0 -10.0 709.0 -125.3
17:05:59.406 0.0 0.0 -10.0 709.0 -125.3
17:05:59.453 0.0 0.0 -10.3 708.4 -128.6
17:05:59.500 0.0 0.0 -10.6 717.6 -133.9
17:05:59.546 0.0 0.0 -10.8 717.1 -136.7
17:05:59.593 0.0 0.0 -11.0 716.5 -139.8
17:05:59.625 0.0 0.0 -11.3 725.7 -144.6
17:05:59.671 0.0 0.0 -11.5 725.1 -147.6
17:05:59.718 0.0 0.0 -11.7 724.5 -150.5
17:05:59.765 0.0 0.0 -12.0 733.7 -155.7
17:05:59.796 0.0 0.0 -12.2 733.0 -158.7
17:05:59.843 0.0 0.0 -12.2 733.0 -158.7
17:05:59.890 0.0 0.0 -12.4 732.4 -161.5
17:05:59.937 0.0 0.0 -12.7 741.5 -166.7
17:05:59.968 0.0 0.0 -12.9 740.8 -169.8
17:06:00.015 0.0 0.0 -13.1 740.1 -172.8
17:06:00.046 0.0 0.0 -13.4 739.4 -175.9
17:06:00.078 0.0 0.0 -13.6 738.7 -178.8
17:06:00.125 0.0 0.0 -13.6 748.4 -181.1
17:06:00.171 0.0 0.0 -13.8 796.2 -196.1
17:06:00.218 0.0 0.0 -14.1 795.4 -199.4
17:06:00.250 0.0 0.0 -14.3 1153.0 -294.2
17:06:00.296 0.0 0.0 -14.5 1161.5 -301.4
17:06:00.343 0.0 0.0 -14.8 1160.3 -306.2
