Тестовая информация 0. Исходные сенсорные данные: Time, X_rob, Y_rob, Ang_rob, X_obj, Y_obj (мм, град)
17:10:15.343 0.0 0.0 10.9 1090.0 209.5
17:10:15.390 0.0 0.0 10.7 1090.9 205.2
17:10:15.437 0.0 0.0 10.4 845.8 155.4
17:10:15.468 0.0 0.0 10.2 826.8 148.4
17:10:15.515 0.0 0.0 9.9 827.4 145.1
17:10:15.562 0.0 0.0 9.7 788.5 135.0
17:10:15.609 0.0 0.0 9.5 779.2 130.1
17:10:15.687 0.0 0.0 9.2 779.7 127.0
17:10:15.734 0.0 0.0 9.0 750.6 119.0
17:10:15.781 0.0 0.0 8.8 741.2 114.4
17:10:15.812 0.0 0.0 8.5 741.7 111.4
17:10:15.859 0.0 0.0 8.3 742.1 108.4
17:10:15.906 0.0 0.0 8.1 732.6 104.1
17:10:15.953 0.0 0.0 7.8 733.1 101.1
17:10:16.000 0.0 0.0 7.6 713.6 95.4
17:10:16.031 0.0 0.0 7.4 704.1 91.1
17:10:16.078 0.0 0.0 7.4 704.1 91.1
17:10:16.125 0.0 0.0 7.1 694.6 87.0
17:10:16.156 0.0 0.0 6.9 685.0 83.0
17:10:16.203 0.0 0.0 6.7 685.3 80.1
17:10:16.250 0.0 0.0 6.4 675.7 76.3
17:10:16.296 0.0 0.0 6.2 666.1 72.5
17:10:16.328 0.0 0.0 6.0 666.4 69.7
17:10:16.375 0.0 0.0 5.7 646.7 64.9
17:10:16.421 0.0 0.0 5.5 647.0 62.1
17:10:16.468 0.0 0.0 5.5 647.0 62.1
17:10:16.500 0.0 0.0 5.3 637.3 58.8
17:10:16.546 0.0 0.0 5.0 627.6 55.3
17:10:16.593 0.0 0.0 4.8 627.8 52.7
17:10:16.625 0.0 0.0 4.6 628.0 50.0
17:10:16.671 0.0 0.0 4.3 628.2 47.6
17:10:16.718 0.0 0.0 4.1 628.4 45.1
17:10:16.765 0.0 0.0 3.9 618.6 41.7
17:10:16.812 0.0 0.0 3.6 618.8 39.3
17:10:16.843 0.0 0.0 3.6 618.8 39.3
17:10:16.890 0.0 0.0 3.4 628.9 37.4
17:10:16.937 0.0 0.0 3.2 629.0 34.8
17:10:16.968 0.0 0.0 2.9 629.2 32.2
17:10:17.015 0.0 0.0 2.7 629.3 29.6
17:10:17.062 0.0 0.0 2.5 629.4 27.1
17:10:17.109 0.0 0.0 2.2 629.5 24.5
17:10:17.140 0.0 0.0 2.0 639.6 22.3
17:10:17.187 0.0 0.0 1.8 639.7 19.7
17:10:17.234 0.0 0.0 1.8 639.7 19.7
17:10:17.281 0.0 0.0 1.5 639.8 17.1
17:10:17.312 0.0 0.0 1.3 639.8 14.5
17:10:17.359 0.0 0.0 1.1 639.9 11.8
17:10:17.406 0.0 0.0 0.8 639.9 9.2
17:10:17.453 0.0 0.0 0.6 640.0 6.6
17:10:17.500 0.0 0.0 0.4 640.0 4.0
17:10:17.546 0.0 0.0 0.1 640.0 1.4
17:10:17.578 0.0 0.0 -0.1 640.0 -1.2
17:10:17.625 0.0 0.0 -0.4 650.0 -4.1
17:10:17.671 0.0 0.0 -0.6 640.0 -6.4
17:10:17.703 0.0 0.0 -0.6 640.0 -6.4
17:10:17.750 0.0 0.0 -0.8 649.9 -9.2
17:10:17.796 0.0 0.0 -1.0 649.9 -11.8
17:10:17.828 0.0 0.0 -1.3 649.8 -14.4
17:10:17.875 0.0 0.0 -1.5 649.8 -17.1
17:10:17.906 0.0 0.0 -1.7 649.7 -19.8
17:10:17.953 0.0 0.0 -2.0 649.6 -22.5
17:10:18.000 0.0 0.0 -2.2 649.5 -25.2
17:10:18.046 0.0 0.0 -2.5 649.4 -27.9
17:10:18.093 0.0 0.0 -2.5 649.4 -27.9
17:10:18.125 0.0 0.0 -2.7 659.3 -30.9
17:10:18.171 0.0 0.0 -2.9 659.1 -33.6
17:10:18.218 0.0 0.0 -3.2 659.0 -36.3
17:10:18.265 0.0 0.0 -3.4 658.9 -38.9
17:10:18.296 0.0 0.0 -3.6 658.7 -41.6
17:10:18.343 0.0 0.0 -3.9 658.5 -44.4
17:10:18.390 0.0 0.0 -4.1 668.3 -47.7
17:10:18.437 0.0 0.0 -4.3 668.1 -50.6
17:10:18.468 0.0 0.0 -4.3 668.1 -50.6
17:10:18.515 0.0 0.0 -4.6 667.9 -53.3
17:10:18.562 0.0 0.0 -4.8 667.7 -56.0
17:10:18.609 0.0 0.0 -5.0 667.4 -58.6
17:10:18.656 0.0 0.0 -5.3 677.1 -62.2
17:10:18.687 0.0 0.0 -5.5 676.9 -65.0
17:10:18.734 0.0 0.0 -5.7 676.6 -67.7
17:10:18.781 0.0 0.0 -6.0 676.3 -70.8
17:10:18.828 0.0 0.0 -6.2 676.0 -73.3
17:10:18.859 0.0 0.0 -6.4 675.7 -76.1
17:10:18.906 0.0 0.0 -6.7 675.4 -78.8
17:10:18.953 0.0 0.0 -6.7 685.4 -79.9
17:10:19.000 0.0 0.0 -6.9 685.0 -82.8
17:10:19.031 0.0 0.0 -7.1 684.7 -85.7
17:10:19.078 0.0 0.0 -7.4 684.3 -88.5
17:10:19.125 0.0 0.0 -7.6 684.0 -91.1
17:10:19.171 0.0 0.0 -7.8 693.5 -95.2
17:10:19.203 0.0 0.0 -8.1 693.1 -98.1
17:10:19.250 0.0 0.0 -8.3 692.7 -101.0
17:10:19.296 0.0 0.0 -8.5 692.2 -103.9
17:10:19.343 0.0 0.0 -8.5 702.1 -105.4
17:10:19.375 0.0 0.0 -8.8 701.7 -108.1
17:10:19.437 0.0 0.0 -9.0 701.3 -111.0
17:10:19.468 0.0 0.0 -9.2 700.8 -114.0
17:10:19.515 0.0 0.0 -9.5 700.3 -116.7
17:10:19.546 0.0 0.0 -9.7 709.7 -121.2
17:10:19.593 0.0 0.0 -9.9 709.2 -124.2
17:10:19.640 0.0 0.0 -10.2 708.7 -127.1
17:10:19.687 0.0 0.0 -10.4 708.2 -130.0
17:10:19.718 0.0 0.0 -10.6 717.5 -134.7
17:10:19.765 0.0 0.0 -10.9 716.9 -137.7
17:10:19.812 0.0 0.0 -10.9 716.9 -137.7
17:10:19.859 0.0 0.0 -11.1 726.1 -142.6
17:10:19.890 0.0 0.0 -11.3 725.6 -145.4
17:10:19.937 0.0 0.0 -11.6 734.7 -150.5
17:10:19.984 0.0 0.0 -11.8 734.2 -153.3
17:10:20.015 0.0 0.0 -12.0 733.5 -156.4
17:10:20.062 0.0 0.0 -12.3 732.8 -159.5
17:10:20.109 0.0 0.0 -12.5 732.2 -162.3
17:10:20.156 0.0 0.0 -12.5 732.2 -162.3
17:10:20.187 0.0 0.0 -12.7 741.3 -167.6
17:10:20.234 0.0 0.0 -13.0 740.6 -170.6
17:10:20.281 0.0 0.0 -13.2 739.9 -173.7
17:10:20.328 0.0 0.0 -13.4 739.2 -176.6
17:10:20.359 0.0 0.0 -13.7 748.2 -182.0
17:10:20.406 0.0 0.0 -13.9 747.4 -185.2
17:10:20.500 0.0 0.0 -14.4 784.6 -201.1
17:10:20.546 0.0 0.0 -14.6 948.3 -247.2
17:10:20.578 0.0 0.0 -14.6 948.3 -247.2
