Тестовая информация 0. Исходные сенсорные данные: Time, X_rob, Y_rob, Ang_rob, X_obj, Y_obj (мм, град)
17:11:31.031 0.0 0.0 11.0 1158.5 224.3
17:11:31.078 0.0 0.0 10.7 1129.9 214.0
17:11:31.125 0.0 0.0 10.7 1129.9 214.0
17:11:31.171 0.0 0.0 10.5 914.5 169.2
17:11:31.203 0.0 0.0 10.2 905.3 163.7
17:11:31.250 0.0 0.0 10.0 906.0 160.0
17:11:31.296 0.0 0.0 9.8 798.2 137.5
17:11:31.328 0.0 0.0 9.6 779.0 131.1
17:11:31.375 0.0 0.0 9.3 779.6 127.9
17:11:31.421 0.0 0.0 9.1 780.1 124.8
17:11:31.468 0.0 0.0 8.9 770.7 120.1
17:11:31.500 0.0 0.0 8.9 770.7 120.1
17:11:31.546 0.0 0.0 8.6 741.5 112.4
17:11:31.593 0.0 0.0 8.4 742.0 109.3
17:11:31.640 0.0 0.0 8.2 742.4 106.4
17:11:31.687 0.0 0.0 7.9 732.9 101.9
17:11:31.718 0.0 0.0 7.7 713.5 96.2
17:11:31.765 0.0 0.0 7.4 713.9 93.3
17:11:31.812 0.0 0.0 7.2 704.4 89.1
17:11:31.859 0.0 0.0 7.0 694.8 85.0
17:11:31.890 0.0 0.0 6.7 695.2 82.2
17:11:31.937 0.0 0.0 6.7 685.2 81.0
17:11:31.984 0.0 0.0 6.5 685.5 78.3
17:11:32.031 0.0 0.0 6.3 685.9 75.5
17:11:32.078 0.0 0.0 6.1 666.3 70.7
17:11:32.125 0.0 0.0 5.8 656.6 66.6
17:11:32.156 0.0 0.0 5.6 656.9 64.2
17:11:32.203 0.0 0.0 5.3 647.2 60.5
17:11:32.250 0.0 0.0 5.1 647.4 58.0
17:11:32.281 0.0 0.0 4.9 647.7 55.2
17:11:32.328 0.0 0.0 4.6 637.9 51.8
17:11:32.375 0.0 0.0 4.4 628.1 48.4
17:11:32.421 0.0 0.0 4.2 628.3 45.8
17:11:32.453 0.0 0.0 4.2 618.4 45.0
17:11:32.500 0.0 0.0 3.9 618.5 42.5
17:11:32.546 0.0 0.0 3.7 628.7 40.7
17:11:32.593 0.0 0.0 3.5 628.9 38.0
17:11:32.625 0.0 0.0 3.2 629.0 35.6
17:11:32.671 0.0 0.0 3.0 629.1 33.1
17:11:32.718 0.0 0.0 2.8 629.3 30.5
17:11:32.765 0.0 0.0 2.5 629.4 27.9
17:11:32.796 0.0 0.0 2.5 629.4 27.9
17:11:32.843 0.0 0.0 2.3 639.5 25.8
17:11:32.890 0.0 0.0 2.1 639.6 23.1
17:11:32.937 0.0 0.0 1.8 639.7 20.5
17:11:32.984 0.0 0.0 1.6 639.7 17.9
17:11:33.015 0.0 0.0 1.3 639.8 14.7
17:11:33.062 0.0 0.0 1.0 639.9 11.7
17:11:33.109 0.0 0.0 1.0 639.9 11.7
17:11:33.140 0.0 0.0 0.8 639.9 9.3
17:11:33.187 0.0 0.0 0.6 640.0 6.6
17:11:33.234 0.0 0.0 0.4 640.0 3.9
17:11:33.265 0.0 0.0 0.1 640.0 1.3
17:11:33.312 0.0 0.0 -0.1 650.0 -1.2
17:11:33.359 0.0 0.0 -0.3 650.0 -4.0
17:11:33.406 0.0 0.0 -0.6 650.0 -6.7
17:11:33.437 0.0 0.0 -0.8 649.9 -9.3
17:11:33.484 0.0 0.0 -1.1 649.9 -12.0
17:11:33.531 0.0 0.0 -1.1 649.9 -12.0
17:11:33.578 0.0 0.0 -1.3 649.8 -14.6
17:11:33.625 0.0 0.0 -1.5 649.8 -17.2
17:11:33.656 0.0 0.0 -1.7 649.7 -19.8
17:11:33.703 0.0 0.0 -2.0 649.6 -22.5
17:11:33.750 0.0 0.0 -2.2 649.5 -25.2
17:11:33.796 0.0 0.0 -2.5 649.4 -27.9
17:11:33.828 0.0 0.0 -2.7 659.3 -30.9
17:11:33.875 0.0 0.0 -2.9 659.1 -33.6
17:11:33.921 0.0 0.0 -3.2 659.0 -36.3
17:11:33.968 0.0 0.0 -3.2 659.0 -36.3
17:11:34.015 0.0 0.0 -3.4 658.8 -39.0
17:11:34.062 0.0 0.0 -3.6 658.7 -41.8
17:11:34.093 0.0 0.0 -3.9 668.5 -45.2
17:11:34.140 0.0 0.0 -4.1 668.3 -47.9
17:11:34.187 0.0 0.0 -4.3 668.1 -50.5
17:11:34.234 0.0 0.0 -4.6 667.9 -53.3
17:11:34.281 0.0 0.0 -4.8 667.7 -56.0
17:11:34.312 0.0 0.0 -5.0 667.4 -58.7
17:11:34.359 0.0 0.0 -5.3 677.1 -62.5
17:11:34.406 0.0 0.0 -5.5 676.9 -65.3
17:11:34.437 0.0 0.0 -5.5 676.9 -65.3
17:11:34.484 0.0 0.0 -5.7 676.6 -67.9
17:11:34.531 0.0 0.0 -6.0 676.3 -70.6
17:11:34.578 0.0 0.0 -6.2 676.0 -73.5
17:11:34.609 0.0 0.0 -6.5 685.5 -78.6
17:11:34.656 0.0 0.0 -6.7 685.2 -81.0
17:11:34.703 0.0 0.0 -7.0 684.9 -83.8
17:11:34.750 0.0 0.0 -7.0 684.9 -83.8
17:11:34.796 0.0 0.0 -7.2 684.5 -86.7
17:11:34.828 0.0 0.0 -7.4 684.2 -89.3
17:11:34.875 0.0 0.0 -7.7 693.7 -93.5
17:11:34.906 0.0 0.0 -7.9 693.3 -96.4
17:11:34.953 0.0 0.0 -8.1 692.9 -99.2
17:11:35.000 0.0 0.0 -8.4 692.5 -102.0
17:11:35.046 0.0 0.0 -8.6 702.0 -106.4
17:11:35.093 0.0 0.0 -8.9 701.5 -109.3
17:11:35.125 0.0 0.0 -8.9 701.5 -109.3
17:11:35.171 0.0 0.0 -9.1 701.1 -112.1
17:11:35.218 0.0 0.0 -9.3 700.6 -114.9
17:11:35.265 0.0 0.0 -9.6 710.0 -119.5
17:11:35.296 0.0 0.0 -9.8 709.5 -122.4
17:11:35.343 0.0 0.0 -10.0 709.0 -125.2
17:11:35.390 0.0 0.0 -10.2 708.5 -128.1
17:11:35.437 0.0 0.0 -10.5 717.8 -132.8
17:11:35.468 0.0 0.0 -10.7 717.3 -135.7
17:11:35.515 0.0 0.0 -11.0 716.7 -138.7
17:11:35.562 0.0 0.0 -11.0 716.7 -138.7
17:11:35.609 0.0 0.0 -11.2 716.1 -141.8
17:11:35.656 0.0 0.0 -11.4 725.3 -146.6
17:11:35.687 0.0 0.0 -11.6 734.6 -151.4
17:11:35.734 0.0 0.0 -11.9 733.9 -154.6
17:11:35.781 0.0 0.0 -12.1 733.3 -157.5
17:11:35.828 0.0 0.0 -12.4 732.6 -160.6
17:11:35.875 0.0 0.0 -12.6 732.0 -163.4
17:11:35.906 0.0 0.0 -12.8 731.3 -166.6
17:11:35.953 0.0 0.0 -13.1 740.4 -171.7
17:11:36.000 0.0 0.0 -13.3 739.6 -174.7
17:11:36.031 0.0 0.0 -13.3 749.4 -177.0
17:11:36.078 0.0 0.0 -13.5 748.6 -180.2
17:11:36.125 0.0 0.0 -13.8 747.9 -183.1
17:11:36.171 0.0 0.0 -14.0 786.0 -195.8
17:11:36.218 0.0 0.0 -14.2 920.8 -233.5
17:11:36.250 0.0 0.0 -14.5 919.9 -237.2
17:11:36.296 0.0 0.0 -14.7 1141.4 -299.5
